Bruker Nano GmbH Berlin, Germany
Esprit 1.9

Date: 6/2/2021 1:07:18 PM
Real time: 5000
Life time: 4724
Pulse density: 80938


Detector type: XFlash 430
Window type: Custom type
Detector thickness: 0.45
Si dead layer:0.029

Calibration, lin.: 10
Calibration, abs.: -955.9
Mn FWHM: 137.05
Fano factor: 0.121
Channels: 4096

Energy Counts
-0.9559     0
-0.9459     0
-0.9359     0
-0.9259     0
-0.9159     0
-0.9059     0
-0.8959     0
-0.8859     0
-0.8759     0
-0.8659     0
-0.8559     0
-0.8459     0
-0.8359     0
-0.8259     0
-0.8159     0
-0.8059     0
-0.7959     0
-0.7859     0
-0.7759     0
-0.7659     0
-0.7559     0
-0.7459     0
-0.7359     0
-0.7259     0
-0.7159     0
-0.7059     0
-0.6959     0
-0.6859     0
-0.6759     0
-0.6659     0
-0.6559     0
-0.6459     0
-0.6359     0
-0.6259     0
-0.6159     0
-0.6059     0
-0.5959     0
-0.5859     0
-0.5759     0
-0.5659     0
-0.5559     0
-0.5459     0
-0.5359     0
-0.5259     0
-0.5159     0
-0.5059     0
-0.4959     0
-0.4859     0
-0.4759     0
-0.4659     0
-0.4559     0
-0.4459     0
-0.4359     0
-0.4259     0
-0.4159     0
-0.4059     0
-0.3959     0
-0.3859     0
-0.3759     0
-0.3659     0
-0.3559     0
-0.3459     0
-0.3359     0
-0.3259     0
-0.3159     0
-0.3059     0
-0.2959     0
-0.2859     0
-0.2759     0
-0.2659     0
-0.2559     0
-0.2459     0
-0.2359     0
-0.2259     0
-0.2159     0
-0.2059     0
-0.1959     0
-0.1859     0
-0.1759     0
-0.1659     0
-0.1559     0
-0.1459     0
-0.1359     0
-0.1259     0
-0.1159     2
-0.1059     5
-0.0959    14
-0.0859    50
-0.0759   210
-0.0659   559
-0.0559  1358
-0.0459  2937
-0.0359  5662
-0.0259  9027
-0.0159 12369
-0.0059 14525
 0.0041 14620
 0.0141 12610
 0.0241  9104
 0.0341  5869
 0.0441  3140
 0.0541  1400
 0.0641   551
 0.0741   219
 0.0841    60
 0.0941    13
 0.1041     8
 0.1141     6
 0.1241     1
 0.1341     0
 0.1441     1
 0.1541     1
 0.1641     1
 0.1741     0
 0.1841    45
 0.1941    68
 0.2041    69
 0.2141    71
 0.2241    70
 0.2341    68
 0.2441    67
 0.2541    64
 0.2641    77
 0.2741    79
 0.2841    74
 0.2941    71
 0.3041    71
 0.3141    61
 0.3241    77
 0.3341    70
 0.3441    62
 0.3541    52
 0.3641    65
 0.3741    67
 0.3841    62
 0.3941    63
 0.4041    67
 0.4141    67
 0.4241    82
 0.4341    65
 0.4441    74
 0.4541    80
 0.4641    62
 0.4741    65
 0.4841    68
 0.4941    66
 0.5041    66
 0.5141    59
 0.5241    59
 0.5341    57
 0.5441    59
 0.5541    58
 0.5641    62
 0.5741    63
 0.5841    60
 0.5941    62
 0.6041    64
 0.6141    62
 0.6241    56
 0.6341    53
 0.6441    52
 0.6541    63
 0.6641    65
 0.6741    63
 0.6841    69
 0.6941    56
 0.7041    57
 0.7141    66
 0.7241    53
 0.7341    56
 0.7441    58
 0.7541    59
 0.7641    51
 0.7741    43
 0.7841    51
 0.7941    51
 0.8041    51
 0.8141    52
 0.8241    53
 0.8341    50
 0.8441    48
 0.8541    46
 0.8641    56
 0.8741    53
 0.8841    54
 0.8941    59
 0.9041    52
 0.9141    56
 0.9241    48
 0.9341    44
 0.9441    45
 0.9541    48
 0.9641    48
 0.9741    52
 0.9841    47
 0.9941    59
 1.0041    46
 1.0141    47
 1.0241    62
 1.0341    51
 1.0441    53
 1.0541    66
 1.0641    51
 1.0741    43
 1.0841    50
 1.0941    48
 1.1041    44
 1.1141    58
 1.1241    56
 1.1341    50
 1.1441    40
 1.1541    50
 1.1641    52
 1.1741    54
 1.1841    48
 1.1941    43
 1.2041    45
 1.2141    45
 1.2241    38
 1.2341    38
 1.2441    42
 1.2541    41
 1.2641    53
 1.2741    48
 1.2841    52
 1.2941    53
 1.3041    39
 1.3141    43
 1.3241    51
 1.3341    44
 1.3441    42
 1.3541    39
 1.3641    46
 1.3741    52
 1.3841    50
 1.3941    43
 1.4041    44
 1.4141    42
 1.4241    41
 1.4341    44
 1.4441    35
 1.4541    36
 1.4641    43
 1.4741    40
 1.4841    42
 1.4941    33
 1.5041    41
 1.5141    55
 1.5241    44
 1.5341    46
 1.5441    48
 1.5541    45
 1.5641    37
 1.5741    47
 1.5841    52
 1.5941    43
 1.6041    43
 1.6141    38
 1.6241    43
 1.6341    44
 1.6441    46
 1.6541    70
 1.6641    60
 1.6741    65
 1.6841    96
 1.6941   115
 1.7041   146
 1.7141   153
 1.7241   177
 1.7341   169
 1.7441   172
 1.7541   164
 1.7641   142
 1.7741   138
 1.7841   111
 1.7941    78
 1.8041    63
 1.8141    77
 1.8241    63
 1.8341    60
 1.8441    52
 1.8541    47
 1.8641    45
 1.8741    64
 1.8841    44
 1.8941    48
 1.9041    49
 1.9141    37
 1.9241    53
 1.9341    48
 1.9441    47
 1.9541    63
 1.9641    64
 1.9741    48
 1.9841    57
 1.9941    50
 2.0041    60
 2.0141    62
 2.0241    52
 2.0341    56
 2.0441    47
 2.0541    42
 2.0641    26
 2.0741    41
 2.0841    46
 2.0941    41
 2.1041    35
 2.1141    39
 2.1241    38
 2.1341    46
 2.1441    56
 2.1541    30
 2.1641    38
 2.1741    49
 2.1841    31
 2.1941    34
 2.2041    39
 2.2141    45
 2.2241    35
 2.2341    49
 2.2441    44
 2.2541    34
 2.2641    40
 2.2741    42
 2.2841    35
 2.2941    33
 2.3041    35
 2.3141    42
 2.3241    29
 2.3341    38
 2.3441    44
 2.3541    45
 2.3641    32
 2.3741    40
 2.3841    43
 2.3941    37
 2.4041    49
 2.4141    28
 2.4241    37
 2.4341    30
 2.4441    31
 2.4541    23
 2.4641    39
 2.4741    34
 2.4841    38
 2.4941    41
 2.5041    44
 2.5141    48
 2.5241    31
 2.5341    29
 2.5441    31
 2.5541    42
 2.5641    41
 2.5741    34
 2.5841    22
 2.5941    39
 2.6041    26
 2.6141    36
 2.6241    36
 2.6341    42
 2.6441    40
 2.6541    29
 2.6641    33
 2.6741    38
 2.6841    28
 2.6941    25
 2.7041    27
 2.7141    33
 2.7241    29
 2.7341    28
 2.7441    33
 2.7541    32
 2.7641    35
 2.7741    33
 2.7841    45
 2.7941    27
 2.8041    36
 2.8141    35
 2.8241    42
 2.8341    31
 2.8441    27
 2.8541    33
 2.8641    26
 2.8741    30
 2.8841    31
 2.8941    27
 2.9041    29
 2.9141    32
 2.9241    34
 2.9341    24
 2.9441    41
 2.9541    34
 2.9641    33
 2.9741    39
 2.9841    27
 2.9941    32
 3.0041    31
 3.0141    24
 3.0241    29
 3.0341    36
 3.0441    26
 3.0541    31
 3.0641    25
 3.0741    30
 3.0841    33
 3.0941    27
 3.1041    28
 3.1141    38
 3.1241    32
 3.1341    25
 3.1441    25
 3.1541    33
 3.1641    29
 3.1741    23
 3.1841    16
 3.1941    24
 3.2041    29
 3.2141    20
 3.2241    36
 3.2341    32
 3.2441    36
 3.2541    40
 3.2641    40
 3.2741    48
 3.2841    35
 3.2941    38
 3.3041    49
 3.3141    55
 3.3241    56
 3.3341    54
 3.3441    39
 3.3541    31
 3.3641    39
 3.3741    27
 3.3841    32
 3.3941    31
 3.4041    27
 3.4141    29
 3.4241    28
 3.4341    27
 3.4441    26
 3.4541    33
 3.4641    32
 3.4741    32
 3.4841    45
 3.4941    39
 3.5041    37
 3.5141    40
 3.5241    36
 3.5341    45
 3.5441    72
 3.5541    87
 3.5641   107
 3.5741   159
 3.5841   225
 3.5941   298
 3.6041   464
 3.6141   615
 3.6241   830
 3.6341  1014
 3.6441  1317
 3.6541  1510
 3.6641  1637
 3.6741  1854
 3.6841  1914
 3.6941  1894
 3.7041  1828
 3.7141  1671
 3.7241  1505
 3.7341  1219
 3.7441   992
 3.7541   762
 3.7641   607
 3.7741   397
 3.7841   284
 3.7941   212
 3.8041   117
 3.8141    93
 3.8241    64
 3.8341    54
 3.8441    43
 3.8541    43
 3.8641    43
 3.8741    42
 3.8841    49
 3.8941    67
 3.9041    83
 3.9141   111
 3.9241   130
 3.9341   134
 3.9441   189
 3.9541   242
 3.9641   290
 3.9741   308
 3.9841   357
 3.9941   376
 4.0041   380
 4.0141   364
 4.0241   392
 4.0341   365
 4.0441   314
 4.0541   276
 4.0641   238
 4.0741   187
 4.0841   168
 4.0941    98
 4.1041    79
 4.1141    67
 4.1241    45
 4.1341    35
 4.1441    39
 4.1541    22
 4.1641    27
 4.1741    17
 4.1841    18
 4.1941    25
 4.2041    19
 4.2141    13
 4.2241    13
 4.2341    23
 4.2441    33
 4.2541    17
 4.2641    20
 4.2741    23
 4.2841    19
 4.2941    24
 4.3041    26
 4.3141    13
 4.3241    19
 4.3341    25
 4.3441    19
 4.3541    20
 4.3641    16
 4.3741    20
 4.3841    18
 4.3941    22
 4.4041    20
 4.4141    23
 4.4241    22
 4.4341    27
 4.4441    39
 4.4541    27
 4.4641    35
 4.4741    49
 4.4841    36
 4.4941    41
 4.5041    45
 4.5141    40
 4.5241    39
 4.5341    50
 4.5441    36
 4.5541    30
 4.5641    30
 4.5741    35
 4.5841    29
 4.5941    31
 4.6041    27
 4.6141    22
 4.6241    21
 4.6341    24
 4.6441    22
 4.6541    20
 4.6641    18
 4.6741    23
 4.6841    23
 4.6941    14
 4.7041    14
 4.7141    22
 4.7241    23
 4.7341    18
 4.7441    27
 4.7541    16
 4.7641    12
 4.7741    19
 4.7841    17
 4.7941    24
 4.8041    21
 4.8141    22
 4.8241    22
 4.8341    13
 4.8441    18
 4.8541    27
 4.8641    19
 4.8741    24
 4.8841    18
 4.8941    24
 4.9041    26
 4.9141    30
 4.9241    27
 4.9341    37
 4.9441    25
 4.9541    18
 4.9641    28
 4.9741    29
 4.9841    22
 4.9941    21
 5.0041    16
 5.0141    20
 5.0241    12
 5.0341    15
 5.0441    20
 5.0541    18
 5.0641    25
 5.0741    28
 5.0841    21
 5.0941    16
 5.1041    20
 5.1141    20
 5.1241    14
 5.1341    19
 5.1441    26
 5.1541    19
 5.1641    14
 5.1741    17
 5.1841    12
 5.1941    19
 5.2041    22
 5.2141    21
 5.2241    26
 5.2341    11
 5.2441    19
 5.2541    19
 5.2641    10
 5.2741    21
 5.2841    26
 5.2941    25
 5.3041    18
 5.3141    25
 5.3241    22
 5.3341    24
 5.3441    26
 5.3541    28
 5.3641    27
 5.3741    29
 5.3841    36
 5.3941    30
 5.4041    36
 5.4141    23
 5.4241    33
 5.4341    27
 5.4441    33
 5.4541    27
 5.4641    25
 5.4741    24
 5.4841    31
 5.4941    25
 5.5041    25
 5.5141    17
 5.5241    19
 5.5341    29
 5.5441    19
 5.5541    20
 5.5641    26
 5.5741    21
 5.5841    25
 5.5941    27
 5.6041    25
 5.6141    19
 5.6241    11
 5.6341    19
 5.6441    23
 5.6541    18
 5.6641    22
 5.6741    16
 5.6841    23
 5.6941    25
 5.7041    30
 5.7141    23
 5.7241    21
 5.7341    18
 5.7441    30
 5.7541    28
 5.7641    30
 5.7741    34
 5.7841    31
 5.7941    37
 5.8041    38
 5.8141    44
 5.8241    52
 5.8341    63
 5.8441    53
 5.8541    80
 5.8641    67
 5.8741    82
 5.8841    70
 5.8941    68
 5.9041    80
 5.9141    65
 5.9241    73
 5.9341    57
 5.9441    62
 5.9541    40
 5.9641    58
 5.9741    48
 5.9841    40
 5.9941    39
 6.0041    33
 6.0141    33
 6.0241    31
 6.0341    28
 6.0441    35
 6.0541    16
 6.0641    30
 6.0741    30
 6.0841    24
 6.0941    30
 6.1041    24
 6.1141    35
 6.1241    33
 6.1341    32
 6.1441    34
 6.1541    33
 6.1641    21
 6.1741    37
 6.1841    31
 6.1941    35
 6.2041    51
 6.2141    72
 6.2241    68
 6.2341   106
 6.2441   147
 6.2541   180
 6.2641   248
 6.2741   332
 6.2841   450
 6.2941   565
 6.3041   704
 6.3141   912
 6.3241  1106
 6.3341  1303
 6.3441  1502
 6.3541  1726
 6.3641  1891
 6.3741  2093
 6.3841  2090
 6.3941  2149
 6.4041  2145
 6.4141  2116
 6.4241  1946
 6.4341  1801
 6.4441  1617
 6.4541  1352
 6.4641  1095
 6.4741   953
 6.4841   749
 6.4941   585
 6.5041   460
 6.5141   316
 6.5241   236
 6.5341   186
 6.5441   144
 6.5541    99
 6.5641    53
 6.5741    58
 6.5841    65
 6.5941    41
 6.6041    45
 6.6141    32
 6.6241    25
 6.6341    38
 6.6441    33
 6.6541    34
 6.6641    35
 6.6741    26
 6.6841    36
 6.6941    25
 6.7041    35
 6.7141    32
 6.7241    33
 6.7341    22
 6.7441    36
 6.7541    28
 6.7641    38
 6.7741    38
 6.7841    44
 6.7941    31
 6.8041    43
 6.8141    40
 6.8241    36
 6.8341    38
 6.8441    40
 6.8541    51
 6.8641    48
 6.8741    38
 6.8841    53
 6.8941    56
 6.9041    73
 6.9141    80
 6.9241    91
 6.9341   118
 6.9441   123
 6.9541   153
 6.9641   194
 6.9741   211
 6.9841   250
 6.9941   265
 7.0041   313
 7.0141   367
 7.0241   352
 7.0341   408
 7.0441   362
 7.0541   396
 7.0641   388
 7.0741   365
 7.0841   341
 7.0941   327
 7.1041   290
 7.1141   265
 7.1241   235
 7.1341   208
 7.1441   169
 7.1541   154
 7.1641   114
 7.1741    87
 7.1841    74
 7.1941    88
 7.2041    62
 7.2141    52
 7.2241    50
 7.2341    45
 7.2441    57
 7.2541    53
 7.2641    55
 7.2741    59
 7.2841    54
 7.2941    56
 7.3041    63
 7.3141    61
 7.3241    66
 7.3341    64
 7.3441    61
 7.3541    67
 7.3641    66
 7.3741    77
 7.3841    61
 7.3941    88
 7.4041    89
 7.4141    84
 7.4241    78
 7.4341    65
 7.4441    75
 7.4541    78
 7.4641    88
 7.4741    74
 7.4841    82
 7.4941    63
 7.5041    72
 7.5141    66
 7.5241    68
 7.5341    59
 7.5441    60
 7.5541    55
 7.5641    41
 7.5741    53
 7.5841    51
 7.5941    53
 7.6041    53
 7.6141    50
 7.6241    52
 7.6341    68
 7.6441    55
 7.6541    55
 7.6641    63
 7.6741    49
 7.6841    50
 7.6941    46
 7.7041    55
 7.7141    45
 7.7241    46
 7.7341    43
 7.7441    60
 7.7541    64
 7.7641    61
 7.7741    65
 7.7841    57
 7.7941    58
 7.8041    46
 7.8141    60
 7.8241    72
 7.8341    72
 7.8441    64
 7.8541    63
 7.8641    69
 7.8741    81
 7.8841    71
 7.8941    88
 7.9041    67
 7.9141    80
 7.9241    88
 7.9341    97
 7.9441    90
 7.9541   101
 7.9641    91
 7.9741   112
 7.9841   139
 7.9941   140
 8.0041   157
 8.0141   164
 8.0241   175
 8.0341   174
 8.0441   212
 8.0541   214
 8.0641   230
 8.0741   222
 8.0841   231
 8.0941   241
 8.1041   225
 8.1141   269
 8.1241   282
 8.1341   301
 8.1441   310
 8.1541   323
 8.1641   323
 8.1741   329
 8.1841   321
 8.1941   325
 8.2041   327
 8.2141   330
 8.2241   308
 8.2341   322
 8.2441   339
 8.2541   364
 8.2641   358
 8.2741   440
 8.2841   432
 8.2941   401
 8.3041   468
 8.3141   509
 8.3241   544
 8.3341   569
 8.3441   666
 8.3541   726
 8.3641   750
 8.3741   815
 8.3841   758
 8.3941   765
 8.4041   694
 8.4141   653
 8.4241   628
 8.4341   575
 8.4441   554
 8.4541   516
 8.4641   417
 8.4741   352
 8.4841   336
 8.4941   280
 8.5041   225
 8.5141   210
 8.5241   166
 8.5341   147
 8.5441   127
 8.5541   118
 8.5641    94
 8.5741    81
 8.5841    83
 8.5941    80
 8.6041    77
 8.6141    89
 8.6241    80
 8.6341    87
 8.6441    79
 8.6541    75
 8.6641    78
 8.6741    78
 8.6841    89
 8.6941    74
 8.7041    78
 8.7141    83
 8.7241    78
 8.7341    81
 8.7441    73
 8.7541    74
 8.7641    78
 8.7741    68
 8.7841    80
 8.7941    79
 8.8041    82
 8.8141    68
 8.8241    78
 8.8341    77
 8.8441    72
 8.8541    66
 8.8641    68
 8.8741    65
 8.8841    59
 8.8941    63
 8.9041    78
 8.9141    71
 8.9241    96
 8.9341    76
 8.9441    73
 8.9541    79
 8.9641    75
 8.9741    79
 8.9841    82
 8.9941    75
 9.0041    94
 9.0141    82
 9.0241    98
 9.0341   103
 9.0441    88
 9.0541    97
 9.0641   103
 9.0741    87
 9.0841    86
 9.0941   106
 9.1041   117
 9.1141   131
 9.1241   128
 9.1341   126
 9.1441   129
 9.1541   139
 9.1641   160
 9.1741   141
 9.1841   152
 9.1941   169
 9.2041   184
 9.2141   166
 9.2241   198
 9.2341   193
 9.2441   216
 9.2541   218
 9.2641   233
 9.2741   261
 9.2841   254
 9.2941   234
 9.3041   248
 9.3141   243
 9.3241   267
 9.3341   278
 9.3441   288
 9.3541   294
 9.3641   322
 9.3741   282
 9.3841   293
 9.3941   304
 9.4041   338
 9.4141   352
 9.4241   328
 9.4341   334
 9.4441   341
 9.4541   346
 9.4641   363
 9.4741   355
 9.4841   359
 9.4941   349
 9.5041   328
 9.5141   371
 9.5241   403
 9.5341   402
 9.5441   425
 9.5541   428
 9.5641   494
 9.5741   495
 9.5841   530
 9.5941   523
 9.6041   588
 9.6141   560
 9.6241   580
 9.6341   639
 9.6441   659
 9.6541   686
 9.6641   642
 9.6741   623
 9.6841   618
 9.6941   601
 9.7041   593
 9.7141   563
 9.7241   531
 9.7341   483
 9.7441   452
 9.7541   434
 9.7641   399
 9.7741   372
 9.7841   328
 9.7941   300
 9.8041   298
 9.8141   296
 9.8241   256
 9.8341   272
 9.8441   261
 9.8541   271
 9.8641   274
 9.8741   269
 9.8841   304
 9.8941   279
 9.9041   316
 9.9141   305
 9.9241   294
 9.9341   301
 9.9441   321
 9.9541   296
 9.9641   281
 9.9741   285
 9.9841   266
 9.9941   253
10.0041   250
10.0141   229
10.0241   210
10.0341   180
10.0441   182
10.0541   147
10.0641   149
10.0741   125
10.0841   112
10.0941    99
10.1041    96
10.1141    91
10.1241    81
10.1341    67
10.1441    65
10.1541    51
10.1641    53
10.1741    52
10.1841    64
10.1941    60
10.2041    56
10.2141    49
10.2241    48
10.2341    39
10.2441    43
10.2541    46
10.2641    47
10.2741    57
10.2841    54
10.2941    54
10.3041    56
10.3141    47
10.3241    46
10.3341    38
10.3441    40
10.3541    35
10.3641    42
10.3741    46
10.3841    43
10.3941    38
10.4041    42
10.4141    39
10.4241    52
10.4341    51
10.4441    44
10.4541    52
10.4641    42
10.4741    46
10.4841    46
10.4941    43
10.5041    36
10.5141    36
10.5241    36
10.5341    46
10.5441    46
10.5541    40
10.5641    42
10.5741    38
10.5841    44
10.5941    43
10.6041    38
10.6141    44
10.6241    47
10.6341    49
10.6441    54
10.6541    53
10.6641    53
10.6741    47
10.6841    44
10.6941    43
10.7041    44
10.7141    52
10.7241    58
10.7341    62
10.7441    61
10.7541    65
10.7641    64
10.7741    62
10.7841    64
10.7941    64
10.8041    56
10.8141    65
10.8241    77
10.8341    78
10.8441    60
10.8541    68
10.8641    69
10.8741    66
10.8841    71
10.8941    77
10.9041    79
10.9141    73
10.9241    70
10.9341    66
10.9441    67
10.9541    69
10.9641    69
10.9741    72
10.9841    70
10.9941    63
11.0041    62
11.0141    54
11.0241    67
11.0341    72
11.0441    68
11.0541    57
11.0641    59
11.0741    55
11.0841    61
11.0941    54
11.1041    63
11.1141    73
11.1241    64
11.1341    69
11.1441    88
11.1541    71
11.1641    69
11.1741    75
11.1841    76
11.1941    84
11.2041    77
11.2141    74
11.2241    89
11.2341    87
11.2441    84
11.2541    87
11.2641    92
11.2741   102
11.2841   112
11.2941   103
11.3041    95
11.3141    93
11.3241    94
11.3341    88
11.3441    86
11.3541    83
11.3641    78
11.3741    73
11.3841    75
11.3941    67
11.4041    62
11.4141    65
11.4241    61
11.4341    62
11.4441    47
11.4541    48
11.4641    49
11.4741    63
11.4841    65
11.4941    54
11.5041    46
11.5141    46
11.5241    48
11.5341    46
11.5441    48
11.5541    50
11.5641    45
11.5741    46
11.5841    50
11.5941    56
11.6041    50
11.6141    53
11.6241    51
11.6341    47
11.6441    59
11.6541    60
11.6641    61
11.6741    54
11.6841    52
11.6941    52
11.7041    49
11.7141    44
11.7241    42
11.7341    48
11.7441    44
11.7541    49
11.7641    42
11.7741    37
11.7841    37
11.7941    36
11.8041    38
11.8141    38
11.8241    41
11.8341    46
11.8441    50
11.8541    46
11.8641    42
11.8741    47
11.8841    41
11.8941    41
11.9041    44
11.9141    40
11.9241    46
11.9341    41
11.9441    35
11.9541    39
11.9641    42
11.9741    43
11.9841    45
11.9941    45
12.0041    48
12.0141    52
12.0241    43
12.0341    47
12.0441    44
12.0541    34
12.0641    37
12.0741    42
12.0841    44
12.0941    40
12.1041    39
12.1141    41
12.1241    35
12.1341    36
12.1441    37
12.1541    26
12.1641    29
12.1741    37
12.1841    42
12.1941    36
12.2041    38
12.2141    40
12.2241    35
12.2341    33
12.2441    32
12.2541    40
12.2641    35
12.2741    29
12.2841    35
12.2941    35
12.3041    31
12.3141    38
12.3241    42
12.3341    35
12.3441    34
12.3541    36
12.3641    31
12.3741    37
12.3841    39
12.3941    40
12.4041    38
12.4141    36
12.4241    34
12.4341    29
12.4441    33
12.4541    34
12.4641    34
12.4741    36
12.4841    40
12.4941    44
12.5041    50
12.5141    37
12.5241    32
12.5341    37
12.5441    39
12.5541    45
12.5641    48
12.5741    40
12.5841    37
12.5941    36
12.6041    35
12.6141    37
12.6241    38
12.6341    39
12.6441    40
12.6541    45
12.6641    42
12.6741    38
12.6841    37
12.6941    40
12.7041    44
12.7141    35
12.7241    34
12.7341    31
12.7441    33
12.7541    42
12.7641    43
12.7741    41
12.7841    39
12.7941    38
12.8041    41
12.8141    41
12.8241    48
12.8341    56
12.8441    42
12.8541    42
12.8641    44
12.8741    53
12.8841    58
12.8941    45
12.9041    43
12.9141    48
12.9241    47
12.9341    42
12.9441    40
12.9541    38
12.9641    42
12.9741    46
12.9841    45
12.9941    45
13.0041    38
13.0141    30
13.0241    44
13.0341    46
13.0441    43
13.0541    45
13.0641    42
13.0741    35
13.0841    37
13.0941    44
13.1041    43
13.1141    41
13.1241    44
13.1341    41
13.1441    43
13.1541    47
13.1641    43
13.1741    49
13.1841    47
13.1941    44
13.2041    45
13.2141    47
13.2241    53
13.2341    45
13.2441    42
13.2541    48
13.2641    53
13.2741    57
13.2841    52
13.2941    52
13.3041    55
13.3141    51
13.3241    46
13.3341    51
13.3441    56
13.3541    53
13.3641    55
13.3741    58
13.3841    66
13.3941    62
13.4041    56
13.4141    56
13.4241    52
13.4341    55
13.4441    53
13.4541    51
13.4641    50
13.4741    49
13.4841    56
13.4941    54
13.5041    56
13.5141    62
13.5241    57
13.5341    52
13.5441    49
13.5541    44
13.5641    48
13.5741    51
13.5841    48
13.5941    49
13.6041    53
13.6141    51
13.6241    44
13.6341    47
13.6441    47
13.6541    45
13.6641    46
13.6741    45
13.6841    43
13.6941    47
13.7041    47
13.7141    52
13.7241    58
13.7341    50
13.7441    44
13.7541    47
13.7641    49
13.7741    48
13.7841    51
13.7941    47
13.8041    48
13.8141    53
13.8241    52
13.8341    53
13.8441    50
13.8541    46
13.8641    50
13.8741    50
13.8841    48
13.8941    53
13.9041    56
13.9141    59
13.9241    62
13.9341    60
13.9441    56
13.9541    60
13.9641    60
13.9741    61
13.9841    74
13.9941    85
14.0041    84
14.0141    82
14.0241    95
14.0341   105
14.0441    98
14.0541    97
14.0641   112
14.0741   120
14.0841   118
14.0941   121
14.1041   138
14.1141   136
14.1241   121
14.1341   125
14.1441   144
14.1541   146
14.1641   131
14.1741   125
14.1841   134
14.1941   137
14.2041   135
14.2141   134
14.2241   115
14.2341    97
14.2441   104
14.2541   112
14.2641    96
14.2741    83
14.2841    86
14.2941    89
14.3041    86
14.3141    71
14.3241    61
14.3341    66
14.3441    57
14.3541    58
14.3641    67
14.3741    69
14.3841    71
14.3941    57
14.4041    49
14.4141    57
14.4241    58
14.4341    59
14.4441    62
14.4541    58
14.4641    61
14.4741    64
14.4841    58
14.4941    55
14.5041    60
14.5141    59
14.5241    58
14.5341    61
14.5441    50
14.5541    49
14.5641    58
14.5741    54
14.5841    48
14.5941    55
14.6041    54
14.6141    57
14.6241    53
14.6341    47
14.6441    51
14.6541    47
14.6641    53
14.6741    60
14.6841    61
14.6941    60
14.7041    60
14.7141    63
14.7241    64
14.7341    67
14.7441    64
14.7541    54
14.7641    53
14.7741    60
14.7841    67
14.7941    68
14.8041    68
14.8141    66
14.8241    63
14.8341    58
14.8441    56
14.8541    55
14.8641    55
14.8741    61
14.8841    66
14.8941    70
14.9041    72
14.9141    74
14.9241    69
14.9341    70
14.9441    68
14.9541    65
14.9641    69
14.9741    68
14.9841    65
14.9941    69
15.0041    77
15.0141    73
15.0241    57
15.0341    62
15.0441    64
15.0541    57
15.0641    58
15.0741    65
15.0841    61
15.0941    61
15.1041    60
15.1141    62
15.1241    62
15.1341    57
15.1441    62
15.1541    61
15.1641    64
15.1741    67
15.1841    61
15.1941    59
15.2041    66
15.2141    66
15.2241    62
15.2341    57
15.2441    70
15.2541    69
15.2641    62
15.2741    66
15.2841    68
15.2941    66
15.3041    73
15.3141    74
15.3241    65
15.3341    62
15.3441    69
15.3541    73
15.3641    68
15.3741    59
15.3841    62
15.3941    65
15.4041    68
15.4141    73
15.4241    71
15.4341    64
15.4441    68
15.4541    63
15.4641    70
15.4741    71
15.4841    75
15.4941    75
15.5041    74
15.5141    62
15.5241    72
15.5341    78
15.5441    81
15.5541    83
15.5641    76
15.5741    78
15.5841    79
15.5941    81
15.6041    84
15.6141    82
15.6241    88
15.6341    87
15.6441    81
15.6541    90
15.6641   107
15.6741   108
15.6841   101
15.6941   108
15.7041   111
15.7141   101
15.7241   109
15.7341   107
15.7441   110
15.7541   109
15.7641   107
15.7741   118
15.7841   110
15.7941   117
15.8041   126
15.8141   116
15.8241   110
15.8341   113
15.8441   120
15.8541   108
15.8641   101
15.8741   105
15.8841   103
15.8941    87
15.9041    92
15.9141    94
15.9241    88
15.9341    87
15.9441    82
15.9541    81
15.9641    76
15.9741    82
15.9841    70
15.9941    70
16.0041    82
16.0141    77
16.0241    66
16.0341    76
16.0441    84
16.0541    78
16.0641    73
16.0741    71
16.0841    70
16.0941    73
16.1041    79
16.1141    77
16.1241    74
16.1341    68
16.1441    79
16.1541    86
16.1641    77
16.1741    77
16.1841    80
16.1941    68
16.2041    73
16.2141    77
16.2241    61
16.2341    64
16.2441    81
16.2541    77
16.2641    75
16.2741    73
16.2841    83
16.2941    87
16.3041    91
16.3141    93
16.3241    76
16.3341    73
16.3441    74
16.3541    78
16.3641    79
16.3741    69
16.3841    71
16.3941    81
16.4041    72
16.4141    71
16.4241    85
16.4341    84
16.4441    70
16.4541    64
16.4641    64
16.4741    79
16.4841    84
16.4941    85
16.5041    86
16.5141    95
16.5241    89
16.5341    91
16.5441    89
16.5541    81
16.5641    75
16.5741    80
16.5841    81
16.5941    68
16.6041    64
16.6141    69
16.6241    68
16.6341    80
16.6441    84
16.6541    78
16.6641    85
16.6741    83
16.6841    92
16.6941    89
16.7041    85
16.7141    75
16.7241    78
16.7341    83
16.7441    86
16.7541    85
16.7641    80
16.7741    80
16.7841    92
16.7941    83
16.8041    83
16.8141    89
16.8241    84
16.8341    73
16.8441    76
16.8541    71
16.8641    76
16.8741    86
16.8841    98
16.8941    92
16.9041    83
16.9141    89
16.9241    86
16.9341    82
16.9441    92
16.9541    90
16.9641    81
16.9741    84
16.9841    94
16.9941    88
17.0041    81
17.0141    89
17.0241    94
17.0341    86
17.0441    83
17.0541    78
17.0641    80
17.0741    84
17.0841   100
17.0941    96
17.1041    90
17.1141    94
17.1241    88
17.1341   102
17.1441    97
17.1541    95
17.1641    94
17.1741    92
17.1841   102
17.1941    90
17.2041    95
17.2141   104
17.2241   100
17.2341    92
17.2441    81
17.2541    90
17.2641    85
17.2741    85
17.2841    87
17.2941    91
17.3041   101
17.3141    97
17.3241   104
17.3341    91
17.3441    82
17.3541    93
17.3641    97
17.3741   107
17.3841    98
17.3941    94
17.4041    94
17.4141   100
17.4241    93
17.4341    94
17.4441    95
17.4541    88
17.4641    87
17.4741    87
17.4841   115
17.4941   100
17.5041    95
17.5141    85
17.5241    83
17.5341    93
17.5441    90
17.5541    83
17.5641   105
17.5741   105
17.5841   107
17.5941   102
17.6041    85
17.6141    85
17.6241   108
17.6341   102
17.6441    98
17.6541    97
17.6641   101
17.6741   104
17.6841   102
17.6941    85
17.7041    88
17.7141   103
17.7241   113
17.7341   109
17.7441    93
17.7541   115
17.7641    96
17.7741    91
17.7841    89
17.7941    81
17.8041    91
17.8141   104
17.8241   114
17.8341    94
17.8441    89
17.8541    89
17.8641    96
17.8741   101
17.8841   110
17.8941   109
17.9041   106
17.9141   107
17.9241    94
17.9341    95
17.9441    84
17.9541   100
17.9641    98
17.9741   106
17.9841    94
17.9941   102
18.0041   111
18.0141   112
18.0241   108
18.0341    99
18.0441    99
18.0541   103
18.0641    96
18.0741    89
18.0841   103
18.0941   113
18.1041    96
18.1141   102
18.1241   103
18.1341    98
18.1441   105
18.1541   106
18.1641   101
18.1741   112
18.1841    81
18.1941    94
18.2041   108
18.2141    99
18.2241   108
18.2341   105
18.2441    96
18.2541    85
18.2641   104
18.2741   116
18.2841   108
18.2941   122
18.3041    96
18.3141   112
18.3241   107
18.3341   104
18.3441   101
18.3541   111
18.3641   102
18.3741   101
18.3841   109
18.3941   104
18.4041   120
18.4141   112
18.4241   105
18.4341    97
18.4441    92
18.4541   105
18.4641   119
18.4741   109
18.4841    93
18.4941    98
18.5041   109
18.5141   111
18.5241   104
18.5341   105
18.5441    93
18.5541   102
18.5641   103
18.5741   111
18.5841   108
18.5941   113
18.6041   111
18.6141   114
18.6241   130
18.6341   116
18.6441   107
18.6541    93
18.6641   102
18.6741    93
18.6841    99
18.6941   123
18.7041   112
18.7141   104
18.7241    99
18.7341   110
18.7441   107
18.7541   101
18.7641    99
18.7741    97
18.7841   105
18.7941   106
18.8041   103
18.8141   121
18.8241   122
18.8341   113
18.8441   100
18.8541   103
18.8641   113
18.8741   137
18.8841   113
18.8941   119
18.9041   124
18.9141   127
18.9241   100
18.9341   114
18.9441   113
18.9541   115
18.9641   118
18.9741   122
18.9841   111
18.9941   107
19.0041   119
19.0141   115
19.0241   111
19.0341   113
19.0441   108
19.0541   100
19.0641   115
19.0741   123
19.0841   114
19.0941   100
19.1041   109
19.1141   117
19.1241   110
19.1341   129
19.1441   114
19.1541    96
19.1641   114
19.1741   125
19.1841   112
19.1941   111
19.2041   115
19.2141   110
19.2241   132
19.2341   124
19.2441   132
19.2541   116
19.2641   110
19.2741   118
19.2841   125
19.2941   126
19.3041   109
19.3141   117
19.3241   113
19.3341   115
19.3441   124
19.3541   127
19.3641   109
19.3741    96
19.3841   102
19.3941   108
19.4041   116
19.4141   137
19.4241   110
19.4341   120
19.4441   105
19.4541    97
19.4641   106
19.4741   103
19.4841   123
19.4941   128
19.5041   117
19.5141   110
19.5241   105
19.5341    98
19.5441   119
19.5541   127
19.5641   115
19.5741   127
19.5841   121
19.5941   122
19.6041   118
19.6141   116
19.6241   111
19.6341   125
19.6441   121
19.6541   119
19.6641   109
19.6741   121
19.6841   131
19.6941   114
19.7041   129
19.7141   115
19.7241   107
19.7341   144
19.7441   133
19.7541   111
19.7641   113
19.7741   126
19.7841   112
19.7941   129
19.8041   111
19.8141   131
19.8241   124
19.8341   124
19.8441   134
19.8541   134
19.8641   121
19.8741   117
19.8841   111
19.8941   119
19.9041   120
19.9141   116
19.9241   122
19.9341   121
19.9441   105
19.9541   125
19.9641   132
19.9741   130
19.9841   139
19.9941   122
20.0041   129
20.0141   126
20.0241   124
20.0341   130
20.0441   126
20.0541   135
20.0641   125
20.0741   116
20.0841   118
20.0941   121
20.1041   126
20.1141   103
20.1241   117
20.1341   123
20.1441   118
20.1541   111
20.1641   131
20.1741   107
20.1841   127
20.1941   135
20.2041   136
20.2141   148
20.2241   131
20.2341   139
20.2441   127
20.2541   133
20.2641   141
20.2741   137
20.2841   122
20.2941   109
20.3041   134
20.3141   129
20.3241   115
20.3341   124
20.3441   137
20.3541   121
20.3641   119
20.3741   136
20.3841   123
20.3941   132
20.4041   128
20.4141   125
20.4241   127
20.4341   122
20.4441   134
20.4541   141
20.4641   131
20.4741   109
20.4841   124
20.4941   124
20.5041   126
20.5141   115
20.5241   136
20.5341   130
20.5441   119
20.5541   115
20.5641   126
20.5741   119
20.5841   128
20.5941   123
20.6041   138
20.6141   125
20.6241   142
20.6341   120
20.6441   136
20.6541   119
20.6641   105
20.6741   115
20.6841   122
20.6941   125
20.7041   126
20.7141   138
20.7241   129
20.7341   131
20.7441   120
20.7541   143
20.7641   127
20.7741   118
20.7841   128
20.7941   133
20.8041   139
20.8141   122
20.8241   146
20.8341   145
20.8441   157
20.8541   161
20.8641   136
20.8741   141
20.8841   145
20.8941   140
20.9041   139
20.9141   154
20.9241   141
20.9341   156
20.9441   171
20.9541   167
20.9641   161
20.9741   157
20.9841   168
20.9941   165
21.0041   192
21.0141   207
21.0241   185
21.0341   187
21.0441   175
21.0541   180
21.0641   215
21.0741   214
21.0841   195
21.0941   185
21.1041   213
21.1141   196
21.1241   203
21.1341   201
21.1441   181
21.1541   194
21.1641   218
21.1741   188
21.1841   184
21.1941   187
21.2041   205
21.2141   200
21.2241   189
21.2341   182
21.2441   188
21.2541   154
21.2641   175
21.2741   171
21.2841   137
21.2941   152
21.3041   153
21.3141   158
21.3241   156
21.3341   168
21.3441   139
21.3541   124
21.3641   131
21.3741   137
21.3841   122
21.3941   131
21.4041   137
21.4141   141
21.4241   134
21.4341   135
21.4441   134
21.4541   123
21.4641   141
21.4741   128
21.4841   134
21.4941   134
21.5041   142
21.5141   129
21.5241   125
21.5341   122
21.5441   137
21.5541   119
21.5641   115
21.5741   126
21.5841   132
21.5941   144
21.6041   145
21.6141   125
21.6241   143
21.6341   133
21.6441   138
21.6541   122
21.6641   135
21.6741   133
21.6841   135
21.6941   131
21.7041   152
21.7141   136
21.7241   124
21.7341   124
21.7441   130
21.7541   122
21.7641   131
21.7741   141
21.7841   138
21.7941   127
21.8041   136
21.8141   141
21.8241   137
21.8341   141
21.8441   108
21.8541   115
21.8641   140
21.8741   134
21.8841   122
21.8941   124
21.9041   130
21.9141   116
21.9241   111
21.9341   124
21.9441   132
21.9541   141
21.9641   133
21.9741   113
21.9841   131
21.9941   136
22.0041   130
22.0141   150
22.0241   141
22.0341   145
22.0441   132
22.0541   114
22.0641   124
22.0741   139
22.0841   118
22.0941   111
22.1041   117
22.1141   142
22.1241   133
22.1341   148
22.1441   151
22.1541   138
22.1641   137
22.1741   128
22.1841   114
22.1941   133
22.2041   110
22.2141   146
22.2241   134
22.2341   144
22.2441   129
22.2541   120
22.2641   117
22.2741   126
22.2841   155
22.2941   136
22.3041   145
22.3141   113
22.3241   135
22.3341   158
22.3441   151
22.3541   135
22.3641   123
22.3741   141
22.3841   134
22.3941   147
22.4041   141
22.4141   144
22.4241   106
22.4341   131
22.4441   151
22.4541   124
22.4641   127
22.4741   129
22.4841   144
22.4941   121
22.5041   117
22.5141   132
22.5241   134
22.5341   129
22.5441   136
22.5541   118
22.5641   143
22.5741   136
22.5841   105
22.5941   133
22.6041   123
22.6141   127
22.6241   113
22.6341   141
22.6441   131
22.6541   136
22.6641   137
22.6741   125
22.6841   132
22.6941   131
22.7041   138
22.7141   120
22.7241   122
22.7341   141
22.7441   125
22.7541   128
22.7641   153
22.7741   131
22.7841   137
22.7941   144
22.8041   120
22.8141   113
22.8241   136
22.8341   146
22.8441   117
22.8541   131
22.8641   133
22.8741   152
22.8841   129
22.8941   134
22.9041   139
22.9141   140
22.9241   137
22.9341   141
22.9441   132
22.9541   122
22.9641   115
22.9741   123
22.9841   121
22.9941   108
23.0041   142
23.0141   106
23.0241   130
23.0341   128
23.0441   122
23.0541   131
23.0641   130
23.0741   116
23.0841   129
23.0941   138
23.1041   134
23.1141   121
23.1241   139
23.1341   120
23.1441   123
23.1541   126
23.1641   123
23.1741   113
23.1841   134
23.1941   110
23.2041   135
23.2141   118
23.2241   120
23.2341   115
23.2441   131
23.2541   127
23.2641   126
23.2741   123
23.2841   147
23.2941   139
23.3041   117
23.3141   139
23.3241   109
23.3341   121
23.3441   136
23.3541   131
23.3641   142
23.3741   117
23.3841   112
23.3941   135
23.4041   128
23.4141   146
23.4241   156
23.4341   138
23.4441   151
23.4541   119
23.4641   130
23.4741   110
23.4841   141
23.4941   146
23.5041   131
23.5141   126
23.5241   145
23.5341   134
23.5441   119
23.5541   127
23.5641   129
23.5741   111
23.5841   114
23.5941   136
23.6041   116
23.6141   117
23.6241   134
23.6341   124
23.6441   132
23.6541   137
23.6641   129
23.6741   151
23.6841   128
23.6941   143
23.7041   137
23.7141   133
23.7241   140
23.7341   124
23.7441   126
23.7541   123
23.7641   133
23.7741   142
23.7841   159
23.7941   150
23.8041   143
23.8141   133
23.8241   135
23.8341   133
23.8441   146
23.8541   113
23.8641   110
23.8741   125
23.8841   126
23.8941   124
23.9041   127
23.9141   137
23.9241   121
23.9341   128
23.9441   153
23.9541   139
23.9641   152
23.9741   116
23.9841   127
23.9941   140
24.0041   126
24.0141   127
24.0241   149
24.0341   120
24.0441   114
24.0541   130
24.0641   119
24.0741   130
24.0841   130
24.0941   138
24.1041   141
24.1141   113
24.1241   103
24.1341   138
24.1441   121
24.1541   129
24.1641   139
24.1741   165
24.1841   136
24.1941   130
24.2041   119
24.2141   136
24.2241   131
24.2341   134
24.2441   133
24.2541   133
24.2641   121
24.2741   138
24.2841   126
24.2941   143
24.3041   126
24.3141   127
24.3241   131
24.3341   128
24.3441   118
24.3541   127
24.3641   137
24.3741   127
24.3841   126
24.3941   116
24.4041   122
24.4141   110
24.4241   109
24.4341   120
24.4441   117
24.4541   119
24.4641   128
24.4741   133
24.4841   119
24.4941   132
24.5041   142
24.5141   117
24.5241   111
24.5341   109
24.5441   123
24.5541   119
24.5641   113
24.5741   119
24.5841   133
24.5941   126
24.6041   133
24.6141   125
24.6241   117
24.6341   117
24.6441   134
24.6541   126
24.6641   119
24.6741   110
24.6841   116
24.6941   113
24.7041   138
24.7141   129
24.7241   119
24.7341   118
24.7441   124
24.7541   109
24.7641   115
24.7741   122
24.7841   115
24.7941   143
24.8041   117
24.8141   124
24.8241   139
24.8341   122
24.8441   125
24.8541   125
24.8641   123
24.8741   125
24.8841   109
24.8941   124
24.9041   115
24.9141   117
24.9241   101
24.9341   117
24.9441   120
24.9541   120
24.9641   106
24.9741   122
24.9841   140
24.9941   144
25.0041   115
25.0141   133
25.0241   105
25.0341   118
25.0441   125
25.0541   122
25.0641   120
25.0741   123
25.0841   125
25.0941   129
25.1041   125
25.1141   129
25.1241   126
25.1341   129
25.1441   125
25.1541   130
25.1641   119
25.1741   125
25.1841   128
25.1941   128
25.2041   130
25.2141   124
25.2241   126
25.2341   124
25.2441   123
25.2541   114
25.2641   119
25.2741   116
25.2841   106
25.2941   117
25.3041   119
25.3141   118
25.3241   116
25.3341   114
25.3441   121
25.3541   108
25.3641   123
25.3741   115
25.3841   122
25.3941   109
25.4041   104
25.4141   114
25.4241   104
25.4341   129
25.4441   110
25.4541   124
25.4641   120
25.4741   135
25.4841   104
25.4941   121
25.5041   127
25.5141   130
25.5241   106
25.5341   108
25.5441   120
25.5541   133
25.5641   136
25.5741   116
25.5841   104
25.5941   131
25.6041   107
25.6141   112
25.6241   112
25.6341   113
25.6441   103
25.6541   116
25.6641   103
25.6741   113
25.6841    99
25.6941   127
25.7041   124
25.7141   120
25.7241   126
25.7341   129
25.7441   121
25.7541   130
25.7641   127
25.7741   106
25.7841   111
25.7941   117
25.8041   113
25.8141   112
25.8241   119
25.8341   119
25.8441   107
25.8541    96
25.8641   104
25.8741   105
25.8841   115
25.8941    99
25.9041   110
25.9141   125
25.9241   118
25.9341   127
25.9441   109
25.9541   117
25.9641   108
25.9741   110
25.9841   116
25.9941   102
26.0041   105
26.0141   124
26.0241   125
26.0341   113
26.0441   108
26.0541   114
26.0641   103
26.0741   107
26.0841    92
26.0941    98
26.1041   116
26.1141   117
26.1241   113
26.1341   130
26.1441   120
26.1541    90
26.1641   103
26.1741   112
26.1841    99
26.1941   110
26.2041   116
26.2141   108
26.2241   119
26.2341   102
26.2441   110
26.2541   120
26.2641   109
26.2741   109
26.2841   115
26.2941   120
26.3041   108
26.3141    96
26.3241   126
26.3341   104
26.3441   112
26.3541   107
26.3641   102
26.3741   106
26.3841   103
26.3941   118
26.4041   100
26.4141   115
26.4241   122
26.4341   107
26.4441   105
26.4541   105
26.4641   104
26.4741   101
26.4841   125
26.4941   105
26.5041   106
26.5141   118
26.5241   109
26.5341    99
26.5441   103
26.5541    90
26.5641   126
26.5741    86
26.5841   117
26.5941   111
26.6041   125
26.6141   104
26.6241   112
26.6341   115
26.6441   115
26.6541   115
26.6641   105
26.6741   101
26.6841    98
26.6941   104
26.7041    84
26.7141   108
26.7241   104
26.7341   110
26.7441   121
26.7541    79
26.7641   102
26.7741    93
26.7841    99
26.7941   100
26.8041   114
26.8141    98
26.8241   111
26.8341   109
26.8441   121
26.8541   105
26.8641    92
26.8741   101
26.8841   104
26.8941   110
26.9041   104
26.9141    99
26.9241    94
26.9341    99
26.9441   113
26.9541   115
26.9641   110
26.9741   100
26.9841   104
26.9941   100
27.0041   118
27.0141   122
27.0241   111
27.0341   115
27.0441    92
27.0541   101
27.0641    94
27.0741    94
27.0841   109
27.0941    98
27.1041    99
27.1141   104
27.1241   104
27.1341    92
27.1441    97
27.1541   106
27.1641   120
27.1741   100
27.1841    90
27.1941   104
27.2041   111
27.2141    88
27.2241   101
27.2341   105
27.2441    96
27.2541   115
27.2641   107
27.2741   102
27.2841   103
27.2941   108
27.3041   108
27.3141   111
27.3241   100
27.3341   102
27.3441   109
27.3541   102
27.3641    96
27.3741    97
27.3841   102
27.3941   109
27.4041   117
27.4141    93
27.4241    93
27.4341    89
27.4441   111
27.4541    98
27.4641   101
27.4741   105
27.4841    99
27.4941   113
27.5041   120
27.5141    91
27.5241   105
27.5341    97
27.5441   106
27.5541   103
27.5641    91
27.5741   109
27.5841    98
27.5941   113
27.6041    93
27.6141    99
27.6241   105
27.6341    91
27.6441    93
27.6541   104
27.6641    91
27.6741    95
27.6841    88
27.6941    91
27.7041    91
27.7141    98
27.7241   119
27.7341    86
27.7441   102
27.7541    90
27.7641    98
27.7741    84
27.7841    89
27.7941    78
27.8041    83
27.8141    83
27.8241    98
27.8341   103
27.8441   100
27.8541    97
27.8641    80
27.8741    92
27.8841    83
27.8941    94
27.9041    88
27.9141    88
27.9241    85
27.9341    98
27.9441    97
27.9541    92
27.9641    78
27.9741    93
27.9841    74
27.9941   101
28.0041    89
28.0141    92
28.0241    78
28.0341    89
28.0441   103
28.0541   112
28.0641    88
28.0741    85
28.0841    90
28.0941    86
28.1041    87
28.1141    93
28.1241    91
28.1341    95
28.1441    99
28.1541    92
28.1641    83
28.1741   104
28.1841   108
28.1941    95
28.2041    87
28.2141    79
28.2241    92
28.2341    82
28.2441    95
28.2541    93
28.2641    88
28.2741   103
28.2841    90
28.2941    98
28.3041    95
28.3141    72
28.3241   104
28.3341   102
28.3441    90
28.3541    80
28.3641   101
28.3741   107
28.3841    95
28.3941    92
28.4041    85
28.4141    88
28.4241   102
28.4341    88
28.4441    92
28.4541    86
28.4641    81
28.4741    78
28.4841    93
28.4941    82
28.5041    76
28.5141    79
28.5241    84
28.5341    93
28.5441   102
28.5541    92
28.5641    79
28.5741    79
28.5841    84
28.5941    79
28.6041    90
28.6141    93
28.6241   105
28.6341   109
28.6441    78
28.6541    91
28.6641    90
28.6741    80
28.6841    68
28.6941    77
28.7041    94
28.7141    85
28.7241    78
28.7341    84
28.7441    92
28.7541    83
28.7641    88
28.7741    75
28.7841    82
28.7941    93
28.8041    94
28.8141    99
28.8241    92
28.8341    84
28.8441    77
28.8541    91
28.8641    91
28.8741    81
28.8841    75
28.8941    79
28.9041    80
28.9141    85
28.9241   101
28.9341    83
28.9441    86
28.9541    91
28.9641    85
28.9741    85
28.9841    85
28.9941    85
29.0041    75
29.0141    71
29.0241    70
29.0341    91
29.0441    88
29.0541    83
29.0641    77
29.0741   103
29.0841    85
29.0941    85
29.1041    76
29.1141    72
29.1241    73
29.1341    83
29.1441    90
29.1541    86
29.1641    83
29.1741    78
29.1841    78
29.1941    76
29.2041    81
29.2141    76
29.2241    96
29.2341    79
29.2441    84
29.2541    83
29.2641    81
29.2741    70
29.2841    77
29.2941    81
29.3041    92
29.3141    72
29.3241    77
29.3341    72
29.3441    87
29.3541    83
29.3641    88
29.3741    71
29.3841    70
29.3941    76
29.4041    83
29.4141    68
29.4241    68
29.4341    74
29.4441    86
29.4541    77
29.4641    76
29.4741    92
29.4841    80
29.4941    65
29.5041    75
29.5141    85
29.5241    77
29.5341    67
29.5441    87
29.5541    68
29.5641    72
29.5741    74
29.5841    75
29.5941    75
29.6041    84
29.6141    85
29.6241    91
29.6341    85
29.6441    79
29.6541    78
29.6641    64
29.6741    72
29.6841    87
29.6941    87
29.7041    87
29.7141    64
29.7241    70
29.7341    72
29.7441    82
29.7541    99
29.7641    70
29.7741    70
29.7841    84
29.7941    77
29.8041    83
29.8141    82
29.8241    83
29.8341    81
29.8441    80
29.8541    78
29.8641    65
29.8741    68
29.8841    76
29.8941    66
29.9041    71
29.9141    71
29.9241    66
29.9341    71
29.9441    66
29.9541    77
29.9641    58
29.9741    64
29.9841    65
29.9941    65
30.0041    79
30.0141    75
30.0241    67
30.0341    68
30.0441    78
30.0541    83
30.0641    67
30.0741    72
30.0841    85
30.0941    69
30.1041    74
30.1141    65
30.1241    70
30.1341    75
30.1441    80
30.1541    69
30.1641    80
30.1741    81
30.1841    74
30.1941    77
30.2041    74
30.2141    53
30.2241    64
30.2341    69
30.2441    69
30.2541    71
30.2641    67
30.2741    70
30.2841    84
30.2941    66
30.3041    75
30.3141    73
30.3241    74
30.3341    67
30.3441    64
30.3541    66
30.3641    65
30.3741    80
30.3841    60
30.3941    56
30.4041    63
30.4141    70
30.4241    72
30.4341    72
30.4441    55
30.4541    62
30.4641    62
30.4741    69
30.4841    65
30.4941    63
30.5041    59
30.5141    57
30.5241    75
30.5341    72
30.5441    88
30.5541    73
30.5641    62
30.5741    50
30.5841    58
30.5941    72
30.6041    63
30.6141    58
30.6241    70
30.6341    67
30.6441    73
30.6541    61
30.6641    75
30.6741    70
30.6841    60
30.6941    55
30.7041    73
30.7141    77
30.7241    50
30.7341    75
30.7441    63
30.7541    69
30.7641    64
30.7741    68
30.7841    62
30.7941    61
30.8041    67
30.8141    51
30.8241    68
30.8341    65
30.8441    84
30.8541    69
30.8641    62
30.8741    68
30.8841    58
30.8941    68
30.9041    63
30.9141    76
30.9241    73
30.9341    59
30.9441    64
30.9541    62
30.9641    77
30.9741    58
30.9841    62
30.9941    73
31.0041    74
31.0141    46
31.0241    68
31.0341    67
31.0441    76
31.0541    57
31.0641    62
31.0741    50
31.0841    64
31.0941    59
31.1041    45
31.1141    60
31.1241    62
31.1341    61
31.1441    56
31.1541    62
31.1641    58
31.1741    52
31.1841    47
31.1941    70
31.2041    61
31.2141    57
31.2241    52
31.2341    62
31.2441    69
31.2541    65
31.2641    61
31.2741    67
31.2841    56
31.2941    59
31.3041    62
31.3141    68
31.3241    61
31.3341    65
31.3441    61
31.3541    54
31.3641    42
31.3741    55
31.3841    59
31.3941    47
31.4041    65
31.4141    77
31.4241    68
31.4341    66
31.4441    57
31.4541    51
31.4641    47
31.4741    53
31.4841    48
31.4941    62
31.5041    55
31.5141    44
31.5241    50
31.5341    54
31.5441    61
31.5541    58
31.5641    51
31.5741    50
31.5841    56
31.5941    51
31.6041    55
31.6141    47
31.6241    49
31.6341    53
31.6441    70
31.6541    64
31.6641    51
31.6741    58
31.6841    58
31.6941    62
31.7041    58
31.7141    64
31.7241    47
31.7341    54
31.7441    55
31.7541    59
31.7641    53
31.7741    51
31.7841    69
31.7941    56
31.8041    65
31.8141    61
31.8241    55
31.8341    50
31.8441    59
31.8541    58
31.8641    48
31.8741    53
31.8841    55
31.8941    60
31.9041    58
31.9141    52
31.9241    58
31.9341    49
31.9441    69
31.9541    53
31.9641    56
31.9741    55
31.9841    61
31.9941    51
32.0041    60
32.0141    58
32.0241    52
32.0341    57
32.0441    50
32.0541    60
32.0641    55
32.0741    53
32.0841    55
32.0941    59
32.1041    47
32.1141    34
32.1241    57
32.1341    58
32.1441    50
32.1541    54
32.1641    49
32.1741    48
32.1841    55
32.1941    56
32.2041    47
32.2141    52
32.2241    57
32.2341    57
32.2441    61
32.2541    68
32.2641    47
32.2741    65
32.2841    77
32.2941    46
32.3041    59
32.3141    46
32.3241    48
32.3341    53
32.3441    47
32.3541    57
32.3641    54
32.3741    52
32.3841    51
32.3941    62
32.4041    49
32.4141    63
32.4241    49
32.4341    53
32.4441    64
32.4541    59
32.4641    48
32.4741    44
32.4841    53
32.4941    45
32.5041    51
32.5141    54
32.5241    53
32.5341    41
32.5441    61
32.5541    43
32.5641    55
32.5741    44
32.5841    39
32.5941    43
32.6041    54
32.6141    53
32.6241    47
32.6341    52
32.6441    36
32.6541    50
32.6641    49
32.6741    46
32.6841    51
32.6941    52
32.7041    41
32.7141    47
32.7241    42
32.7341    53
32.7441    47
32.7541    41
32.7641    39
32.7741    51
32.7841    44
32.7941    44
32.8041    44
32.8141    50
32.8241    38
32.8341    48
32.8441    40
32.8541    53
32.8641    60
32.8741    52
32.8841    51
32.8941    56
32.9041    37
32.9141    48
32.9241    39
32.9341    47
32.9441    44
32.9541    57
32.9641    57
32.9741    40
32.9841    43
32.9941    54
33.0041    50
33.0141    40
33.0241    41
33.0341    52
33.0441    53
33.0541    44
33.0641    44
33.0741    42
33.0841    42
33.0941    53
33.1041    57
33.1141    44
33.1241    43
33.1341    53
33.1441    42
33.1541    48
33.1641    39
33.1741    40
33.1841    46
33.1941    38
33.2041    38
33.2141    55
33.2241    40
33.2341    47
33.2441    50
33.2541    49
33.2641    46
33.2741    50
33.2841    59
33.2941    46
33.3041    38
33.3141    29
33.3241    54
33.3341    41
33.3441    50
33.3541    47
33.3641    42
33.3741    46
33.3841    45
33.3941    52
33.4041    46
33.4141    47
33.4241    39
33.4341    53
33.4441    38
33.4541    49
33.4641    34
33.4741    34
33.4841    37
33.4941    39
33.5041    39
33.5141    39
33.5241    40
33.5341    42
33.5441    42
33.5541    50
33.5641    55
33.5741    47
33.5841    39
33.5941    30
33.6041    36
33.6141    54
33.6241    49
33.6341    48
33.6441    42
33.6541    41
33.6641    32
33.6741    40
33.6841    37
33.6941    48
33.7041    39
33.7141    39
33.7241    40
33.7341    39
33.7441    41
33.7541    32
33.7641    26
33.7741    39
33.7841    33
33.7941    39
33.8041    45
33.8141    45
33.8241    39
33.8341    38
33.8441    45
33.8541    48
33.8641    35
33.8741    48
33.8841    41
33.8941    30
33.9041    34
33.9141    39
33.9241    36
33.9341    40
33.9441    42
33.9541    41
33.9641    39
33.9741    46
33.9841    41
33.9941    44
34.0041    37
34.0141    43
34.0241    32
34.0341    38
34.0441    43
34.0541    51
34.0641    43
34.0741    39
34.0841    38
34.0941    46
34.1041    40
34.1141    41
34.1241    38
34.1341    27
34.1441    42
34.1541    46
34.1641    39
34.1741    44
34.1841    34
34.1941    45
34.2041    39
34.2141    37
34.2241    31
34.2341    26
34.2441    28
34.2541    40
34.2641    42
34.2741    35
34.2841    35
34.2941    32
34.3041    37
34.3141    32
34.3241    41
34.3341    36
34.3441    38
34.3541    38
34.3641    38
34.3741    36
34.3841    44
34.3941    48
34.4041    32
34.4141    33
34.4241    27
34.4341    32
34.4441    36
34.4541    33
34.4641    34
34.4741    33
34.4841    37
34.4941    29
34.5041    39
34.5141    33
34.5241    38
34.5341    34
34.5441    31
34.5541    31
34.5641    41
34.5741    39
34.5841    37
34.5941    37
34.6041    37
34.6141    39
34.6241    29
34.6341    34
34.6441    37
34.6541    34
34.6641    34
34.6741    35
34.6841    30
34.6941    38
34.7041    29
34.7141    36
34.7241    34
34.7341    44
34.7441    30
34.7541    38
34.7641    32
34.7741    37
34.7841    50
34.7941    35
34.8041    27
34.8141    25
34.8241    39
34.8341    26
34.8441    34
34.8541    32
34.8641    37
34.8741    37
34.8841    40
34.8941    22
34.9041    30
34.9141    31
34.9241    29
34.9341    17
34.9441    33
34.9541    26
34.9641    25
34.9741    33
34.9841    29
34.9941    28
35.0041    27
35.0141    37
35.0241    36
35.0341    29
35.0441    25
35.0541    31
35.0641    38
35.0741    29
35.0841    31
35.0941    34
35.1041    33
35.1141    32
35.1241    29
35.1341    34
35.1441    37
35.1541    29
35.1641    21
35.1741    25
35.1841    28
35.1941    22
35.2041    34
35.2141    29
35.2241    30
35.2341    25
35.2441    28
35.2541    23
35.2641    36
35.2741    39
35.2841    28
35.2941    24
35.3041    26
35.3141    35
35.3241    34
35.3341    35
35.3441    32
35.3541    24
35.3641    34
35.3741    37
35.3841    26
35.3941    35
35.4041    22
35.4141    29
35.4241    25
35.4341    21
35.4441    37
35.4541    33
35.4641    30
35.4741    26
35.4841    34
35.4941    32
35.5041    24
35.5141    19
35.5241    31
35.5341    22
35.5441    43
35.5541    21
35.5641    26
35.5741    23
35.5841    33
35.5941    26
35.6041    30
35.6141    26
35.6241    35
35.6341    22
35.6441    26
35.6541    26
35.6641    34
35.6741    31
35.6841    40
35.6941    37
35.7041    32
35.7141    18
35.7241    21
35.7341    31
35.7441    24
35.7541    22
35.7641    23
35.7741    23
35.7841    27
35.7941    29
35.8041    25
35.8141    21
35.8241    28
35.8341    32
35.8441    25
35.8541    33
35.8641    23
35.8741    19
35.8841    32
35.8941    37
35.9041    26
35.9141    31
35.9241    23
35.9341    27
35.9441    31
35.9541    23
35.9641    29
35.9741    20
35.9841    27
35.9941    34
36.0041    26
36.0141    28
36.0241    27
36.0341    29
36.0441    28
36.0541    25
36.0641    23
36.0741    19
36.0841    27
36.0941    24
36.1041    18
36.1141    23
36.1241    26
36.1341    21
36.1441    30
36.1541    31
36.1641    21
36.1741    17
36.1841    17
36.1941    31
36.2041    24
36.2141    25
36.2241    17
36.2341    23
36.2441    29
36.2541    18
36.2641    24
36.2741    29
36.2841    25
36.2941    28
36.3041    35
36.3141    24
36.3241    23
36.3341    30
36.3441    29
36.3541    25
36.3641    19
36.3741    18
36.3841    23
36.3941    19
36.4041    30
36.4141    22
36.4241    26
36.4341    27
36.4441    18
36.4541    27
36.4641    21
36.4741    25
36.4841    29
36.4941    22
36.5041    21
36.5141    21
36.5241    18
36.5341    18
36.5441    30
36.5541    17
36.5641    25
36.5741    19
36.5841    18
36.5941    29
36.6041    28
36.6141    27
36.6241    19
36.6341    25
36.6441    21
36.6541    18
36.6641    32
36.6741    24
36.6841    23
36.6941    16
36.7041    22
36.7141    21
36.7241    22
36.7341    15
36.7441    24
36.7541    16
36.7641    19
36.7741    28
36.7841    26
36.7941    21
36.8041    19
36.8141    16
36.8241    31
36.8341    23
36.8441    29
36.8541    20
36.8641    14
36.8741    13
36.8841    27
36.8941    21
36.9041    25
36.9141    20
36.9241    29
36.9341    19
36.9441    21
36.9541    18
36.9641    20
36.9741    24
36.9841    19
36.9941    21
37.0041    26
37.0141    23
37.0241    14
37.0341    16
37.0441    22
37.0541    13
37.0641    20
37.0741    23
37.0841    22
37.0941    22
37.1041    26
37.1141    19
37.1241    26
37.1341    26
37.1441    18
37.1541    14
37.1641    23
37.1741    18
37.1841    18
37.1941    14
37.2041    18
37.2141    15
37.2241    22
37.2341    15
37.2441    22
37.2541    19
37.2641    16
37.2741    17
37.2841    19
37.2941    18
37.3041     9
37.3141    11
37.3241    14
37.3341    19
37.3441    18
37.3541    18
37.3641    16
37.3741    18
37.3841    30
37.3941    23
37.4041    23
37.4141    15
37.4241    17
37.4341    16
37.4441    18
37.4541    18
37.4641    15
37.4741    14
37.4841    19
37.4941    23
37.5041    16
37.5141    14
37.5241    13
37.5341    25
37.5441    14
37.5541    22
37.5641    25
37.5741    16
37.5841    19
37.5941    18
37.6041    17
37.6141    16
37.6241    20
37.6341    18
37.6441    23
37.6541    19
37.6641    21
37.6741    23
37.6841    16
37.6941     4
37.7041    10
37.7141    20
37.7241    25
37.7341    22
37.7441    22
37.7541    16
37.7641    13
37.7741    12
37.7841    12
37.7941    21
37.8041    21
37.8141    13
37.8241    16
37.8341    11
37.8441    11
37.8541    20
37.8641    18
37.8741    15
37.8841    25
37.8941    20
37.9041    16
37.9141    15
37.9241    19
37.9341    16
37.9441    13
37.9541    20
37.9641    21
37.9741    15
37.9841    17
37.9941    15
38.0041    19
38.0141    17
38.0241    15
38.0341    10
38.0441    17
38.0541    16
38.0641    15
38.0741     9
38.0841    17
38.0941    18
38.1041    20
38.1141     8
38.1241    14
38.1341    11
38.1441    21
38.1541    22
38.1641    19
38.1741    14
38.1841    14
38.1941    21
38.2041    15
38.2141    18
38.2241    16
38.2341     9
38.2441    23
38.2541    20
38.2641    20
38.2741    12
38.2841    12
38.2941    19
38.3041    16
38.3141    14
38.3241    22
38.3341    11
38.3441    12
38.3541    17
38.3641    15
38.3741    15
38.3841    10
38.3941    14
38.4041     8
38.4141    21
38.4241    14
38.4341    14
38.4441    14
38.4541    14
38.4641    15
38.4741    19
38.4841     6
38.4941    22
38.5041    16
38.5141    14
38.5241    13
38.5341    12
38.5441    13
38.5541    13
38.5641    13
38.5741    19
38.5841    15
38.5941     6
38.6041    12
38.6141    17
38.6241    10
38.6341    17
38.6441    16
38.6541    15
38.6641    11
38.6741    18
38.6841    19
38.6941    16
38.7041    12
38.7141    13
38.7241    13
38.7341     7
38.7441    17
38.7541    12
38.7641    13
38.7741    13
38.7841    12
38.7941    18
38.8041    11
38.8141    15
38.8241     9
38.8341    14
38.8441     8
38.8541     9
38.8641    16
38.8741    11
38.8841     8
38.8941    17
38.9041     7
38.9141    12
38.9241    16
38.9341    18
38.9441     8
38.9541     8
38.9641    11
38.9741    19
38.9841    15
38.9941    18
39.0041    14
39.0141    21
39.0241    11
39.0341    12
39.0441     8
39.0541    11
39.0641    13
39.0741    14
39.0841     6
39.0941     9
39.1041    16
39.1141    11
39.1241    13
39.1341    10
39.1441    12
39.1541    15
39.1641     9
39.1741     7
39.1841     7
39.1941    13
39.2041     8
39.2141    13
39.2241    14
39.2341    14
39.2441    10
39.2541     9
39.2641    13
39.2741    11
39.2841    12
39.2941    13
39.3041    12
39.3141    10
39.3241    16
39.3341     6
39.3441     7
39.3541    15
39.3641    18
39.3741    13
39.3841     7
39.3941     9
39.4041     8
39.4141    16
39.4241     9
39.4341     7
39.4441     8
39.4541    14
39.4641     7
39.4741     7
39.4841    13
39.4941     6
39.5041     5
39.5141     9
39.5241     9
39.5341    11
39.5441    10
39.5541    10
39.5641     6
39.5741    12
39.5841    12
39.5941    11
39.6041    13
39.6141     4
39.6241    16
39.6341     9
39.6441    12
39.6541    10
39.6641     8
39.6741    15
39.6841     8
39.6941    10
39.7041     8
39.7141    10
39.7241     9
39.7341    10
39.7441     5
39.7541     9
39.7641     8
39.7741     7
39.7841     9
39.7941     5
39.8041    12
39.8141     7
39.8241     6
39.8341     6
39.8441    10
39.8541    12
39.8641    13
39.8741     9
39.8841    13
39.8941     9
39.9041     8
39.9141     7
39.9241    12
39.9341    12
39.9441     7
39.9541    14
39.9641     4
39.9741     6
39.9841     7
39.9941     9
