Bruker Nano GmbH Berlin, Germany
Esprit 1.9

Date: 6/2/2021 1:30:40 PM
Real time: 5000
Life time: 4673
Pulse density: 93764


Detector type: XFlash 430
Window type: Custom type
Detector thickness: 0.45
Si dead layer:0.029

Calibration, lin.: 10
Calibration, abs.: -955.9
Mn FWHM: 137.05
Fano factor: 0.121
Channels: 4096

Energy Counts
-0.9559     0
-0.9459     0
-0.9359     0
-0.9259     0
-0.9159     0
-0.9059     0
-0.8959     0
-0.8859     0
-0.8759     0
-0.8659     0
-0.8559     0
-0.8459     0
-0.8359     0
-0.8259     0
-0.8159     0
-0.8059     0
-0.7959     0
-0.7859     0
-0.7759     0
-0.7659     0
-0.7559     0
-0.7459     0
-0.7359     0
-0.7259     0
-0.7159     0
-0.7059     0
-0.6959     0
-0.6859     0
-0.6759     0
-0.6659     0
-0.6559     0
-0.6459     0
-0.6359     0
-0.6259     0
-0.6159     0
-0.6059     0
-0.5959     0
-0.5859     0
-0.5759     0
-0.5659     0
-0.5559     0
-0.5459     0
-0.5359     0
-0.5259     0
-0.5159     0
-0.5059     0
-0.4959     0
-0.4859     0
-0.4759     0
-0.4659     0
-0.4559     0
-0.4459     0
-0.4359     0
-0.4259     0
-0.4159     0
-0.4059     0
-0.3959     0
-0.3859     0
-0.3759     0
-0.3659     0
-0.3559     0
-0.3459     0
-0.3359     0
-0.3259     0
-0.3159     0
-0.3059     0
-0.2959     0
-0.2859     0
-0.2759     0
-0.2659     0
-0.2559     0
-0.2459     0
-0.2359     0
-0.2259     0
-0.2159     0
-0.2059     0
-0.1959     0
-0.1859     0
-0.1759     0
-0.1659     0
-0.1559     0
-0.1459     0
-0.1359     0
-0.1259     1
-0.1159     0
-0.1059     1
-0.0959    14
-0.0859    63
-0.0759   182
-0.0659   510
-0.0559  1337
-0.0459  3026
-0.0359  5719
-0.0259  8756
-0.0159 12153
-0.0059 14331
 0.0041 14261
 0.0141 12384
 0.0241  9213
 0.0341  5759
 0.0441  3216
 0.0541  1529
 0.0641   589
 0.0741   226
 0.0841    65
 0.0941    20
 0.1041     9
 0.1141     5
 0.1241     1
 0.1341     1
 0.1441     2
 0.1541     1
 0.1641     2
 0.1741     1
 0.1841    43
 0.1941    69
 0.2041    86
 0.2141    78
 0.2241    78
 0.2341    76
 0.2441    71
 0.2541    84
 0.2641    82
 0.2741    81
 0.2841    77
 0.2941    85
 0.3041    82
 0.3141    71
 0.3241    81
 0.3341    74
 0.3441    83
 0.3541    80
 0.3641    77
 0.3741    71
 0.3841    69
 0.3941    66
 0.4041    88
 0.4141    87
 0.4241    78
 0.4341    74
 0.4441    74
 0.4541    69
 0.4641    64
 0.4741    71
 0.4841    81
 0.4941    84
 0.5041    65
 0.5141    77
 0.5241    70
 0.5341    62
 0.5441    59
 0.5541    61
 0.5641    71
 0.5741    69
 0.5841    62
 0.5941    65
 0.6041    65
 0.6141    65
 0.6241    64
 0.6341    57
 0.6441    55
 0.6541    58
 0.6641    49
 0.6741    50
 0.6841    54
 0.6941    56
 0.7041    55
 0.7141    50
 0.7241    61
 0.7341    71
 0.7441    66
 0.7541    62
 0.7641    55
 0.7741    57
 0.7841    63
 0.7941    57
 0.8041    57
 0.8141    55
 0.8241    57
 0.8341    54
 0.8441    51
 0.8541    72
 0.8641    67
 0.8741    56
 0.8841    56
 0.8941    59
 0.9041    56
 0.9141    42
 0.9241    56
 0.9341    61
 0.9441    61
 0.9541    55
 0.9641    63
 0.9741    69
 0.9841    49
 0.9941    63
 1.0041    63
 1.0141    67
 1.0241    70
 1.0341    63
 1.0441    49
 1.0541    50
 1.0641    61
 1.0741    51
 1.0841    44
 1.0941    51
 1.1041    47
 1.1141    40
 1.1241    55
 1.1341    70
 1.1441    45
 1.1541    49
 1.1641    48
 1.1741    49
 1.1841    52
 1.1941    51
 1.2041    44
 1.2141    54
 1.2241    48
 1.2341    57
 1.2441    53
 1.2541    60
 1.2641    54
 1.2741    56
 1.2841    43
 1.2941    41
 1.3041    47
 1.3141    52
 1.3241    54
 1.3341    45
 1.3441    51
 1.3541    48
 1.3641    45
 1.3741    41
 1.3841    52
 1.3941    44
 1.4041    47
 1.4141    61
 1.4241    50
 1.4341    44
 1.4441    49
 1.4541    55
 1.4641    47
 1.4741    46
 1.4841    38
 1.4941    54
 1.5041    53
 1.5141    47
 1.5241    48
 1.5341    40
 1.5441    43
 1.5541    36
 1.5641    41
 1.5741    42
 1.5841    35
 1.5941    48
 1.6041    47
 1.6141    51
 1.6241    45
 1.6341    54
 1.6441    55
 1.6541    55
 1.6641    73
 1.6741    83
 1.6841    98
 1.6941   123
 1.7041   137
 1.7141   191
 1.7241   185
 1.7341   206
 1.7441   201
 1.7541   191
 1.7641   183
 1.7741   141
 1.7841   115
 1.7941    97
 1.8041    80
 1.8141    58
 1.8241    57
 1.8341    59
 1.8441    51
 1.8541    65
 1.8641    54
 1.8741    44
 1.8841    51
 1.8941    54
 1.9041    48
 1.9141    45
 1.9241    60
 1.9341    43
 1.9441    52
 1.9541    46
 1.9641    51
 1.9741    55
 1.9841    53
 1.9941    52
 2.0041    59
 2.0141    49
 2.0241    67
 2.0341    53
 2.0441    55
 2.0541    54
 2.0641    52
 2.0741    44
 2.0841    53
 2.0941    48
 2.1041    35
 2.1141    38
 2.1241    38
 2.1341    44
 2.1441    38
 2.1541    45
 2.1641    40
 2.1741    43
 2.1841    38
 2.1941    43
 2.2041    48
 2.2141    39
 2.2241    41
 2.2341    50
 2.2441    44
 2.2541    35
 2.2641    32
 2.2741    47
 2.2841    54
 2.2941    35
 2.3041    36
 2.3141    38
 2.3241    36
 2.3341    37
 2.3441    43
 2.3541    33
 2.3641    38
 2.3741    35
 2.3841    36
 2.3941    31
 2.4041    34
 2.4141    48
 2.4241    44
 2.4341    53
 2.4441    39
 2.4541    48
 2.4641    49
 2.4741    41
 2.4841    32
 2.4941    39
 2.5041    40
 2.5141    39
 2.5241    40
 2.5341    49
 2.5441    45
 2.5541    43
 2.5641    34
 2.5741    41
 2.5841    39
 2.5941    38
 2.6041    28
 2.6141    29
 2.6241    34
 2.6341    29
 2.6441    47
 2.6541    41
 2.6641    48
 2.6741    37
 2.6841    42
 2.6941    43
 2.7041    32
 2.7141    37
 2.7241    41
 2.7341    45
 2.7441    37
 2.7541    53
 2.7641    35
 2.7741    36
 2.7841    37
 2.7941    43
 2.8041    35
 2.8141    34
 2.8241    41
 2.8341    38
 2.8441    50
 2.8541    40
 2.8641    33
 2.8741    43
 2.8841    42
 2.8941    35
 2.9041    36
 2.9141    37
 2.9241    25
 2.9341    32
 2.9441    25
 2.9541    34
 2.9641    38
 2.9741    26
 2.9841    31
 2.9941    30
 3.0041    37
 3.0141    32
 3.0241    22
 3.0341    29
 3.0441    28
 3.0541    26
 3.0641    35
 3.0741    34
 3.0841    28
 3.0941    31
 3.1041    29
 3.1141    17
 3.1241    34
 3.1341    26
 3.1441    36
 3.1541    30
 3.1641    33
 3.1741    25
 3.1841    24
 3.1941    33
 3.2041    31
 3.2141    33
 3.2241    31
 3.2341    43
 3.2441    52
 3.2541    56
 3.2641    71
 3.2741    77
 3.2841    72
 3.2941    77
 3.3041    90
 3.3141    93
 3.3241   105
 3.3341    75
 3.3441    67
 3.3541    64
 3.3641    71
 3.3741    54
 3.3841    39
 3.3941    35
 3.4041    33
 3.4141    26
 3.4241    35
 3.4341    23
 3.4441    28
 3.4541    24
 3.4641    30
 3.4741    32
 3.4841    26
 3.4941    27
 3.5041    30
 3.5141    38
 3.5241    40
 3.5341    42
 3.5441    46
 3.5541    52
 3.5641    54
 3.5741    62
 3.5841    72
 3.5941    99
 3.6041   103
 3.6141   160
 3.6241   176
 3.6341   221
 3.6441   244
 3.6541   286
 3.6641   300
 3.6741   360
 3.6841   370
 3.6941   357
 3.7041   328
 3.7141   307
 3.7241   257
 3.7341   229
 3.7441   167
 3.7541   170
 3.7641   131
 3.7741    98
 3.7841    65
 3.7941    43
 3.8041    49
 3.8141    38
 3.8241    28
 3.8341    31
 3.8441    34
 3.8541    30
 3.8641    29
 3.8741    31
 3.8841    38
 3.8941    29
 3.9041    31
 3.9141    29
 3.9241    30
 3.9341    41
 3.9441    44
 3.9541    55
 3.9641    53
 3.9741    65
 3.9841    67
 3.9941    76
 4.0041    68
 4.0141    77
 4.0241    66
 4.0341    62
 4.0441    71
 4.0541    58
 4.0641    46
 4.0741    47
 4.0841    33
 4.0941    41
 4.1041    34
 4.1141    33
 4.1241    28
 4.1341    18
 4.1441    19
 4.1541    26
 4.1641    16
 4.1741    27
 4.1841    20
 4.1941    27
 4.2041    15
 4.2141    13
 4.2241    15
 4.2341    23
 4.2441    23
 4.2541    13
 4.2641    12
 4.2741    20
 4.2841    19
 4.2941    13
 4.3041    17
 4.3141    32
 4.3241    27
 4.3341    21
 4.3441    21
 4.3541    26
 4.3641    14
 4.3741    24
 4.3841    32
 4.3941    28
 4.4041    44
 4.4141    42
 4.4241    47
 4.4341    66
 4.4441    69
 4.4541    79
 4.4641    90
 4.4741    98
 4.4841   111
 4.4941   110
 4.5041   109
 4.5141   123
 4.5241   116
 4.5341   104
 4.5441    77
 4.5541    67
 4.5641    66
 4.5741    58
 4.5841    34
 4.5941    39
 4.6041    24
 4.6141    50
 4.6241    30
 4.6341    24
 4.6441    26
 4.6541    33
 4.6641    18
 4.6741    25
 4.6841    37
 4.6941    29
 4.7041    31
 4.7141    26
 4.7241    29
 4.7341    32
 4.7441    28
 4.7541    21
 4.7641    33
 4.7741    32
 4.7841    26
 4.7941    26
 4.8041    34
 4.8141    48
 4.8241    29
 4.8341    45
 4.8441    47
 4.8541    39
 4.8641    33
 4.8741    36
 4.8841    49
 4.8941    37
 4.9041    50
 4.9141    40
 4.9241    46
 4.9341    44
 4.9441    51
 4.9541    47
 4.9641    49
 4.9741    46
 4.9841    38
 4.9941    30
 5.0041    24
 5.0141    29
 5.0241    21
 5.0341    29
 5.0441    24
 5.0541    28
 5.0641    25
 5.0741    30
 5.0841    26
 5.0941    23
 5.1041    27
 5.1141    22
 5.1241    31
 5.1341    34
 5.1441    22
 5.1541    29
 5.1641    28
 5.1741    33
 5.1841    23
 5.1941    26
 5.2041    22
 5.2141    27
 5.2241    22
 5.2341    24
 5.2441    14
 5.2541    23
 5.2641    26
 5.2741    18
 5.2841    31
 5.2941    22
 5.3041    19
 5.3141    24
 5.3241    35
 5.3341    31
 5.3441    41
 5.3541    37
 5.3641    42
 5.3741    35
 5.3841    40
 5.3941    31
 5.4041    30
 5.4141    46
 5.4241    42
 5.4341    56
 5.4441    43
 5.4541    26
 5.4641    36
 5.4741    36
 5.4841    36
 5.4941    38
 5.5041    35
 5.5141    32
 5.5241    39
 5.5341    24
 5.5441    20
 5.5541    36
 5.5641    27
 5.5741    25
 5.5841    16
 5.5941    31
 5.6041    23
 5.6141    21
 5.6241    36
 5.6341    26
 5.6441    26
 5.6541    23
 5.6641    35
 5.6741    36
 5.6841    25
 5.6941    26
 5.7041    19
 5.7141    34
 5.7241    29
 5.7341    21
 5.7441    31
 5.7541    36
 5.7641    34
 5.7741    38
 5.7841    36
 5.7941    59
 5.8041    62
 5.8141    64
 5.8241    70
 5.8341    80
 5.8441    77
 5.8541    91
 5.8641   111
 5.8741   115
 5.8841   115
 5.8941   128
 5.9041   112
 5.9141   104
 5.9241    99
 5.9341    94
 5.9441    90
 5.9541    82
 5.9641    77
 5.9741    79
 5.9841    66
 5.9941    50
 6.0041    41
 6.0141    44
 6.0241    32
 6.0341    43
 6.0441    36
 6.0541    34
 6.0641    46
 6.0741    31
 6.0841    23
 6.0941    33
 6.1041    42
 6.1141    32
 6.1241    45
 6.1341    50
 6.1441    56
 6.1541    58
 6.1641    45
 6.1741    42
 6.1841    61
 6.1941    74
 6.2041    78
 6.2141    96
 6.2241   148
 6.2341   166
 6.2441   257
 6.2541   329
 6.2641   431
 6.2741   609
 6.2841   764
 6.2941  1086
 6.3041  1394
 6.3141  1785
 6.3241  2137
 6.3341  2623
 6.3441  3166
 6.3541  3443
 6.3641  3846
 6.3741  4185
 6.3841  4205
 6.3941  4418
 6.4041  4378
 6.4141  4248
 6.4241  3985
 6.4341  3593
 6.4441  3272
 6.4541  2813
 6.4641  2332
 6.4741  1967
 6.4841  1540
 6.4941  1216
 6.5041   890
 6.5141   699
 6.5241   459
 6.5341   382
 6.5441   261
 6.5541   205
 6.5641   118
 6.5741   111
 6.5841    81
 6.5941    59
 6.6041    66
 6.6141    34
 6.6241    44
 6.6341    50
 6.6441    37
 6.6541    39
 6.6641    64
 6.6741    36
 6.6841    51
 6.6941    28
 6.7041    40
 6.7141    38
 6.7241    38
 6.7341    50
 6.7441    44
 6.7541    42
 6.7641    36
 6.7741    53
 6.7841    51
 6.7941    42
 6.8041    61
 6.8141    48
 6.8241    58
 6.8341    48
 6.8441    60
 6.8541    65
 6.8641    73
 6.8741    76
 6.8841    73
 6.8941    88
 6.9041   105
 6.9141   153
 6.9241   153
 6.9341   176
 6.9441   223
 6.9541   258
 6.9641   304
 6.9741   381
 6.9841   422
 6.9941   473
 7.0041   568
 7.0141   589
 7.0241   628
 7.0341   726
 7.0441   756
 7.0541   730
 7.0641   647
 7.0741   681
 7.0841   588
 7.0941   555
 7.1041   496
 7.1141   456
 7.1241   413
 7.1341   320
 7.1441   277
 7.1541   217
 7.1641   183
 7.1741   138
 7.1841   118
 7.1941    96
 7.2041    74
 7.2141    75
 7.2241    57
 7.2341    58
 7.2441    67
 7.2541    51
 7.2641    41
 7.2741    50
 7.2841    46
 7.2941    64
 7.3041    47
 7.3141    66
 7.3241    67
 7.3341    58
 7.3441    69
 7.3541    52
 7.3641    63
 7.3741    74
 7.3841    80
 7.3941    88
 7.4041    94
 7.4141    77
 7.4241    78
 7.4341    70
 7.4441    83
 7.4541    97
 7.4641    77
 7.4741    92
 7.4841    74
 7.4941    69
 7.5041    71
 7.5141    73
 7.5241    64
 7.5341    57
 7.5441    59
 7.5541    64
 7.5641    68
 7.5741    66
 7.5841    49
 7.5941    48
 7.6041    55
 7.6141    54
 7.6241    49
 7.6341    50
 7.6441    60
 7.6541    63
 7.6641    70
 7.6741    47
 7.6841    70
 7.6941    59
 7.7041    65
 7.7141    59
 7.7241    71
 7.7341    64
 7.7441    51
 7.7541    58
 7.7641    60
 7.7741    73
 7.7841    67
 7.7941    71
 7.8041    67
 7.8141    84
 7.8241    83
 7.8341    76
 7.8441    70
 7.8541    90
 7.8641    90
 7.8741    74
 7.8841    80
 7.8941    73
 7.9041   105
 7.9141   104
 7.9241   100
 7.9341    93
 7.9441   102
 7.9541   117
 7.9641   118
 7.9741   127
 7.9841   121
 7.9941   134
 8.0041   165
 8.0141   170
 8.0241   183
 8.0341   189
 8.0441   180
 8.0541   201
 8.0641   218
 8.0741   244
 8.0841   266
 8.0941   268
 8.1041   312
 8.1141   308
 8.1241   327
 8.1341   366
 8.1441   364
 8.1541   354
 8.1641   356
 8.1741   347
 8.1841   366
 8.1941   373
 8.2041   363
 8.2141   343
 8.2241   372
 8.2341   412
 8.2441   391
 8.2541   400
 8.2641   400
 8.2741   445
 8.2841   476
 8.2941   549
 8.3041   505
 8.3141   576
 8.3241   612
 8.3341   719
 8.3441   694
 8.3541   701
 8.3641   754
 8.3741   822
 8.3841   818
 8.3941   797
 8.4041   821
 8.4141   776
 8.4241   690
 8.4341   687
 8.4441   618
 8.4541   540
 8.4641   473
 8.4741   404
 8.4841   346
 8.4941   321
 8.5041   252
 8.5141   208
 8.5241   166
 8.5341   171
 8.5441   143
 8.5541   119
 8.5641   123
 8.5741   105
 8.5841   101
 8.5941    94
 8.6041    95
 8.6141    91
 8.6241    96
 8.6341   107
 8.6441    89
 8.6541    91
 8.6641    84
 8.6741    82
 8.6841   102
 8.6941    98
 8.7041    87
 8.7141    94
 8.7241    94
 8.7341    86
 8.7441    75
 8.7541    85
 8.7641    85
 8.7741    86
 8.7841    95
 8.7941    86
 8.8041    78
 8.8141    84
 8.8241    85
 8.8341    88
 8.8441   100
 8.8541    86
 8.8641    79
 8.8741    90
 8.8841    89
 8.8941    82
 8.9041    79
 8.9141   103
 8.9241    89
 8.9341   101
 8.9441    94
 8.9541    84
 8.9641    75
 8.9741    92
 8.9841   113
 8.9941   116
 9.0041   111
 9.0141    99
 9.0241   111
 9.0341   110
 9.0441   114
 9.0541   115
 9.0641   110
 9.0741   125
 9.0841   119
 9.0941   137
 9.1041   121
 9.1141   127
 9.1241   126
 9.1341   149
 9.1441   158
 9.1541   167
 9.1641   179
 9.1741   173
 9.1841   160
 9.1941   185
 9.2041   170
 9.2141   205
 9.2241   194
 9.2341   206
 9.2441   227
 9.2541   237
 9.2641   238
 9.2741   253
 9.2841   244
 9.2941   293
 9.3041   269
 9.3141   266
 9.3241   299
 9.3341   348
 9.3441   349
 9.3541   331
 9.3641   327
 9.3741   352
 9.3841   353
 9.3941   346
 9.4041   384
 9.4141   394
 9.4241   360
 9.4341   367
 9.4441   402
 9.4541   406
 9.4641   394
 9.4741   416
 9.4841   415
 9.4941   417
 9.5041   428
 9.5141   435
 9.5241   435
 9.5341   451
 9.5441   494
 9.5541   526
 9.5641   557
 9.5741   582
 9.5841   573
 9.5941   608
 9.6041   624
 9.6141   640
 9.6241   665
 9.6341   677
 9.6441   709
 9.6541   715
 9.6641   707
 9.6741   692
 9.6841   624
 9.6941   649
 9.7041   624
 9.7141   588
 9.7241   540
 9.7341   513
 9.7441   487
 9.7541   461
 9.7641   423
 9.7741   381
 9.7841   387
 9.7941   379
 9.8041   331
 9.8141   306
 9.8241   314
 9.8341   308
 9.8441   286
 9.8541   303
 9.8641   299
 9.8741   301
 9.8841   318
 9.8941   327
 9.9041   364
 9.9141   362
 9.9241   371
 9.9341   362
 9.9441   373
 9.9541   404
 9.9641   389
 9.9741   352
 9.9841   342
 9.9941   350
10.0041   321
10.0141   300
10.0241   283
10.0341   238
10.0441   218
10.0541   212
10.0641   207
10.0741   180
10.0841   145
10.0941   139
10.1041   133
10.1141   118
10.1241   118
10.1341   102
10.1441    99
10.1541    81
10.1641    81
10.1741    91
10.1841    81
10.1941    71
10.2041    67
10.2141    72
10.2241    71
10.2341    52
10.2441    53
10.2541    60
10.2641    66
10.2741    55
10.2841    44
10.2941    40
10.3041    50
10.3141    48
10.3241    42
10.3341    53
10.3441    43
10.3541    38
10.3641    52
10.3741    50
10.3841    52
10.3941    49
10.4041    49
10.4141    45
10.4241    52
10.4341    47
10.4441    47
10.4541    47
10.4641    52
10.4741    44
10.4841    42
10.4941    44
10.5041    49
10.5141    48
10.5241    55
10.5341    56
10.5441    46
10.5541    49
10.5641    49
10.5741    52
10.5841    51
10.5941    58
10.6041    54
10.6141    51
10.6241    59
10.6341    63
10.6441    59
10.6541    61
10.6641    67
10.6741    53
10.6841    55
10.6941    53
10.7041    61
10.7141    55
10.7241    55
10.7341    60
10.7441    55
10.7541    63
10.7641    67
10.7741    64
10.7841    71
10.7941    75
10.8041    74
10.8141    77
10.8241    77
10.8341    92
10.8441    85
10.8541    76
10.8641    92
10.8741    99
10.8841    95
10.8941    73
10.9041    87
10.9141    81
10.9241    88
10.9341    79
10.9441    76
10.9541    81
10.9641    68
10.9741    83
10.9841    79
10.9941    86
11.0041    84
11.0141    80
11.0241    78
11.0341    75
11.0441    73
11.0541    72
11.0641    67
11.0741    66
11.0841    65
11.0941    70
11.1041    79
11.1141    72
11.1241    83
11.1341    83
11.1441    70
11.1541    65
11.1641    82
11.1741    85
11.1841    97
11.1941    99
11.2041    94
11.2141    86
11.2241   102
11.2341   109
11.2441   103
11.2541    97
11.2641   103
11.2741   101
11.2841   114
11.2941   111
11.3041   106
11.3141   101
11.3241    91
11.3341   101
11.3441    94
11.3541    82
11.3641    75
11.3741    68
11.3841    73
11.3941    70
11.4041    68
11.4141    62
11.4241    51
11.4341    52
11.4441    57
11.4541    52
11.4641    53
11.4741    52
11.4841    53
11.4941    54
11.5041    56
11.5141    50
11.5241    54
11.5341    54
11.5441    51
11.5541    53
11.5641    53
11.5741    50
11.5841    48
11.5941    58
11.6041    66
11.6141    58
11.6241    63
11.6341    55
11.6441    54
11.6541    56
11.6641    44
11.6741    55
11.6841    60
11.6941    61
11.7041    48
11.7141    49
11.7241    64
11.7341    47
11.7441    39
11.7541    54
11.7641    46
11.7741    49
11.7841    49
11.7941    45
11.8041    51
11.8141    48
11.8241    43
11.8341    41
11.8441    45
11.8541    47
11.8641    40
11.8741    40
11.8841    44
11.8941    39
11.9041    39
11.9141    40
11.9241    42
11.9341    41
11.9441    49
11.9541    52
11.9641    49
11.9741    49
11.9841    50
11.9941    43
12.0041    45
12.0141    47
12.0241    46
12.0341    45
12.0441    48
12.0541    48
12.0641    44
12.0741    48
12.0841    54
12.0941    52
12.1041    39
12.1141    37
12.1241    40
12.1341    40
12.1441    41
12.1541    39
12.1641    44
12.1741    40
12.1841    42
12.1941    43
12.2041    34
12.2141    37
12.2241    47
12.2341    49
12.2441    42
12.2541    50
12.2641    45
12.2741    44
12.2841    45
12.2941    38
12.3041    36
12.3141    42
12.3241    41
12.3341    41
12.3441    39
12.3541    37
12.3641    42
12.3741    46
12.3841    39
12.3941    42
12.4041    44
12.4141    43
12.4241    41
12.4341    50
12.4441    46
12.4541    37
12.4641    38
12.4741    46
12.4841    43
12.4941    39
12.5041    37
12.5141    42
12.5241    40
12.5341    47
12.5441    45
12.5541    45
12.5641    46
12.5741    43
12.5841    44
12.5941    47
12.6041    48
12.6141    42
12.6241    41
12.6341    41
12.6441    43
12.6541    53
12.6641    56
12.6741    47
12.6841    45
12.6941    41
12.7041    42
12.7141    46
12.7241    50
12.7341    48
12.7441    45
12.7541    45
12.7641    48
12.7741    50
12.7841    45
12.7941    44
12.8041    41
12.8141    45
12.8241    50
12.8341    56
12.8441    49
12.8541    46
12.8641    45
12.8741    52
12.8841    51
12.8941    48
12.9041    45
12.9141    48
12.9241    52
12.9341    47
12.9441    51
12.9541    52
12.9641    46
12.9741    41
12.9841    41
12.9941    43
13.0041    49
13.0141    48
13.0241    45
13.0341    52
13.0441    50
13.0541    44
13.0641    48
13.0741    59
13.0841    65
13.0941    54
13.1041    50
13.1141    52
13.1241    51
13.1341    53
13.1441    53
13.1541    52
13.1641    51
13.1741    54
13.1841    53
13.1941    49
13.2041    52
13.2141    59
13.2241    59
13.2341    59
13.2441    63
13.2541    57
13.2641    59
13.2741    63
13.2841    78
13.2941    86
13.3041    80
13.3141    73
13.3241    66
13.3341    67
13.3441    80
13.3541    91
13.3641    88
13.3741    85
13.3841    89
13.3941    79
13.4041    70
13.4141    78
13.4241    81
13.4341    75
13.4441    72
13.4541    75
13.4641    74
13.4741    70
13.4841    64
13.4941    68
13.5041    73
13.5141    72
13.5241    67
13.5341    66
13.5441    59
13.5541    57
13.5641    59
13.5741    70
13.5841    65
13.5941    57
13.6041    52
13.6141    53
13.6241    60
13.6341    58
13.6441    56
13.6541    51
13.6641    56
13.6741    59
13.6841    53
13.6941    53
13.7041    61
13.7141    62
13.7241    59
13.7341    53
13.7441    54
13.7541    55
13.7641    65
13.7741    64
13.7841    54
13.7941    53
13.8041    55
13.8141    61
13.8241    61
13.8341    57
13.8441    60
13.8541    67
13.8641    59
13.8741    58
13.8841    78
13.8941    86
13.9041    78
13.9141    71
13.9241    66
13.9341    72
13.9441    71
13.9541    73
13.9641    76
13.9741    79
13.9841    84
13.9941    80
14.0041    96
14.0141   101
14.0241   108
14.0341   123
14.0441   117
14.0541   121
14.0641   129
14.0741   127
14.0841   133
14.0941   150
14.1041   156
14.1141   151
14.1241   157
14.1341   172
14.1441   168
14.1541   147
14.1641   134
14.1741   142
14.1841   146
14.1941   148
14.2041   143
14.2141   129
14.2241   142
14.2341   143
14.2441   126
14.2541   112
14.2641    94
14.2741    84
14.2841   102
14.2941    97
14.3041    74
14.3141    82
14.3241    80
14.3341    77
14.3441    77
14.3541    72
14.3641    67
14.3741    60
14.3841    63
14.3941    70
14.4041    63
14.4141    57
14.4241    61
14.4341    58
14.4441    66
14.4541    69
14.4641    63
14.4741    66
14.4841    64
14.4941    72
14.5041    72
14.5141    61
14.5241    65
14.5341    72
14.5441    74
14.5541    69
14.5641    54
14.5741    56
14.5841    60
14.5941    55
14.6041    63
14.6141    71
14.6241    66
14.6341    65
14.6441    69
14.6541    70
14.6641    67
14.6741    60
14.6841    68
14.6941    87
14.7041    87
14.7141    71
14.7241    70
14.7341    69
14.7441    68
14.7541    72
14.7641    67
14.7741    70
14.7841    67
14.7941    64
14.8041    69
14.8141    69
14.8241    62
14.8341    68
14.8441    71
14.8541    71
14.8641    80
14.8741    80
14.8841    84
14.8941    87
14.9041    83
14.9141    82
14.9241    85
14.9341    73
14.9441    67
14.9541    70
14.9641    79
14.9741    79
14.9841    80
14.9941    91
15.0041    83
15.0141    79
15.0241    88
15.0341    81
15.0441    72
15.0541    73
15.0641    78
15.0741    78
15.0841    82
15.0941    78
15.1041    82
15.1141    74
15.1241    72
15.1341    82
15.1441    70
15.1541    65
15.1641    80
15.1741    83
15.1841    67
15.1941    63
15.2041    69
15.2141    71
15.2241    67
15.2341    75
15.2441    81
15.2541    72
15.2641    79
15.2741    91
15.2841    84
15.2941    76
15.3041    75
15.3141    85
15.3241    80
15.3341    64
15.3441    74
15.3541    76
15.3641    85
15.3741    83
15.3841    75
15.3941    80
15.4041    83
15.4141    71
15.4241    75
15.4341    75
15.4441    66
15.4541    76
15.4641    80
15.4741    84
15.4841    92
15.4941    76
15.5041    71
15.5141    95
15.5241    86
15.5341    72
15.5441    91
15.5541    94
15.5641    91
15.5741    94
15.5841    91
15.5941    95
15.6041    92
15.6141    96
15.6241   107
15.6341   115
15.6441   112
15.6541   101
15.6641   104
15.6741   112
15.6841   130
15.6941   127
15.7041   134
15.7141   135
15.7241   138
15.7341   137
15.7441   136
15.7541   124
15.7641   129
15.7741   145
15.7841   138
15.7941   123
15.8041   128
15.8141   122
15.8241   121
15.8341   113
15.8441   124
15.8541   126
15.8641   121
15.8741   127
15.8841   123
15.8941   108
15.9041   104
15.9141    89
15.9241    95
15.9341    95
15.9441    94
15.9541    98
15.9641    90
15.9741    80
15.9841    87
15.9941    90
16.0041    86
16.0141    94
16.0241   106
16.0341   107
16.0441    90
16.0541    79
16.0641    92
16.0741    85
16.0841    82
16.0941    91
16.1041    94
16.1141    96
16.1241   102
16.1341   101
16.1441    94
16.1541    88
16.1641    93
16.1741   104
16.1841    91
16.1941    83
16.2041    87
16.2141    92
16.2241    87
16.2341    81
16.2441    90
16.2541   101
16.2641    97
16.2741    86
16.2841    80
16.2941    84
16.3041    84
16.3141    80
16.3241    79
16.3341    87
16.3441    87
16.3541    91
16.3641    88
16.3741    84
16.3841    94
16.3941    88
16.4041    89
16.4141    97
16.4241    89
16.4341    89
16.4441    99
16.4541    90
16.4641    81
16.4741    89
16.4841    86
16.4941    91
16.5041   105
16.5141   100
16.5241    87
16.5341    93
16.5441    92
16.5541    92
16.5641    87
16.5741    92
16.5841    87
16.5941    89
16.6041    97
16.6141    93
16.6241    95
16.6341    91
16.6441    96
16.6541    95
16.6641    92
16.6741   111
16.6841   100
16.6941    92
16.7041   105
16.7141   102
16.7241    96
16.7341    81
16.7441    82
16.7541    88
16.7641    90
16.7741    98
16.7841    89
16.7941    99
16.8041   102
16.8141    94
16.8241    92
16.8341    98
16.8441    84
16.8541    85
16.8641    94
16.8741    98
16.8841    95
16.8941   102
16.9041    93
16.9141    93
16.9241   104
16.9341    99
16.9441    84
16.9541    86
16.9641    89
16.9741    95
16.9841   105
16.9941   111
17.0041    97
17.0141   113
17.0241   102
17.0341    96
17.0441   101
17.0541    97
17.0641    94
17.0741   106
17.0841    99
17.0941    96
17.1041   105
17.1141    92
17.1241   100
17.1341   108
17.1441   113
17.1541    99
17.1641   102
17.1741   104
17.1841    89
17.1941    95
17.2041   119
17.2141   109
17.2241   108
17.2341   108
17.2441    93
17.2541    83
17.2641    97
17.2741   104
17.2841   108
17.2941   108
17.3041   107
17.3141   109
17.3241   112
17.3341    97
17.3441    86
17.3541    99
17.3641   107
17.3741   122
17.3841   114
17.3941   111
17.4041   110
17.4141   110
17.4241   115
17.4341   105
17.4441   100
17.4541   104
17.4641   101
17.4741   108
17.4841   110
17.4941   109
17.5041   102
17.5141   111
17.5241   109
17.5341   102
17.5441   107
17.5541   123
17.5641   120
17.5741   118
17.5841   111
17.5941   111
17.6041   112
17.6141   130
17.6241   127
17.6341    99
17.6441   108
17.6541   107
17.6641   115
17.6741   127
17.6841   119
17.6941   116
17.7041   121
17.7141   131
17.7241   116
17.7341   117
17.7441   127
17.7541   106
17.7641   117
17.7741   107
17.7841   122
17.7941   107
17.8041   121
17.8141   107
17.8241   114
17.8341    99
17.8441   100
17.8541   103
17.8641   118
17.8741   105
17.8841   110
17.8941   112
17.9041   117
17.9141   129
17.9241   129
17.9341   117
17.9441   112
17.9541    99
17.9641   113
17.9741   106
17.9841   111
17.9941   120
18.0041   122
18.0141   111
18.0241   109
18.0341   117
18.0441   118
18.0541   122
18.0641   124
18.0741   122
18.0841   116
18.0941   116
18.1041   116
18.1141   115
18.1241   100
18.1341   113
18.1441   112
18.1541   118
18.1641   112
18.1741   109
18.1841   110
18.1941   128
18.2041   127
18.2141   111
18.2241   111
18.2341   108
18.2441   107
18.2541   121
18.2641   130
18.2741   119
18.2841   113
18.2941   128
18.3041   118
18.3141   100
18.3241   109
18.3341   115
18.3441   116
18.3541   123
18.3641   115
18.3741   120
18.3841   124
18.3941   124
18.4041   121
18.4141   106
18.4241   109
18.4341   106
18.4441   123
18.4541   123
18.4641   123
18.4741   111
18.4841   126
18.4941   121
18.5041   110
18.5141   124
18.5241   130
18.5341   114
18.5441   123
18.5541   115
18.5641   120
18.5741   106
18.5841   112
18.5941   120
18.6041   116
18.6141   135
18.6241   122
18.6341   111
18.6441   131
18.6541   122
18.6641   114
18.6741   121
18.6841   120
18.6941   129
18.7041   119
18.7141   134
18.7241   115
18.7341   118
18.7441   120
18.7541   116
18.7641   124
18.7741   118
18.7841   135
18.7941   135
18.8041   126
18.8141   123
18.8241   129
18.8341   120
18.8441   127
18.8541   136
18.8641   125
18.8741   127
18.8841   118
18.8941   138
18.9041   132
18.9141   109
18.9241   102
18.9341   131
18.9441   140
18.9541   108
18.9641   123
18.9741   131
18.9841   123
18.9941   141
19.0041   146
19.0141   155
19.0241   111
19.0341   120
19.0441   120
19.0541   121
19.0641   116
19.0741   132
19.0841   130
19.0941   123
19.1041   103
19.1141   109
19.1241   124
19.1341   127
19.1441   116
19.1541   121
19.1641   150
19.1741   120
19.1841   133
19.1941   128
19.2041   109
19.2141   123
19.2241   127
19.2341   119
19.2441   117
19.2541   145
19.2641   136
19.2741   142
19.2841   127
19.2941   135
19.3041   117
19.3141   120
19.3241   129
19.3341   130
19.3441   128
19.3541   142
19.3641   134
19.3741   127
19.3841   116
19.3941   113
19.4041   125
19.4141   132
19.4241   141
19.4341   141
19.4441   132
19.4541   134
19.4641   124
19.4741   127
19.4841   139
19.4941   112
19.5041   128
19.5141   138
19.5241   131
19.5341   147
19.5441   161
19.5541   128
19.5641   129
19.5741   135
19.5841   132
19.5941   139
19.6041   123
19.6141   123
19.6241   139
19.6341   134
19.6441   129
19.6541   124
19.6641   149
19.6741   140
19.6841   119
19.6941   120
19.7041   137
19.7141   129
19.7241   143
19.7341   128
19.7441   131
19.7541   130
19.7641   134
19.7741   128
19.7841   131
19.7941   135
19.8041   131
19.8141   145
19.8241   132
19.8341   143
19.8441   137
19.8541   126
19.8641   130
19.8741   134
19.8841   130
19.8941   140
19.9041   128
19.9141   138
19.9241   149
19.9341   126
19.9441   146
19.9541   132
19.9641   129
19.9741   124
19.9841   120
19.9941   137
20.0041   132
20.0141   137
20.0241   146
20.0341   134
20.0441   133
20.0541   152
20.0641   151
20.0741   136
20.0841   139
20.0941   135
20.1041   169
20.1141   152
20.1241   126
20.1341   128
20.1441   142
20.1541   137
20.1641   143
20.1741   127
20.1841   146
20.1941   148
20.2041   141
20.2141   145
20.2241   136
20.2341   140
20.2441   138
20.2541   147
20.2641   138
20.2741   129
20.2841   143
20.2941   134
20.3041   124
20.3141   120
20.3241   151
20.3341   161
20.3441   152
20.3541   137
20.3641   133
20.3741   146
20.3841   137
20.3941   142
20.4041   143
20.4141   122
20.4241   132
20.4341   143
20.4441   148
20.4541   137
20.4641   144
20.4741   123
20.4841   120
20.4941   126
20.5041   144
20.5141   152
20.5241   136
20.5341   148
20.5441   156
20.5541   173
20.5641   146
20.5741   161
20.5841   146
20.5941   136
20.6041   119
20.6141   137
20.6241   138
20.6341   130
20.6441   141
20.6541   122
20.6641   141
20.6741   145
20.6841   131
20.6941   152
20.7041   165
20.7141   140
20.7241   126
20.7341   122
20.7441   116
20.7541   126
20.7641   149
20.7741   144
20.7841   146
20.7941   133
20.8041   155
20.8141   131
20.8241   165
20.8341   124
20.8441   128
20.8541   158
20.8641   163
20.8741   152
20.8841   165
20.8941   158
20.9041   173
20.9141   180
20.9241   157
20.9341   185
20.9441   168
20.9541   184
20.9641   175
20.9741   182
20.9841   187
20.9941   198
21.0041   191
21.0141   190
21.0241   213
21.0341   212
21.0441   215
21.0541   211
21.0641   229
21.0741   226
21.0841   216
21.0941   240
21.1041   235
21.1141   233
21.1241   220
21.1341   203
21.1441   211
21.1541   237
21.1641   233
21.1741   229
21.1841   222
21.1941   212
21.2041   230
21.2141   213
21.2241   183
21.2341   211
21.2441   178
21.2541   173
21.2641   204
21.2741   183
21.2841   184
21.2941   173
21.3041   166
21.3141   147
21.3241   179
21.3341   148
21.3441   158
21.3541   172
21.3641   162
21.3741   153
21.3841   155
21.3941   147
21.4041   143
21.4141   141
21.4241   146
21.4341   166
21.4441   155
21.4541   148
21.4641   147
21.4741   145
21.4841   129
21.4941   168
21.5041   145
21.5141   151
21.5241   131
21.5341   142
21.5441   154
21.5541   139
21.5641   141
21.5741   152
21.5841   145
21.5941   140
21.6041   156
21.6141   140
21.6241   141
21.6341   151
21.6441   141
21.6541   155
21.6641   137
21.6741   129
21.6841   154
21.6941   169
21.7041   150
21.7141   144
21.7241   142
21.7341   140
21.7441   157
21.7541   151
21.7641   140
21.7741   139
21.7841   137
21.7941   158
21.8041   140
21.8141   153
21.8241   141
21.8341   135
21.8441   132
21.8541   139
21.8641   161
21.8741   154
21.8841   139
21.8941   150
21.9041   138
21.9141   141
21.9241   141
21.9341   156
21.9441   142
21.9541   156
21.9641   142
21.9741   129
21.9841   138
21.9941   155
22.0041   154
22.0141   132
22.0241   170
22.0341   129
22.0441   148
22.0541   143
22.0641   144
22.0741   136
22.0841   138
22.0941   158
22.1041   140
22.1141   153
22.1241   145
22.1341   133
22.1441   147
22.1541   135
22.1641   144
22.1741   135
22.1841   131
22.1941   150
22.2041   143
22.2141   146
22.2241   153
22.2341   148
22.2441   143
22.2541   144
22.2641   147
22.2741   155
22.2841   153
22.2941   128
22.3041   118
22.3141   149
22.3241   143
22.3341   147
22.3441   134
22.3541   140
22.3641   153
22.3741   150
22.3841   142
22.3941   144
22.4041   145
22.4141   155
22.4241   186
22.4341   146
22.4441   153
22.4541   131
22.4641   158
22.4741   140
22.4841   135
22.4941   124
22.5041   154
22.5141   132
22.5241   157
22.5341   161
22.5441   139
22.5541   128
22.5641   152
22.5741   157
22.5841   163
22.5941   130
22.6041   141
22.6141   137
22.6241   159
22.6341   148
22.6441   140
22.6541   145
22.6641   150
22.6741   134
22.6841   133
22.6941   170
22.7041   167
22.7141   158
22.7241   156
22.7341   130
22.7441   136
22.7541   138
22.7641   141
22.7741   161
22.7841   144
22.7941   141
22.8041   164
22.8141   143
22.8241   138
22.8341   148
22.8441   160
22.8541   137
22.8641   161
22.8741   154
22.8841   143
22.8941   153
22.9041   136
22.9141   152
22.9241   140
22.9341   157
22.9441   117
22.9541   129
22.9641   130
22.9741   130
22.9841   154
22.9941   153
23.0041   138
23.0141   144
23.0241   134
23.0341   149
23.0441   148
23.0541   129
23.0641   152
23.0741   156
23.0841   157
23.0941   151
23.1041   127
23.1141   125
23.1241   144
23.1341   136
23.1441   145
23.1541   145
23.1641   148
23.1741   151
23.1841   146
23.1941   148
23.2041   151
23.2141   155
23.2241   154
23.2341   140
23.2441   160
23.2541   152
23.2641   148
23.2741   142
23.2841   126
23.2941   139
23.3041   146
23.3141   159
23.3241   137
23.3341   145
23.3441   139
23.3541   175
23.3641   133
23.3741   150
23.3841   142
23.3941   151
23.4041   132
23.4141   135
23.4241   140
23.4341   141
23.4441   133
23.4541   146
23.4641   137
23.4741   152
23.4841   132
23.4941   135
23.5041   136
23.5141   163
23.5241   139
23.5341   145
23.5441   123
23.5541   144
23.5641   116
23.5741   135
23.5841   145
23.5941   137
23.6041   141
23.6141   125
23.6241   143
23.6341   147
23.6441   153
23.6541   166
23.6641   143
23.6741   159
23.6841   174
23.6941   123
23.7041   138
23.7141   143
23.7241   158
23.7341   141
23.7441   150
23.7541   180
23.7641   176
23.7741   151
23.7841   158
23.7941   162
23.8041   145
23.8141   155
23.8241   155
23.8341   159
23.8441   162
23.8541   149
23.8641   151
23.8741   158
23.8841   155
23.8941   138
23.9041   151
23.9141   147
23.9241   144
23.9341   165
23.9441   142
23.9541   134
23.9641   143
23.9741   147
23.9841   161
23.9941   134
24.0041   144
24.0141   132
24.0241   144
24.0341   138
24.0441   138
24.0541   168
24.0641   138
24.0741   145
24.0841   124
24.0941   157
24.1041   159
24.1141   131
24.1241   174
24.1341   158
24.1441   145
24.1541   146
24.1641   139
24.1741   139
24.1841   142
24.1941   141
24.2041   134
24.2141   132
24.2241   126
24.2341   127
24.2441   138
24.2541   137
24.2641   125
24.2741   122
24.2841   136
24.2941   145
24.3041   127
24.3141   119
24.3241   127
24.3341   130
24.3441   143
24.3541   146
24.3641   140
24.3741   124
24.3841   143
24.3941   136
24.4041   157
24.4141   135
24.4241   123
24.4341   139
24.4441   146
24.4541   136
24.4641   144
24.4741   150
24.4841   137
24.4941   130
24.5041   137
24.5141   134
24.5241   135
24.5341   138
24.5441   125
24.5541   131
24.5641   145
24.5741   127
24.5841   121
24.5941   123
24.6041   122
24.6141   150
24.6241   137
24.6341   120
24.6441   153
24.6541   132
24.6641   148
24.6741   135
24.6841   133
24.6941   142
24.7041   122
24.7141   114
24.7241   130
24.7341    97
24.7441   114
24.7541   134
24.7641   121
24.7741   136
24.7841   127
24.7941   138
24.8041   122
24.8141   141
24.8241   139
24.8341   134
24.8441   129
24.8541   129
24.8641   125
24.8741   132
24.8841   127
24.8941   127
24.9041   143
24.9141   158
24.9241   119
24.9341   119
24.9441   132
24.9541   138
24.9641   113
24.9741   130
24.9841   143
24.9941   128
25.0041   141
25.0141   142
25.0241   129
25.0341   133
25.0441   132
25.0541   137
25.0641   128
25.0741   130
25.0841   131
25.0941   114
25.1041   130
25.1141   129
25.1241   143
25.1341   139
25.1441   132
25.1541   141
25.1641   126
25.1741   132
25.1841   119
25.1941   147
25.2041   132
25.2141   136
25.2241   145
25.2341   128
25.2441   141
25.2541   118
25.2641   123
25.2741   121
25.2841   132
25.2941   149
25.3041   121
25.3141   112
25.3241   125
25.3341   141
25.3441   129
25.3541   139
25.3641   145
25.3741   131
25.3841   127
25.3941   112
25.4041   127
25.4141   147
25.4241   125
25.4341   127
25.4441   142
25.4541   133
25.4641   125
25.4741   120
25.4841   119
25.4941   135
25.5041   127
25.5141   122
25.5241   128
25.5341   126
25.5441   144
25.5541   127
25.5641   130
25.5741   142
25.5841   124
25.5941   115
25.6041   125
25.6141   140
25.6241   138
25.6341   122
25.6441   123
25.6541   137
25.6641   120
25.6741   137
25.6841   142
25.6941   141
25.7041   119
25.7141   127
25.7241   141
25.7341   129
25.7441   115
25.7541   129
25.7641   136
25.7741   126
25.7841   135
25.7941   121
25.8041   122
25.8141   142
25.8241   132
25.8341   130
25.8441   140
25.8541   135
25.8641   118
25.8741   115
25.8841   139
25.8941   125
25.9041   136
25.9141   127
25.9241   134
25.9341   113
25.9441   143
25.9541   130
25.9641   126
25.9741   128
25.9841   137
25.9941   122
26.0041   126
26.0141   131
26.0241   116
26.0341   117
26.0441   132
26.0541   111
26.0641   133
26.0741   116
26.0841   107
26.0941   122
26.1041   126
26.1141   135
26.1241   126
26.1341   131
26.1441   115
26.1541   110
26.1641   132
26.1741   122
26.1841   121
26.1941   105
26.2041   140
26.2141   130
26.2241   125
26.2341   118
26.2441   113
26.2541   128
26.2641   123
26.2741   120
26.2841   106
26.2941   108
26.3041   122
26.3141   131
26.3241   120
26.3341   144
26.3441   138
26.3541   123
26.3641   123
26.3741   118
26.3841   111
26.3941   117
26.4041   133
26.4141   105
26.4241   102
26.4341   121
26.4441   118
26.4541   134
26.4641   112
26.4741   117
26.4841   113
26.4941   115
26.5041   143
26.5141   111
26.5241   113
26.5341   118
26.5441   117
26.5541   133
26.5641   131
26.5741   117
26.5841   123
26.5941   127
26.6041   116
26.6141   107
26.6241   104
26.6341   125
26.6441    94
26.6541    97
26.6641    98
26.6741   110
26.6841   128
26.6941   119
26.7041   117
26.7141   111
26.7241   110
26.7341   115
26.7441   107
26.7541   121
26.7641   128
26.7741   121
26.7841   110
26.7941   106
26.8041   120
26.8141   107
26.8241    87
26.8341   111
26.8441   117
26.8541    98
26.8641   101
26.8741   121
26.8841   122
26.8941   100
26.9041   123
26.9141   123
26.9241   102
26.9341   103
26.9441    95
26.9541   118
26.9641   113
26.9741   109
26.9841   121
26.9941   122
27.0041   110
27.0141   124
27.0241   112
27.0341   125
27.0441   113
27.0541   123
27.0641   111
27.0741   115
27.0841   115
27.0941   118
27.1041   102
27.1141   111
27.1241   120
27.1341   123
27.1441   111
27.1541   109
27.1641    91
27.1741   109
27.1841   116
27.1941   111
27.2041    96
27.2141   120
27.2241   111
27.2341    96
27.2441   132
27.2541   108
27.2641    96
27.2741    93
27.2841   114
27.2941   103
27.3041   109
27.3141   133
27.3241   128
27.3341   123
27.3441    98
27.3541    95
27.3641   113
27.3741   103
27.3841   107
27.3941   111
27.4041   116
27.4141   122
27.4241   118
27.4341   107
27.4441   113
27.4541   129
27.4641   117
27.4741   103
27.4841   117
27.4941   117
27.5041    93
27.5141   104
27.5241   106
27.5341   120
27.5441   108
27.5541   104
27.5641   108
27.5741   105
27.5841   106
27.5941   110
27.6041   106
27.6141   104
27.6241   107
27.6341   107
27.6441    99
27.6541   121
27.6641   125
27.6741   117
27.6841   109
27.6941   109
27.7041   115
27.7141   105
27.7241   106
27.7341   115
27.7441   111
27.7541   113
27.7641   101
27.7741   114
27.7841   111
27.7941   112
27.8041    90
27.8141   103
27.8241   108
27.8341    94
27.8441    81
27.8541    95
27.8641    93
27.8741    95
27.8841    97
27.8941   106
27.9041   108
27.9141   105
27.9241    94
27.9341    89
27.9441   115
27.9541   113
27.9641   120
27.9741    94
27.9841    96
27.9941    93
28.0041    99
28.0141   112
28.0241   109
28.0341   100
28.0441   104
28.0541   112
28.0641   109
28.0741   117
28.0841   103
28.0941    90
28.1041   102
28.1141    98
28.1241    92
28.1341   100
28.1441   102
28.1541    97
28.1641   102
28.1741   111
28.1841    97
28.1941    99
28.2041   113
28.2141   100
28.2241    94
28.2341   111
28.2441   112
28.2541    99
28.2641   106
28.2741    92
28.2841    95
28.2941    96
28.3041    94
28.3141   106
28.3241    86
28.3341   106
28.3441    87
28.3541    95
28.3641   118
28.3741   105
28.3841    98
28.3941    99
28.4041   105
28.4141   111
28.4241    99
28.4341    90
28.4441    93
28.4541   106
28.4641   102
28.4741    98
28.4841   105
28.4941   101
28.5041    90
28.5141    92
28.5241    83
28.5341    95
28.5441    95
28.5541   101
28.5641    83
28.5741    97
28.5841   105
28.5941    98
28.6041    92
28.6141    79
28.6241   103
28.6341   121
28.6441   107
28.6541    90
28.6641   101
28.6741   102
28.6841   108
28.6941    72
28.7041    88
28.7141   103
28.7241   110
28.7341    94
28.7441    78
28.7541   104
28.7641   109
28.7741   108
28.7841   102
28.7941    95
28.8041   107
28.8141   107
28.8241    98
28.8341    99
28.8441    95
28.8541   102
28.8641    77
28.8741    86
28.8841    78
28.8941    72
28.9041    82
28.9141    94
28.9241    89
28.9341   104
28.9441   106
28.9541    96
28.9641   101
28.9741   103
28.9841   104
28.9941    88
29.0041    89
29.0141   104
29.0241    92
29.0341    91
29.0441    84
29.0541   100
29.0641    89
29.0741    83
29.0841    95
29.0941    93
29.1041    73
29.1141    94
29.1241    86
29.1341    96
29.1441    88
29.1541    93
29.1641   101
29.1741    86
29.1841    87
29.1941    88
29.2041    94
29.2141    90
29.2241    69
29.2341    91
29.2441    92
29.2541    86
29.2641    95
29.2741    91
29.2841    88
29.2941    90
29.3041    84
29.3141    82
29.3241    80
29.3341    97
29.3441    91
29.3541    80
29.3641   101
29.3741   109
29.3841   101
29.3941   103
29.4041    84
29.4141    76
29.4241    91
29.4341    78
29.4441    97
29.4541    78
29.4641    81
29.4741   100
29.4841    77
29.4941    81
29.5041    72
29.5141   102
29.5241    78
29.5341    93
29.5441    90
29.5541    80
29.5641    81
29.5741    86
29.5841    69
29.5941    77
29.6041    78
29.6141    94
29.6241    83
29.6341    78
29.6441    71
29.6541    93
29.6641    94
29.6741    97
29.6841   100
29.6941    83
29.7041    79
29.7141    72
29.7241    94
29.7341    95
29.7441    94
29.7541   105
29.7641    96
29.7741    75
29.7841    91
29.7941    80
29.8041    78
29.8141    73
29.8241    82
29.8341    77
29.8441    84
29.8541    83
29.8641    83
29.8741    83
29.8841    87
29.8941    82
29.9041    68
29.9141    76
29.9241    85
29.9341    86
29.9441    87
29.9541    89
29.9641    86
29.9741    74
29.9841    76
29.9941    85
30.0041    91
30.0141    63
30.0241    66
30.0341    78
30.0441    71
30.0541    73
30.0641    87
30.0741    77
30.0841    90
30.0941    76
30.1041    79
30.1141    85
30.1241    77
30.1341    83
30.1441    70
30.1541    87
30.1641    74
30.1741    74
30.1841    71
30.1941    77
30.2041    67
30.2141    67
30.2241    75
30.2341    75
30.2441    78
30.2541    78
30.2641    86
30.2741    90
30.2841    71
30.2941    77
30.3041    85
30.3141    77
30.3241    78
30.3341    68
30.3441    70
30.3541    73
30.3641    76
30.3741    83
30.3841    72
30.3941    79
30.4041    78
30.4141    78
30.4241    70
30.4341    64
30.4441    69
30.4541    71
30.4641    77
30.4741    73
30.4841    77
30.4941    83
30.5041    74
30.5141    71
30.5241    78
30.5341    68
30.5441    79
30.5541    70
30.5641    77
30.5741    75
30.5841    61
30.5941    67
30.6041    72
30.6141    65
30.6241    83
30.6341    74
30.6441    80
30.6541    66
30.6641    63
30.6741    71
30.6841    70
30.6941    83
30.7041    62
30.7141    63
30.7241    81
30.7341    74
30.7441    58
30.7541    57
30.7641    70
30.7741    73
30.7841    74
30.7941    61
30.8041    67
30.8141    68
30.8241    74
30.8341    69
30.8441    71
30.8541    77
30.8641    64
30.8741    73
30.8841    68
30.8941    74
30.9041    72
30.9141    69
30.9241    79
30.9341    75
30.9441    72
30.9541    66
30.9641    65
30.9741    58
30.9841    74
30.9941    69
31.0041    66
31.0141    60
31.0241    68
31.0341    72
31.0441    73
31.0541    66
31.0641    67
31.0741    73
31.0841    70
31.0941    85
31.1041    77
31.1141    64
31.1241    64
31.1341    77
31.1441    71
31.1541    72
31.1641    67
31.1741    73
31.1841    64
31.1941    66
31.2041    55
31.2141    62
31.2241    60
31.2341    57
31.2441    74
31.2541    73
31.2641    75
31.2741    66
31.2841    75
31.2941    58
31.3041    54
31.3141    61
31.3241    73
31.3341    64
31.3441    60
31.3541    67
31.3641    68
31.3741    74
31.3841    67
31.3941    67
31.4041    62
31.4141    57
31.4241    56
31.4341    63
31.4441    69
31.4541    53
31.4641    59
31.4741    72
31.4841    57
31.4941    67
31.5041    69
31.5141    68
31.5241    85
31.5341    80
31.5441    61
31.5541    58
31.5641    59
31.5741    64
31.5841    67
31.5941    62
31.6041    64
31.6141    84
31.6241    73
31.6341    67
31.6441    68
31.6541    62
31.6641    74
31.6741    55
31.6841    60
31.6941    80
31.7041    66
31.7141    65
31.7241    65
31.7341    73
31.7441    55
31.7541    67
31.7641    65
31.7741    81
31.7841    71
31.7941    84
31.8041    73
31.8141    77
31.8241    77
31.8341    69
31.8441    62
31.8541    65
31.8641    71
31.8741    72
31.8841    81
31.8941    73
31.9041    66
31.9141    73
31.9241    59
31.9341    85
31.9441    65
31.9541    51
31.9641    65
31.9741    66
31.9841    68
31.9941    65
32.0041    67
32.0141    63
32.0241    69
32.0341    63
32.0441    69
32.0541    65
32.0641    67
32.0741    69
32.0841    68
32.0941    68
32.1041    64
32.1141    61
32.1241    75
32.1341    69
32.1441    70
32.1541    77
32.1641    55
32.1741    60
32.1841    67
32.1941    66
32.2041    68
32.2141    72
32.2241    68
32.2341    73
32.2441    69
32.2541    76
32.2641    71
32.2741    62
32.2841    75
32.2941    77
32.3041    63
32.3141    59
32.3241    48
32.3341    68
32.3441    67
32.3541    56
32.3641    60
32.3741    63
32.3841    52
32.3941    67
32.4041    53
32.4141    50
32.4241    46
32.4341    60
32.4441    62
32.4541    55
32.4641    60
32.4741    60
32.4841    45
32.4941    53
32.5041    57
32.5141    57
32.5241    64
32.5341    59
32.5441    54
32.5541    50
32.5641    49
32.5741    68
32.5841    49
32.5941    52
32.6041    72
32.6141    53
32.6241    56
32.6341    53
32.6441    47
32.6541    60
32.6641    48
32.6741    50
32.6841    44
32.6941    48
32.7041    55
32.7141    64
32.7241    59
32.7341    50
32.7441    49
32.7541    57
32.7641    46
32.7741    48
32.7841    42
32.7941    57
32.8041    52
32.8141    45
32.8241    53
32.8341    62
32.8441    58
32.8541    56
32.8641    65
32.8741    51
32.8841    49
32.8941    50
32.9041    55
32.9141    52
32.9241    53
32.9341    44
32.9441    43
32.9541    45
32.9641    44
32.9741    42
32.9841    67
32.9941    61
33.0041    56
33.0141    50
33.0241    48
33.0341    52
33.0441    43
33.0541    45
33.0641    55
33.0741    52
33.0841    50
33.0941    50
33.1041    45
33.1141    47
33.1241    53
33.1341    54
33.1441    47
33.1541    53
33.1641    56
33.1741    46
33.1841    62
33.1941    60
33.2041    48
33.2141    51
33.2241    44
33.2341    45
33.2441    48
33.2541    40
33.2641    47
33.2741    46
33.2841    55
33.2941    60
33.3041    48
33.3141    35
33.3241    43
33.3341    41
33.3441    41
33.3541    52
33.3641    46
33.3741    43
33.3841    36
33.3941    42
33.4041    46
33.4141    43
33.4241    51
33.4341    56
33.4441    52
33.4541    37
33.4641    36
33.4741    52
33.4841    40
33.4941    50
33.5041    43
33.5141    46
33.5241    38
33.5341    49
33.5441    43
33.5541    55
33.5641    57
33.5741    47
33.5841    42
33.5941    52
33.6041    34
33.6141    34
33.6241    39
33.6341    47
33.6441    56
33.6541    49
33.6641    43
33.6741    50
33.6841    35
33.6941    42
33.7041    43
33.7141    44
33.7241    46
33.7341    48
33.7441    43
33.7541    39
33.7641    48
33.7741    46
33.7841    39
33.7941    39
33.8041    41
33.8141    39
33.8241    39
33.8341    51
33.8441    43
33.8541    42
33.8641    43
33.8741    45
33.8841    55
33.8941    47
33.9041    51
33.9141    45
33.9241    38
33.9341    32
33.9441    49
33.9541    56
33.9641    52
33.9741    45
33.9841    38
33.9941    33
34.0041    43
34.0141    49
34.0241    42
34.0341    40
34.0441    35
34.0541    42
34.0641    47
34.0741    42
34.0841    40
34.0941    46
34.1041    31
34.1141    35
34.1241    44
34.1341    39
34.1441    35
34.1541    30
34.1641    38
34.1741    33
34.1841    41
34.1941    35
34.2041    35
34.2141    35
34.2241    39
34.2341    45
34.2441    44
34.2541    36
34.2641    44
34.2741    47
34.2841    42
34.2941    35
34.3041    42
34.3141    53
34.3241    49
34.3341    36
34.3441    47
34.3541    34
34.3641    41
34.3741    46
34.3841    40
34.3941    40
34.4041    48
34.4141    46
34.4241    37
34.4341    31
34.4441    34
34.4541    37
34.4641    35
34.4741    34
34.4841    42
34.4941    33
34.5041    24
34.5141    46
34.5241    30
34.5341    31
34.5441    23
34.5541    36
34.5641    28
34.5741    43
34.5841    37
34.5941    42
34.6041    49
34.6141    27
34.6241    36
34.6341    27
34.6441    37
34.6541    42
34.6641    36
34.6741    48
34.6841    35
34.6941    29
34.7041    37
34.7141    42
34.7241    37
34.7341    33
34.7441    36
34.7541    38
34.7641    44
34.7741    64
34.7841    37
34.7941    43
34.8041    38
34.8141    31
34.8241    31
34.8341    38
34.8441    34
34.8541    36
34.8641    47
34.8741    30
34.8841    28
34.8941    47
34.9041    40
34.9141    30
34.9241    44
34.9341    30
34.9441    38
34.9541    28
34.9641    29
34.9741    37
34.9841    28
34.9941    37
35.0041    30
35.0141    37
35.0241    27
35.0341    36
35.0441    39
35.0541    26
35.0641    23
35.0741    29
35.0841    29
35.0941    38
35.1041    38
35.1141    32
35.1241    32
35.1341    31
35.1441    27
35.1541    34
35.1641    30
35.1741    35
35.1841    34
35.1941    37
35.2041    32
35.2141    36
35.2241    38
35.2341    38
35.2441    32
35.2541    50
35.2641    33
35.2741    26
35.2841    29
35.2941    33
35.3041    38
35.3141    36
35.3241    41
35.3341    43
35.3441    29
35.3541    34
35.3641    32
35.3741    39
35.3841    33
35.3941    23
35.4041    29
35.4141    27
35.4241    40
35.4341    33
35.4441    26
35.4541    35
35.4641    22
35.4741    30
35.4841    23
35.4941    26
35.5041    32
35.5141    26
35.5241    33
35.5341    29
35.5441    35
35.5541    21
35.5641    30
35.5741    23
35.5841    27
35.5941    25
35.6041    35
35.6141    32
35.6241    22
35.6341    42
35.6441    33
35.6541    25
35.6641    27
35.6741    22
35.6841    22
35.6941    31
35.7041    13
35.7141    28
35.7241    20
35.7341    32
35.7441    26
35.7541    34
35.7641    34
35.7741    30
35.7841    30
35.7941    34
35.8041    41
35.8141    31
35.8241    26
35.8341    27
35.8441    36
35.8541    27
35.8641    32
35.8741    38
35.8841    27
35.8941    34
35.9041    30
35.9141    34
35.9241    31
35.9341    37
35.9441    22
35.9541    30
35.9641    26
35.9741    23
35.9841    31
35.9941    29
36.0041    17
36.0141    22
36.0241    38
36.0341    28
36.0441    24
36.0541    28
36.0641    20
36.0741    25
36.0841    35
36.0941    33
36.1041    30
36.1141    29
36.1241    31
36.1341    26
36.1441    20
36.1541    24
36.1641    32
36.1741    32
36.1841    26
36.1941    35
36.2041    31
36.2141    26
36.2241    38
36.2341    31
36.2441    33
36.2541    28
36.2641    34
36.2741    22
36.2841    42
36.2941    34
36.3041    25
36.3141    28
36.3241    33
36.3341    24
36.3441    26
36.3541    27
36.3641    23
36.3741    25
36.3841    29
36.3941    37
36.4041    31
36.4141    26
36.4241    20
36.4341    30
36.4441    27
36.4541    22
36.4641    24
36.4741    23
36.4841    24
36.4941    24
36.5041    28
36.5141    20
36.5241    29
36.5341    38
36.5441    25
36.5541    20
36.5641    24
36.5741    27
36.5841    27
36.5941    18
36.6041    20
36.6141    28
36.6241    24
36.6341    27
36.6441    22
36.6541    26
36.6641    23
36.6741    25
36.6841    33
36.6941    21
36.7041    17
36.7141    24
36.7241    29
36.7341    21
36.7441    30
36.7541    35
36.7641    28
36.7741    26
36.7841    20
36.7941    15
36.8041    27
36.8141    26
36.8241    18
36.8341    28
36.8441    28
36.8541    19
36.8641    19
36.8741    14
36.8841    25
36.8941    25
36.9041    24
36.9141    18
36.9241    23
36.9341    19
36.9441    21
36.9541    30
36.9641    25
36.9741    24
36.9841    23
36.9941    22
37.0041    21
37.0141    20
37.0241    23
37.0341    26
37.0441    17
37.0541    21
37.0641    19
37.0741    23
37.0841    25
37.0941    25
37.1041    18
37.1141    14
37.1241    21
37.1341    27
37.1441    19
37.1541    21
37.1641    22
37.1741    20
37.1841    26
37.1941    27
37.2041    17
37.2141    20
37.2241    30
37.2341    25
37.2441    19
37.2541    25
37.2641    24
37.2741    29
37.2841    22
37.2941    29
37.3041    15
37.3141    20
37.3241    18
37.3341    15
37.3441    18
37.3541    26
37.3641    20
37.3741    27
37.3841    18
37.3941    25
37.4041    26
37.4141    23
37.4241    23
37.4341    24
37.4441    26
37.4541    24
37.4641    29
37.4741    12
37.4841    32
37.4941    21
37.5041    24
37.5141    29
37.5241    18
37.5341    22
37.5441    17
37.5541    18
37.5641    22
37.5741    18
37.5841    23
37.5941    20
37.6041    19
37.6141    16
37.6241    21
37.6341    22
37.6441    17
37.6541    14
37.6641    14
37.6741    11
37.6841    15
37.6941    14
37.7041    16
37.7141    18
37.7241    14
37.7341    18
37.7441    21
37.7541    17
37.7641    27
37.7741    24
37.7841    22
37.7941    21
37.8041    22
37.8141    17
37.8241    18
37.8341    18
37.8441    19
37.8541    18
37.8641    25
37.8741    13
37.8841    21
37.8941    16
37.9041    13
37.9141    17
37.9241    21
37.9341    13
37.9441    12
37.9541    18
37.9641    12
37.9741    20
37.9841    28
37.9941    13
38.0041    19
38.0141    18
38.0241    21
38.0341    12
38.0441    17
38.0541    18
38.0641    22
38.0741    19
38.0841    17
38.0941    19
38.1041    22
38.1141    24
38.1241    19
38.1341    19
38.1441    19
38.1541    20
38.1641    13
38.1741    10
38.1841    20
38.1941    20
38.2041    12
38.2141    11
38.2241    17
38.2341    20
38.2441    20
38.2541    22
38.2641    20
38.2741    16
38.2841    10
38.2941    17
38.3041    14
38.3141    18
38.3241    13
38.3341    23
38.3441    17
38.3541    22
38.3641    14
38.3741    13
38.3841    19
38.3941    18
38.4041    20
38.4141    12
38.4241    16
38.4341    20
38.4441    21
38.4541    12
38.4641    13
38.4741    14
38.4841    17
38.4941    12
38.5041    16
38.5141    15
38.5241    13
38.5341    17
38.5441    19
38.5541    16
38.5641    13
38.5741    22
38.5841    20
38.5941     8
38.6041    13
38.6141    19
38.6241    12
38.6341    18
38.6441    17
38.6541    16
38.6641    11
38.6741    15
38.6841    16
38.6941    17
38.7041    11
38.7141     9
38.7241    16
38.7341    12
38.7441    23
38.7541    20
38.7641    10
38.7741    15
38.7841    20
38.7941    12
38.8041    14
38.8141    12
38.8241    13
38.8341    13
38.8441    12
38.8541    18
38.8641    11
38.8741    16
38.8841    10
38.8941     6
38.9041    11
38.9141    13
38.9241    14
38.9341    16
38.9441    12
38.9541    13
38.9641     9
38.9741    11
38.9841    17
38.9941    14
39.0041    14
39.0141    16
39.0241     8
39.0341     4
39.0441    15
39.0541    21
39.0641    19
39.0741    13
39.0841    13
39.0941    13
39.1041     7
39.1141    12
39.1241    16
39.1341    18
39.1441    10
39.1541    15
39.1641    13
39.1741    10
39.1841    16
39.1941    12
39.2041    16
39.2141    10
39.2241     7
39.2341    18
39.2441    14
39.2541    10
39.2641     9
39.2741    10
39.2841     9
39.2941     5
39.3041    11
39.3141    17
39.3241    12
39.3341     7
39.3441    12
39.3541    16
39.3641    12
39.3741    16
39.3841    13
39.3941    13
39.4041    10
39.4141    10
39.4241    14
39.4341    10
39.4441    12
39.4541    11
39.4641    14
39.4741    11
39.4841    11
39.4941     8
39.5041     8
39.5141     8
39.5241    13
39.5341     6
39.5441     9
39.5541     7
39.5641    15
39.5741    13
39.5841    16
39.5941    12
39.6041    12
39.6141     8
39.6241    10
39.6341     9
39.6441    10
39.6541    10
39.6641    11
39.6741     7
39.6841     7
39.6941    14
39.7041     7
39.7141    13
39.7241    12
39.7341    12
39.7441     9
39.7541    13
39.7641     6
39.7741     8
39.7841    13
39.7941    12
39.8041     8
39.8141     5
39.8241    11
39.8341    13
39.8441    10
39.8541     7
39.8641    12
39.8741    13
39.8841     6
39.8941     9
39.9041     9
39.9141    11
39.9241     6
39.9341    12
39.9441     7
39.9541    16
39.9641     9
39.9741    13
39.9841    10
39.9941    13
