Bruker Nano GmbH Berlin, Germany
Esprit 1.9

Date: 6/2/2021 1:04:34 PM
Real time: 5000
Life time: 4651
Pulse density: 103039


Detector type: XFlash 430
Window type: Custom type
Detector thickness: 0.45
Si dead layer:0.029

Calibration, lin.: 10
Calibration, abs.: -955.9
Mn FWHM: 137.05
Fano factor: 0.121
Channels: 4095

Energy Counts
-0.9559     0
-0.9459     0
-0.9359     0
-0.9259     0
-0.9159     0
-0.9059     0
-0.8959     0
-0.8859     0
-0.8759     0
-0.8659     0
-0.8559     0
-0.8459     0
-0.8359     0
-0.8259     0
-0.8159     0
-0.8059     0
-0.7959     0
-0.7859     0
-0.7759     0
-0.7659     0
-0.7559     0
-0.7459     0
-0.7359     0
-0.7259     0
-0.7159     0
-0.7059     0
-0.6959     0
-0.6859     0
-0.6759     0
-0.6659     0
-0.6559     0
-0.6459     0
-0.6359     0
-0.6259     0
-0.6159     0
-0.6059     0
-0.5959     0
-0.5859     0
-0.5759     0
-0.5659     0
-0.5559     0
-0.5459     0
-0.5359     0
-0.5259     0
-0.5159     0
-0.5059     0
-0.4959     0
-0.4859     0
-0.4759     0
-0.4659     0
-0.4559     0
-0.4459     0
-0.4359     0
-0.4259     0
-0.4159     0
-0.4059     0
-0.3959     0
-0.3859     0
-0.3759     0
-0.3659     0
-0.3559     0
-0.3459     0
-0.3359     0
-0.3259     0
-0.3159     0
-0.3059     0
-0.2959     0
-0.2859     0
-0.2759     0
-0.2659     0
-0.2559     0
-0.2459     0
-0.2359     0
-0.2259     0
-0.2159     0
-0.2059     0
-0.1959     0
-0.1859     0
-0.1759     0
-0.1659     0
-0.1559     0
-0.1459     0
-0.1359     0
-0.1259     0
-0.1159     1
-0.1059     2
-0.0959    13
-0.0859    38
-0.0759   174
-0.0659   536
-0.0559  1376
-0.0459  2970
-0.0359  5583
-0.0259  8801
-0.0159 11938
-0.0059 14315
 0.0041 14378
 0.0141 12397
 0.0241  9179
 0.0341  5674
 0.0441  3175
 0.0541  1467
 0.0641   600
 0.0741   181
 0.0841    71
 0.0941    20
 0.1041     7
 0.1141     3
 0.1241     1
 0.1341     2
 0.1441     1
 0.1541     3
 0.1641     1
 0.1741     6
 0.1841    42
 0.1941    96
 0.2041    86
 0.2141    79
 0.2241    66
 0.2341    77
 0.2441    88
 0.2541    75
 0.2641    78
 0.2741    90
 0.2841    88
 0.2941    79
 0.3041    80
 0.3141    63
 0.3241    71
 0.3341    67
 0.3441    68
 0.3541    63
 0.3641    87
 0.3741    77
 0.3841    75
 0.3941    74
 0.4041    79
 0.4141    59
 0.4241    70
 0.4341    68
 0.4441    70
 0.4541    73
 0.4641    70
 0.4741    63
 0.4841    66
 0.4941    77
 0.5041    61
 0.5141    59
 0.5241    66
 0.5341    75
 0.5441    65
 0.5541    56
 0.5641    59
 0.5741    57
 0.5841    55
 0.5941    59
 0.6041    62
 0.6141    60
 0.6241    59
 0.6341    56
 0.6441    57
 0.6541    60
 0.6641    58
 0.6741    63
 0.6841    70
 0.6941    65
 0.7041    66
 0.7141    59
 0.7241    47
 0.7341    51
 0.7441    62
 0.7541    58
 0.7641    59
 0.7741    58
 0.7841    56
 0.7941    54
 0.8041    56
 0.8141    58
 0.8241    53
 0.8341    49
 0.8441    63
 0.8541    60
 0.8641    59
 0.8741    58
 0.8841    62
 0.8941    54
 0.9041    47
 0.9141    51
 0.9241    60
 0.9341    54
 0.9441    52
 0.9541    60
 0.9641    61
 0.9741    54
 0.9841    40
 0.9941    38
 1.0041    44
 1.0141    51
 1.0241    56
 1.0341    46
 1.0441    45
 1.0541    57
 1.0641    52
 1.0741    53
 1.0841    54
 1.0941    56
 1.1041    49
 1.1141    60
 1.1241    53
 1.1341    47
 1.1441    44
 1.1541    50
 1.1641    51
 1.1741    57
 1.1841    48
 1.1941    50
 1.2041    46
 1.2141    57
 1.2241    49
 1.2341    52
 1.2441    58
 1.2541    45
 1.2641    45
 1.2741    44
 1.2841    49
 1.2941    55
 1.3041    58
 1.3141    56
 1.3241    37
 1.3341    48
 1.3441    41
 1.3541    48
 1.3641    45
 1.3741    51
 1.3841    50
 1.3941    52
 1.4041    39
 1.4141    32
 1.4241    40
 1.4341    54
 1.4441    50
 1.4541    44
 1.4641    47
 1.4741    50
 1.4841    45
 1.4941    40
 1.5041    37
 1.5141    39
 1.5241    46
 1.5341    43
 1.5441    49
 1.5541    47
 1.5641    43
 1.5741    56
 1.5841    49
 1.5941    50
 1.6041    36
 1.6141    36
 1.6241    42
 1.6341    45
 1.6441    42
 1.6541    62
 1.6641    71
 1.6741    84
 1.6841   108
 1.6941   102
 1.7041   145
 1.7141   160
 1.7241   165
 1.7341   159
 1.7441   190
 1.7541   170
 1.7641   158
 1.7741   131
 1.7841   116
 1.7941   103
 1.8041    76
 1.8141    69
 1.8241    54
 1.8341    79
 1.8441    63
 1.8541    52
 1.8641    54
 1.8741    67
 1.8841    61
 1.8941    47
 1.9041    42
 1.9141    52
 1.9241    44
 1.9341    46
 1.9441    53
 1.9541    45
 1.9641    58
 1.9741    48
 1.9841    46
 1.9941    66
 2.0041    52
 2.0141    55
 2.0241    47
 2.0341    51
 2.0441    45
 2.0541    50
 2.0641    50
 2.0741    43
 2.0841    33
 2.0941    49
 2.1041    46
 2.1141    48
 2.1241    39
 2.1341    49
 2.1441    29
 2.1541    33
 2.1641    39
 2.1741    38
 2.1841    37
 2.1941    35
 2.2041    46
 2.2141    34
 2.2241    41
 2.2341    46
 2.2441    44
 2.2541    46
 2.2641    47
 2.2741    42
 2.2841    28
 2.2941    49
 2.3041    38
 2.3141    41
 2.3241    44
 2.3341    40
 2.3441    39
 2.3541    34
 2.3641    35
 2.3741    50
 2.3841    48
 2.3941    41
 2.4041    45
 2.4141    40
 2.4241    38
 2.4341    36
 2.4441    36
 2.4541    39
 2.4641    39
 2.4741    32
 2.4841    33
 2.4941    43
 2.5041    34
 2.5141    40
 2.5241    30
 2.5341    40
 2.5441    30
 2.5541    34
 2.5641    32
 2.5741    32
 2.5841    30
 2.5941    32
 2.6041    35
 2.6141    39
 2.6241    40
 2.6341    22
 2.6441    34
 2.6541    34
 2.6641    26
 2.6741    27
 2.6841    35
 2.6941    37
 2.7041    26
 2.7141    32
 2.7241    31
 2.7341    35
 2.7441    39
 2.7541    49
 2.7641    38
 2.7741    43
 2.7841    30
 2.7941    24
 2.8041    40
 2.8141    50
 2.8241    34
 2.8341    41
 2.8441    45
 2.8541    29
 2.8641    47
 2.8741    29
 2.8841    32
 2.8941    38
 2.9041    29
 2.9141    27
 2.9241    34
 2.9341    30
 2.9441    45
 2.9541    38
 2.9641    27
 2.9741    39
 2.9841    37
 2.9941    27
 3.0041    35
 3.0141    32
 3.0241    27
 3.0341    45
 3.0441    19
 3.0541    31
 3.0641    40
 3.0741    33
 3.0841    31
 3.0941    24
 3.1041    27
 3.1141    22
 3.1241    28
 3.1341    27
 3.1441    33
 3.1541    36
 3.1641    40
 3.1741    43
 3.1841    20
 3.1941    24
 3.2041    27
 3.2141    25
 3.2241    36
 3.2341    31
 3.2441    55
 3.2541    36
 3.2641    47
 3.2741    59
 3.2841    59
 3.2941    81
 3.3041    58
 3.3141    59
 3.3241    69
 3.3341    56
 3.3441    60
 3.3541    65
 3.3641    58
 3.3741    35
 3.3841    42
 3.3941    42
 3.4041    37
 3.4141    22
 3.4241    28
 3.4341    29
 3.4441    28
 3.4541    27
 3.4641    23
 3.4741    19
 3.4841    18
 3.4941    24
 3.5041    34
 3.5141    40
 3.5241    26
 3.5341    29
 3.5441    37
 3.5541    36
 3.5641    35
 3.5741    45
 3.5841    54
 3.5941    59
 3.6041    74
 3.6141    97
 3.6241   130
 3.6341   141
 3.6441   159
 3.6541   188
 3.6641   220
 3.6741   230
 3.6841   229
 3.6941   212
 3.7041   225
 3.7141   202
 3.7241   208
 3.7341   146
 3.7441   138
 3.7541   108
 3.7641    79
 3.7741    69
 3.7841    48
 3.7941    54
 3.8041    31
 3.8141    25
 3.8241    26
 3.8341    31
 3.8441    19
 3.8541    20
 3.8641    27
 3.8741    26
 3.8841    33
 3.8941    30
 3.9041    19
 3.9141    20
 3.9241    25
 3.9341    28
 3.9441    35
 3.9541    37
 3.9641    49
 3.9741    44
 3.9841    42
 3.9941    49
 4.0041    57
 4.0141    53
 4.0241    43
 4.0341    41
 4.0441    53
 4.0541    48
 4.0641    41
 4.0741    37
 4.0841    38
 4.0941    31
 4.1041    29
 4.1141    23
 4.1241    22
 4.1341    20
 4.1441    17
 4.1541    24
 4.1641    19
 4.1741    29
 4.1841    28
 4.1941    19
 4.2041    26
 4.2141    27
 4.2241    13
 4.2341    13
 4.2441    18
 4.2541    23
 4.2641    28
 4.2741    19
 4.2841    20
 4.2941    28
 4.3041    18
 4.3141    27
 4.3241    19
 4.3341    19
 4.3441    20
 4.3541    27
 4.3641    25
 4.3741    23
 4.3841    29
 4.3941    32
 4.4041    33
 4.4141    34
 4.4241    48
 4.4341    72
 4.4441    75
 4.4541    91
 4.4641   118
 4.4741   123
 4.4841   126
 4.4941   125
 4.5041   164
 4.5141   139
 4.5241   142
 4.5341   125
 4.5441   123
 4.5541   100
 4.5641    84
 4.5741    68
 4.5841    58
 4.5941    39
 4.6041    26
 4.6141    30
 4.6241    30
 4.6341    28
 4.6441    36
 4.6541    38
 4.6641    19
 4.6741    31
 4.6841    21
 4.6941    22
 4.7041    29
 4.7141    18
 4.7241    18
 4.7341    26
 4.7441    17
 4.7541    26
 4.7641    30
 4.7741    21
 4.7841    22
 4.7941    16
 4.8041    25
 4.8141    36
 4.8241    32
 4.8341    27
 4.8441    27
 4.8541    32
 4.8641    39
 4.8741    37
 4.8841    42
 4.8941    43
 4.9041    56
 4.9141    44
 4.9241    44
 4.9341    38
 4.9441    58
 4.9541    47
 4.9641    40
 4.9741    52
 4.9841    42
 4.9941    49
 5.0041    31
 5.0141    22
 5.0241    16
 5.0341    22
 5.0441    31
 5.0541    36
 5.0641    28
 5.0741    28
 5.0841    25
 5.0941    23
 5.1041    22
 5.1141    21
 5.1241    23
 5.1341    22
 5.1441    22
 5.1541    26
 5.1641    21
 5.1741    21
 5.1841    18
 5.1941    23
 5.2041    30
 5.2141    23
 5.2241    29
 5.2341    18
 5.2441    23
 5.2541    25
 5.2641    24
 5.2741    31
 5.2841    31
 5.2941    29
 5.3041    23
 5.3141    30
 5.3241    23
 5.3341    40
 5.3441    32
 5.3541    38
 5.3641    50
 5.3741    49
 5.3841    36
 5.3941    49
 5.4041    46
 5.4141    49
 5.4241    58
 5.4341    40
 5.4441    49
 5.4541    38
 5.4641    34
 5.4741    31
 5.4841    28
 5.4941    34
 5.5041    43
 5.5141    25
 5.5241    24
 5.5341    21
 5.5441    29
 5.5541    23
 5.5641    32
 5.5741    21
 5.5841    20
 5.5941    29
 5.6041    30
 5.6141    26
 5.6241    23
 5.6341    28
 5.6441    35
 5.6541    23
 5.6641    26
 5.6741    31
 5.6841    28
 5.6941    26
 5.7041    20
 5.7141    24
 5.7241    36
 5.7341    29
 5.7441    37
 5.7541    45
 5.7641    42
 5.7741    53
 5.7841    57
 5.7941    81
 5.8041    90
 5.8141   113
 5.8241   139
 5.8341   165
 5.8441   187
 5.8541   198
 5.8641   195
 5.8741   219
 5.8841   245
 5.8941   203
 5.9041   208
 5.9141   201
 5.9241   184
 5.9341   195
 5.9441   197
 5.9541   136
 5.9641   126
 5.9741    95
 5.9841    95
 5.9941    82
 6.0041    56
 6.0141    43
 6.0241    47
 6.0341    40
 6.0441    33
 6.0541    35
 6.0641    35
 6.0741    45
 6.0841    43
 6.0941    31
 6.1041    39
 6.1141    42
 6.1241    44
 6.1341    47
 6.1441    61
 6.1541    55
 6.1641    47
 6.1741    63
 6.1841    80
 6.1941    77
 6.2041   113
 6.2141   148
 6.2241   207
 6.2341   259
 6.2441   410
 6.2541   579
 6.2641   767
 6.2741  1010
 6.2841  1431
 6.2941  1946
 6.3041  2431
 6.3141  3113
 6.3241  3775
 6.3341  4547
 6.3441  5254
 6.3541  6013
 6.3641  6598
 6.3741  7090
 6.3841  7540
 6.3941  7582
 6.4041  7405
 6.4141  7224
 6.4241  6898
 6.4341  6204
 6.4441  5493
 6.4541  4704
 6.4641  3988
 6.4741  3206
 6.4841  2527
 6.4941  2035
 6.5041  1553
 6.5141  1127
 6.5241   830
 6.5341   581
 6.5441   413
 6.5541   312
 6.5641   196
 6.5741   154
 6.5841   105
 6.5941    86
 6.6041    93
 6.6141    58
 6.6241    48
 6.6341    50
 6.6441    43
 6.6541    31
 6.6641    34
 6.6741    40
 6.6841    36
 6.6941    53
 6.7041    54
 6.7141    55
 6.7241    54
 6.7341    41
 6.7441    32
 6.7541    48
 6.7641    59
 6.7741    50
 6.7841    60
 6.7941    57
 6.8041    66
 6.8141    61
 6.8241    51
 6.8341    58
 6.8441    78
 6.8541    76
 6.8641    75
 6.8741    96
 6.8841   111
 6.8941   152
 6.9041   140
 6.9141   196
 6.9241   254
 6.9341   287
 6.9441   363
 6.9541   474
 6.9641   530
 6.9741   679
 6.9841   765
 6.9941   888
 7.0041   962
 7.0141  1096
 7.0241  1227
 7.0341  1213
 7.0441  1233
 7.0541  1217
 7.0641  1221
 7.0741  1245
 7.0841  1186
 7.0941  1011
 7.1041   942
 7.1141   796
 7.1241   692
 7.1341   577
 7.1441   498
 7.1541   357
 7.1641   306
 7.1741   226
 7.1841   192
 7.1941   131
 7.2041   113
 7.2141    97
 7.2241    72
 7.2341    52
 7.2441    49
 7.2541    59
 7.2641    55
 7.2741    53
 7.2841    53
 7.2941    59
 7.3041    56
 7.3141    66
 7.3241    66
 7.3341    56
 7.3441    71
 7.3541    68
 7.3641    72
 7.3741    74
 7.3841    76
 7.3941    74
 7.4041   100
 7.4141    88
 7.4241   100
 7.4341   104
 7.4441    98
 7.4541   113
 7.4641    87
 7.4741    81
 7.4841    85
 7.4941    91
 7.5041    76
 7.5141    73
 7.5241    65
 7.5341    62
 7.5441    81
 7.5541    56
 7.5641    56
 7.5741    59
 7.5841    47
 7.5941    60
 7.6041    59
 7.6141    48
 7.6241    52
 7.6341    52
 7.6441    56
 7.6541    57
 7.6641    55
 7.6741    65
 7.6841    50
 7.6941    51
 7.7041    64
 7.7141    56
 7.7241    53
 7.7341    64
 7.7441    52
 7.7541    57
 7.7641    74
 7.7741    53
 7.7841    61
 7.7941    41
 7.8041    60
 7.8141    74
 7.8241    63
 7.8341    66
 7.8441    66
 7.8541    73
 7.8641    78
 7.8741    75
 7.8841    69
 7.8941    76
 7.9041    65
 7.9141    97
 7.9241    90
 7.9341    81
 7.9441    91
 7.9541   116
 7.9641   117
 7.9741   129
 7.9841   150
 7.9941   153
 8.0041   160
 8.0141   182
 8.0241   176
 8.0341   172
 8.0441   180
 8.0541   202
 8.0641   220
 8.0741   246
 8.0841   250
 8.0941   257
 8.1041   278
 8.1141   285
 8.1241   295
 8.1341   308
 8.1441   321
 8.1541   298
 8.1641   313
 8.1741   321
 8.1841   302
 8.1941   315
 8.2041   371
 8.2141   312
 8.2241   364
 8.2341   359
 8.2441   374
 8.2541   385
 8.2641   402
 8.2741   410
 8.2841   421
 8.2941   475
 8.3041   486
 8.3141   533
 8.3241   576
 8.3341   607
 8.3441   636
 8.3541   687
 8.3641   720
 8.3741   764
 8.3841   704
 8.3941   726
 8.4041   703
 8.4141   698
 8.4241   661
 8.4341   621
 8.4441   532
 8.4541   512
 8.4641   434
 8.4741   411
 8.4841   294
 8.4941   280
 8.5041   221
 8.5141   202
 8.5241   163
 8.5341   135
 8.5441   136
 8.5541   129
 8.5641   131
 8.5741   122
 8.5841   111
 8.5941    96
 8.6041   121
 8.6141   117
 8.6241   113
 8.6341   122
 8.6441   110
 8.6541   102
 8.6641   103
 8.6741    90
 8.6841    85
 8.6941    86
 8.7041    80
 8.7141    95
 8.7241    99
 8.7341    88
 8.7441    74
 8.7541    95
 8.7641    79
 8.7741    78
 8.7841    79
 8.7941    71
 8.8041    70
 8.8141    55
 8.8241    76
 8.8341    80
 8.8441    73
 8.8541    75
 8.8641    74
 8.8741    87
 8.8841    81
 8.8941    70
 8.9041    81
 8.9141    79
 8.9241    77
 8.9341    90
 8.9441    86
 8.9541    86
 8.9641    91
 8.9741    79
 8.9841    84
 8.9941    77
 9.0041    84
 9.0141   101
 9.0241    93
 9.0341    99
 9.0441    97
 9.0541    84
 9.0641   105
 9.0741   111
 9.0841   120
 9.0941   108
 9.1041   108
 9.1141   114
 9.1241   128
 9.1341   127
 9.1441   135
 9.1541   139
 9.1641   139
 9.1741   161
 9.1841   152
 9.1941   161
 9.2041   180
 9.2141   175
 9.2241   196
 9.2341   198
 9.2441   225
 9.2541   234
 9.2641   244
 9.2741   247
 9.2841   268
 9.2941   261
 9.3041   285
 9.3141   315
 9.3241   267
 9.3341   263
 9.3441   296
 9.3541   299
 9.3641   325
 9.3741   303
 9.3841   312
 9.3941   309
 9.4041   306
 9.4141   348
 9.4241   342
 9.4341   353
 9.4441   363
 9.4541   348
 9.4641   348
 9.4741   346
 9.4841   361
 9.4941   383
 9.5041   386
 9.5141   405
 9.5241   383
 9.5341   472
 9.5441   453
 9.5541   471
 9.5641   479
 9.5741   513
 9.5841   560
 9.5941   585
 9.6041   608
 9.6141   646
 9.6241   702
 9.6341   666
 9.6441   714
 9.6541   711
 9.6641   671
 9.6741   686
 9.6841   710
 9.6941   693
 9.7041   661
 9.7141   643
 9.7241   593
 9.7341   578
 9.7441   530
 9.7541   445
 9.7641   410
 9.7741   400
 9.7841   364
 9.7941   349
 9.8041   324
 9.8141   306
 9.8241   296
 9.8341   283
 9.8441   286
 9.8541   279
 9.8641   315
 9.8741   309
 9.8841   304
 9.8941   294
 9.9041   310
 9.9141   325
 9.9241   306
 9.9341   331
 9.9441   333
 9.9541   309
 9.9641   331
 9.9741   292
 9.9841   293
 9.9941   283
10.0041   291
10.0141   250
10.0241   211
10.0341   196
10.0441   175
10.0541   161
10.0641   142
10.0741   161
10.0841   142
10.0941   112
10.1041    88
10.1141    70
10.1241    84
10.1341    66
10.1441    67
10.1541    53
10.1641    59
10.1741    54
10.1841    51
10.1941    50
10.2041    46
10.2141    42
10.2241    48
10.2341    43
10.2441    52
10.2541    45
10.2641    47
10.2741    49
10.2841    47
10.2941    47
10.3041    46
10.3141    39
10.3241    40
10.3341    47
10.3441    46
10.3541    48
10.3641    47
10.3741    39
10.3841    45
10.3941    39
10.4041    40
10.4141    44
10.4241    48
10.4341    43
10.4441    48
10.4541    50
10.4641    47
10.4741    59
10.4841    57
10.4941    49
10.5041    54
10.5141    60
10.5241    61
10.5341    55
10.5441    46
10.5541    52
10.5641    62
10.5741    62
10.5841    55
10.5941    56
10.6041    61
10.6141    55
10.6241    53
10.6341    51
10.6441    36
10.6541    58
10.6641    61
10.6741    43
10.6841    55
10.6941    60
10.7041    62
10.7141    51
10.7241    58
10.7341    49
10.7441    45
10.7541    54
10.7641    55
10.7741    58
10.7841    62
10.7941    61
10.8041    65
10.8141    64
10.8241    73
10.8341    63
10.8441    67
10.8541    73
10.8641    72
10.8741    71
10.8841    68
10.8941    80
10.9041    77
10.9141    77
10.9241    73
10.9341    69
10.9441    63
10.9541    67
10.9641    62
10.9741    69
10.9841    73
10.9941    75
11.0041    73
11.0141    71
11.0241    61
11.0341    68
11.0441    61
11.0541    62
11.0641    55
11.0741    53
11.0841    59
11.0941    69
11.1041    80
11.1141    67
11.1241    58
11.1341    56
11.1441    70
11.1541    82
11.1641    81
11.1741    78
11.1841    82
11.1941    85
11.2041    79
11.2141    88
11.2241    94
11.2341    96
11.2441    98
11.2541    87
11.2641    84
11.2741   105
11.2841   121
11.2941   118
11.3041   107
11.3141    83
11.3241    80
11.3341    74
11.3441    80
11.3541    86
11.3641    81
11.3741    70
11.3841    72
11.3941    76
11.4041    63
11.4141    71
11.4241    71
11.4341    60
11.4441    58
11.4541    54
11.4641    59
11.4741    52
11.4841    45
11.4941    49
11.5041    50
11.5141    47
11.5241    44
11.5341    48
11.5441    56
11.5541    57
11.5641    57
11.5741    60
11.5841    57
11.5941    51
11.6041    60
11.6141    48
11.6241    53
11.6341    61
11.6441    61
11.6541    60
11.6641    62
11.6741    53
11.6841    55
11.6941    52
11.7041    46
11.7141    51
11.7241    58
11.7341    50
11.7441    41
11.7541    49
11.7641    49
11.7741    49
11.7841    47
11.7941    36
11.8041    47
11.8141    47
11.8241    41
11.8341    35
11.8441    37
11.8541    37
11.8641    43
11.8741    37
11.8841    36
11.8941    38
11.9041    34
11.9141    35
11.9241    37
11.9341    35
11.9441    39
11.9541    44
11.9641    49
11.9741    47
11.9841    47
11.9941    51
12.0041    49
12.0141    39
12.0241    40
12.0341    44
12.0441    36
12.0541    35
12.0641    40
12.0741    41
12.0841    44
12.0941    34
12.1041    29
12.1141    36
12.1241    36
12.1341    36
12.1441    39
12.1541    42
12.1641    42
12.1741    47
12.1841    37
12.1941    38
12.2041    38
12.2141    36
12.2241    41
12.2341    41
12.2441    33
12.2541    28
12.2641    35
12.2741    41
12.2841    43
12.2941    36
12.3041    41
12.3141    41
12.3241    37
12.3341    36
12.3441    38
12.3541    35
12.3641    43
12.3741    46
12.3841    45
12.3941    39
12.4041    39
12.4141    43
12.4241    35
12.4341    33
12.4441    40
12.4541    40
12.4641    39
12.4741    39
12.4841    39
12.4941    41
12.5041    41
12.5141    39
12.5241    43
12.5341    41
12.5441    41
12.5541    41
12.5641    46
12.5741    47
12.5841    46
12.5941    46
12.6041    49
12.6141    46
12.6241    49
12.6341    45
12.6441    44
12.6541    44
12.6641    45
12.6741    41
12.6841    37
12.6941    40
12.7041    41
12.7141    40
12.7241    50
12.7341    46
12.7441    40
12.7541    42
12.7641    42
12.7741    41
12.7841    43
12.7941    46
12.8041    46
12.8141    43
12.8241    43
12.8341    46
12.8441    47
12.8541    47
12.8641    48
12.8741    45
12.8841    43
12.8941    44
12.9041    44
12.9141    43
12.9241    43
12.9341    45
12.9441    48
12.9541    48
12.9641    46
12.9741    45
12.9841    45
12.9941    44
13.0041    44
13.0141    42
13.0241    40
13.0341    39
13.0441    40
13.0541    43
13.0641    45
13.0741    44
13.0841    43
13.0941    44
13.1041    47
13.1141    49
13.1241    49
13.1341    48
13.1441    47
13.1541    47
13.1641    46
13.1741    46
13.1841    49
13.1941    53
13.2041    54
13.2141    51
13.2241    50
13.2341    56
13.2441    53
13.2541    56
13.2641    66
13.2741    58
13.2841    63
13.2941    67
13.3041    59
13.3141    67
13.3241    68
13.3341    73
13.3441    73
13.3541    65
13.3641    76
13.3741    76
13.3841    64
13.3941    66
13.4041    66
13.4141    73
13.4241    69
13.4341    56
13.4441    66
13.4541    71
13.4641    61
13.4741    57
13.4841    56
13.4941    55
13.5041    55
13.5141    59
13.5241    62
13.5341    55
13.5441    54
13.5541    57
13.5641    54
13.5741    49
13.5841    52
13.5941    56
13.6041    51
13.6141    50
13.6241    49
13.6341    46
13.6441    49
13.6541    53
13.6641    57
13.6741    58
13.6841    51
13.6941    43
13.7041    49
13.7141    60
13.7241    54
13.7341    47
13.7441    48
13.7541    48
13.7641    50
13.7741    50
13.7841    47
13.7941    50
13.8041    55
13.8141    56
13.8241    52
13.8341    55
13.8441    53
13.8541    51
13.8641    56
13.8741    62
13.8841    55
13.8941    47
13.9041    54
13.9141    56
13.9241    55
13.9341    52
13.9441    55
13.9541    57
13.9641    56
13.9741    59
13.9841    64
13.9941    64
14.0041    67
14.0141    69
14.0241    74
14.0341    77
14.0441    67
14.0541    71
14.0641    82
14.0741    80
14.0841    79
14.0941    74
14.1041    71
14.1141    83
14.1241    90
14.1341    81
14.1441    71
14.1541    74
14.1641    74
14.1741    69
14.1841    72
14.1941    73
14.2041    70
14.2141    69
14.2241    70
14.2341    74
14.2441    80
14.2541    80
14.2641    71
14.2741    62
14.2841    59
14.2941    68
14.3041    65
14.3141    57
14.3241    54
14.3341    52
14.3441    58
14.3541    60
14.3641    62
14.3741    65
14.3841    61
14.3941    58
14.4041    71
14.4141    74
14.4241    62
14.4341    68
14.4441    71
14.4541    63
14.4641    60
14.4741    62
14.4841    67
14.4941    66
14.5041    64
14.5141    66
14.5241    67
14.5341    55
14.5441    60
14.5541    60
14.5641    57
14.5741    60
14.5841    67
14.5941    75
14.6041    65
14.6141    54
14.6241    59
14.6341    64
14.6441    62
14.6541    58
14.6641    61
14.6741    60
14.6841    64
14.6941    67
14.7041    62
14.7141    59
14.7241    61
14.7341    66
14.7441    66
14.7541    65
14.7641    69
14.7741    65
14.7841    63
14.7941    62
14.8041    65
14.8141    71
14.8241    69
14.8341    73
14.8441    74
14.8541    82
14.8641    80
14.8741    70
14.8841    68
14.8941    76
14.9041    82
14.9141    74
14.9241    71
14.9341    75
14.9441    66
14.9541    69
14.9641    67
14.9741    77
14.9841    80
14.9941    68
15.0041    69
15.0141    75
15.0241    83
15.0341    73
15.0441    62
15.0541    69
15.0641    80
15.0741    81
15.0841    76
15.0941    72
15.1041    66
15.1141    60
15.1241    63
15.1341    67
15.1441    74
15.1541    81
15.1641    72
15.1741    72
15.1841    65
15.1941    65
15.2041    77
15.2141    74
15.2241    68
15.2341    68
15.2441    71
15.2541    69
15.2641    78
15.2741    82
15.2841    71
15.2941    59
15.3041    70
15.3141    74
15.3241    64
15.3341    62
15.3441    64
15.3541    64
15.3641    54
15.3741    50
15.3841    60
15.3941    68
15.4041    66
15.4141    63
15.4241    71
15.4341    60
15.4441    66
15.4541    71
15.4641    62
15.4741    75
15.4841    88
15.4941    84
15.5041    83
15.5141    78
15.5241    74
15.5341    76
15.5441    77
15.5541    73
15.5641    88
15.5741    96
15.5841    94
15.5941    90
15.6041    95
15.6141   107
15.6241   109
15.6341   109
15.6441   110
15.6541   102
15.6641   108
15.6741   120
15.6841   133
15.6941   135
15.7041   140
15.7141   138
15.7241   152
15.7341   157
15.7441   137
15.7541   148
15.7641   154
15.7741   152
15.7841   147
15.7941   143
15.8041   136
15.8141   128
15.8241   125
15.8341   134
15.8441   125
15.8541   123
15.8641   119
15.8741    99
15.8841    88
15.8941    93
15.9041   102
15.9141   102
15.9241    94
15.9341    92
15.9441    77
15.9541    76
15.9641    81
15.9741    87
15.9841    89
15.9941    80
16.0041    75
16.0141    88
16.0241    88
16.0341    74
16.0441    79
16.0541    84
16.0641    90
16.0741    84
16.0841    79
16.0941    81
16.1041    83
16.1141    85
16.1241    74
16.1341    68
16.1441    84
16.1541    81
16.1641    78
16.1741    86
16.1841    94
16.1941    83
16.2041    83
16.2141    76
16.2241    85
16.2341    93
16.2441    82
16.2541    83
16.2641    90
16.2741    91
16.2841    86
16.2941    81
16.3041    88
16.3141    79
16.3241    81
16.3341    82
16.3441    78
16.3541    82
16.3641    80
16.3741    84
16.3841    89
16.3941    87
16.4041    91
16.4141    81
16.4241    85
16.4341    97
16.4441   106
16.4541    88
16.4641    80
16.4741    78
16.4841    86
16.4941    83
16.5041    79
16.5141    80
16.5241    89
16.5341   104
16.5441    98
16.5541    93
16.5641    94
16.5741    89
16.5841    88
16.5941    88
16.6041    92
16.6141    89
16.6241    92
16.6341    95
16.6441    98
16.6541    87
16.6641   106
16.6741    99
16.6841   103
16.6941   101
16.7041   101
16.7141    94
16.7241    99
16.7341    99
16.7441    91
16.7541    91
16.7641    86
16.7741    88
16.7841    86
16.7941    86
16.8041    86
16.8141    91
16.8241    96
16.8341    96
16.8441   103
16.8541    92
16.8641    92
16.8741    94
16.8841    96
16.8941   100
16.9041   101
16.9141    91
16.9241    86
16.9341    90
16.9441   103
16.9541   101
16.9641    88
16.9741    84
16.9841    95
16.9941    86
17.0041    86
17.0141   104
17.0241   107
17.0341    94
17.0441    99
17.0541    93
17.0641    81
17.0741    81
17.0841    90
17.0941    85
17.1041    94
17.1141    98
17.1241    93
17.1341    78
17.1441    92
17.1541   104
17.1641    93
17.1741    91
17.1841    99
17.1941   103
17.2041    97
17.2141   111
17.2241    91
17.2341    99
17.2441   103
17.2541   119
17.2641   112
17.2741   101
17.2841    99
17.2941    92
17.3041    90
17.3141    93
17.3241    92
17.3341   113
17.3441    95
17.3541   100
17.3641    95
17.3741    98
17.3841    95
17.3941    96
17.4041   100
17.4141   104
17.4241    87
17.4341    98
17.4441    96
17.4541   102
17.4641   104
17.4741   111
17.4841    98
17.4941   108
17.5041   110
17.5141   109
17.5241   105
17.5341    99
17.5441   100
17.5541   106
17.5641   108
17.5741   121
17.5841   120
17.5941   119
17.6041   110
17.6141   112
17.6241   105
17.6341   119
17.6441   109
17.6541   115
17.6641   119
17.6741   125
17.6841   120
17.6941   118
17.7041   111
17.7141   111
17.7241   100
17.7341   108
17.7441   102
17.7541   105
17.7641   109
17.7741   119
17.7841   116
17.7941   111
17.8041   114
17.8141   104
17.8241   100
17.8341   108
17.8441   103
17.8541   104
17.8641   103
17.8741    99
17.8841   101
17.8941   114
17.9041   105
17.9141    94
17.9241   103
17.9341   113
17.9441   115
17.9541   113
17.9641   100
17.9741   112
17.9841   120
17.9941   120
18.0041   120
18.0141    99
18.0241   102
18.0341   107
18.0441   102
18.0541   118
18.0641   109
18.0741   120
18.0841   114
18.0941   116
18.1041    92
18.1141    94
18.1241   106
18.1341   104
18.1441   100
18.1541   106
18.1641   125
18.1741   103
18.1841   120
18.1941   120
18.2041   111
18.2141   115
18.2241   121
18.2341   107
18.2441   115
18.2541   115
18.2641   102
18.2741   114
18.2841   118
18.2941   104
18.3041   109
18.3141   109
18.3241   110
18.3341   108
18.3441    97
18.3541   108
18.3641   119
18.3741   112
18.3841   111
18.3941   117
18.4041   125
18.4141   121
18.4241   124
18.4341   124
18.4441   121
18.4541   131
18.4641   119
18.4741   112
18.4841   112
18.4941   124
18.5041   105
18.5141   111
18.5241   117
18.5341   115
18.5441   111
18.5541   120
18.5641   119
18.5741   116
18.5841   130
18.5941   111
18.6041   120
18.6141   124
18.6241   108
18.6341   118
18.6441   117
18.6541   114
18.6641   121
18.6741   130
18.6841   115
18.6941   116
18.7041   123
18.7141   120
18.7241   126
18.7341   113
18.7441   108
18.7541   124
18.7641   120
18.7741   117
18.7841   118
18.7941   128
18.8041   125
18.8141   117
18.8241   102
18.8341   112
18.8441   128
18.8541   115
18.8641   113
18.8741   123
18.8841   105
18.8941    99
18.9041   106
18.9141   102
18.9241   108
18.9341   131
18.9441   131
18.9541   114
18.9641   100
18.9741   114
18.9841   112
18.9941   120
19.0041   118
19.0141   112
19.0241   122
19.0341   127
19.0441   117
19.0541   136
19.0641   107
19.0741   115
19.0841   129
19.0941   116
19.1041   104
19.1141   112
19.1241   127
19.1341   126
19.1441   131
19.1541   128
19.1641   126
19.1741   119
19.1841   121
19.1941   126
19.2041   129
19.2141   135
19.2241   127
19.2341   123
19.2441   112
19.2541   126
19.2641   114
19.2741   127
19.2841   136
19.2941   126
19.3041   122
19.3141   128
19.3241   120
19.3341   120
19.3441   125
19.3541   124
19.3641   123
19.3741   135
19.3841   129
19.3941   121
19.4041   128
19.4141   132
19.4241   128
19.4341   126
19.4441   128
19.4541   128
19.4641   138
19.4741   128
19.4841   134
19.4941   109
19.5041   136
19.5141   139
19.5241   130
19.5341   116
19.5441   120
19.5541   127
19.5641   133
19.5741   123
19.5841   129
19.5941   127
19.6041   131
19.6141   141
19.6241   129
19.6341   136
19.6441   125
19.6541   135
19.6641   132
19.6741   122
19.6841   142
19.6941   141
19.7041   138
19.7141   143
19.7241   132
19.7341   126
19.7441   152
19.7541   126
19.7641   124
19.7741   133
19.7841   151
19.7941   136
19.8041   116
19.8141   112
19.8241   136
19.8341   116
19.8441   140
19.8541   129
19.8641   122
19.8741   134
19.8841   117
19.8941   133
19.9041   140
19.9141   129
19.9241   125
19.9341   117
19.9441   152
19.9541   144
19.9641   119
19.9741   123
19.9841   120
19.9941   123
20.0041   121
20.0141   137
20.0241   123
20.0341   137
20.0441   142
20.0541   139
20.0641   138
20.0741   132
20.0841   146
20.0941   137
20.1041   136
20.1141   126
20.1241   128
20.1341   119
20.1441   136
20.1541   138
20.1641   127
20.1741   139
20.1841   145
20.1941   145
20.2041   139
20.2141   139
20.2241   114
20.2341   139
20.2441   127
20.2541   125
20.2641   135
20.2741   136
20.2841   144
20.2941   145
20.3041   158
20.3141   147
20.3241   120
20.3341   116
20.3441   121
20.3541   129
20.3641   123
20.3741   129
20.3841   148
20.3941   142
20.4041   145
20.4141   133
20.4241   140
20.4341   127
20.4441   126
20.4541   137
20.4641   114
20.4741   136
20.4841   132
20.4941   129
20.5041   125
20.5141   136
20.5241   133
20.5341   139
20.5441   142
20.5541   128
20.5641   126
20.5741   125
20.5841   134
20.5941   134
20.6041   136
20.6141   126
20.6241   120
20.6341   131
20.6441   137
20.6541   137
20.6641   125
20.6741   148
20.6841   121
20.6941   133
20.7041   154
20.7141   143
20.7241   152
20.7341   147
20.7441   134
20.7541   117
20.7641   134
20.7741   128
20.7841   141
20.7941   145
20.8041   142
20.8141   128
20.8241   144
20.8341   157
20.8441   149
20.8541   150
20.8641   160
20.8741   166
20.8841   159
20.8941   153
20.9041   148
20.9141   148
20.9241   162
20.9341   161
20.9441   176
20.9541   179
20.9641   164
20.9741   184
20.9841   163
20.9941   185
21.0041   159
21.0141   177
21.0241   174
21.0341   213
21.0441   204
21.0541   182
21.0641   208
21.0741   217
21.0841   226
21.0941   214
21.1041   224
21.1141   209
21.1241   225
21.1341   221
21.1441   198
21.1541   225
21.1641   217
21.1741   208
21.1841   204
21.1941   191
21.2041   183
21.2141   180
21.2241   191
21.2341   187
21.2441   195
21.2541   178
21.2641   177
21.2741   159
21.2841   189
21.2941   174
21.3041   171
21.3141   158
21.3241   153
21.3341   145
21.3441   154
21.3541   150
21.3641   148
21.3741   146
21.3841   142
21.3941   137
21.4041   145
21.4141   152
21.4241   133
21.4341   125
21.4441   131
21.4541   149
21.4641   126
21.4741   121
21.4841   129
21.4941   150
21.5041   149
21.5141   146
21.5241   136
21.5341   116
21.5441   137
21.5541   129
21.5641   140
21.5741   146
21.5841   137
21.5941   133
21.6041   146
21.6141   144
21.6241   133
21.6341   146
21.6441   136
21.6541   133
21.6641   151
21.6741   164
21.6841   144
21.6941   138
21.7041   143
21.7141   131
21.7241   136
21.7341   139
21.7441   121
21.7541   137
21.7641   122
21.7741   133
21.7841   117
21.7941   142
21.8041   152
21.8141   126
21.8241   140
21.8341   130
21.8441   148
21.8541   133
21.8641   144
21.8741   120
21.8841   128
21.8941   122
21.9041   147
21.9141   140
21.9241   152
21.9341   128
21.9441   136
21.9541   138
21.9641   156
21.9741   161
21.9841   139
21.9941   132
22.0041   150
22.0141   142
22.0241   143
22.0341   136
22.0441   147
22.0541   130
22.0641   141
22.0741   111
22.0841   140
22.0941   154
22.1041   137
22.1141   158
22.1241   148
22.1341   139
22.1441   155
22.1541   139
22.1641   151
22.1741   148
22.1841   130
22.1941   156
22.2041   149
22.2141   130
22.2241   129
22.2341   142
22.2441   138
22.2541   155
22.2641   133
22.2741   158
22.2841   144
22.2941   148
22.3041   128
22.3141   126
22.3241   159
22.3341   122
22.3441   151
22.3541   121
22.3641   141
22.3741   150
22.3841   133
22.3941   129
22.4041   118
22.4141   150
22.4241   143
22.4341   121
22.4441   147
22.4541   125
22.4641   143
22.4741   143
22.4841   147
22.4941   152
22.5041   144
22.5141   131
22.5241   166
22.5341   129
22.5441   137
22.5541   133
22.5641   137
22.5741   131
22.5841   150
22.5941   135
22.6041   158
22.6141   155
22.6241   138
22.6341   135
22.6441   158
22.6541   132
22.6641   120
22.6741   112
22.6841   125
22.6941   126
22.7041   154
22.7141   145
22.7241   146
22.7341   127
22.7441   119
22.7541   120
22.7641   134
22.7741   139
22.7841   135
22.7941   130
22.8041   154
22.8141   125
22.8241   125
22.8341   122
22.8441   140
22.8541   120
22.8641   130
22.8741   117
22.8841   124
22.8941   146
22.9041   148
22.9141   136
22.9241   130
22.9341   136
22.9441   138
22.9541   129
22.9641   136
22.9741   126
22.9841   142
22.9941   142
23.0041   141
23.0141   140
23.0241   143
23.0341   140
23.0441   160
23.0541   138
23.0641   136
23.0741   124
23.0841   143
23.0941   160
23.1041   145
23.1141   138
23.1241   122
23.1341   122
23.1441   120
23.1541   140
23.1641   149
23.1741   143
23.1841   134
23.1941   155
23.2041   130
23.2141   142
23.2241   134
23.2341   142
23.2441   149
23.2541   141
23.2641   141
23.2741   144
23.2841   148
23.2941   134
23.3041   133
23.3141   133
23.3241   130
23.3341   143
23.3441   138
23.3541   144
23.3641   150
23.3741   129
23.3841   129
23.3941   132
23.4041   131
23.4141   140
23.4241   138
23.4341   132
23.4441   133
23.4541   172
23.4641   141
23.4741   146
23.4841   132
23.4941   146
23.5041   132
23.5141   143
23.5241   142
23.5341   137
23.5441   137
23.5541   124
23.5641   134
23.5741   153
23.5841   143
23.5941   134
23.6041   138
23.6141   144
23.6241   131
23.6341   151
23.6441   153
23.6541   152
23.6641   156
23.6741   148
23.6841   149
23.6941   146
23.7041   131
23.7141   149
23.7241   144
23.7341   133
23.7441   158
23.7541   163
23.7641   139
23.7741   138
23.7841   137
23.7941   166
23.8041   140
23.8141   162
23.8241   148
23.8341   153
23.8441   161
23.8541   165
23.8641   150
23.8741   135
23.8841   137
23.8941   141
23.9041   154
23.9141   147
23.9241   155
23.9341   140
23.9441   151
23.9541   138
23.9641   129
23.9741   152
23.9841   130
23.9941   142
24.0041   151
24.0141   155
24.0241   147
24.0341   143
24.0441   116
24.0541   134
24.0641   121
24.0741   124
24.0841   126
24.0941   136
24.1041   135
24.1141   134
24.1241   149
24.1341   107
24.1441   131
24.1541   114
24.1641   146
24.1741   133
24.1841   143
24.1941   126
24.2041   143
24.2141   152
24.2241   157
24.2341   137
24.2441   130
24.2541   124
24.2641   135
24.2741   148
24.2841   143
24.2941   138
24.3041   152
24.3141   122
24.3241   143
24.3341   142
24.3441   154
24.3541   126
24.3641   127
24.3741   141
24.3841   139
24.3941   135
24.4041   121
24.4141   121
24.4241   115
24.4341   130
24.4441   124
24.4541   130
24.4641   123
24.4741   132
24.4841   130
24.4941   127
24.5041   156
24.5141   138
24.5241   127
24.5341   137
24.5441   132
24.5541   137
24.5641   111
24.5741   106
24.5841   131
24.5941   133
24.6041   133
24.6141   137
24.6241   128
24.6341   128
24.6441   124
24.6541   110
24.6641   125
24.6741   138
24.6841   123
24.6941   122
24.7041   121
24.7141   112
24.7241   131
24.7341   118
24.7441   128
24.7541   125
24.7641   115
24.7741   116
24.7841   123
24.7941   122
24.8041   131
24.8141   153
24.8241   118
24.8341   120
24.8441   122
24.8541   115
24.8641   136
24.8741   151
24.8841   130
24.8941   138
24.9041   125
24.9141   136
24.9241   152
24.9341   137
24.9441   135
24.9541   133
24.9641   141
24.9741   130
24.9841   130
24.9941   141
25.0041   131
25.0141   127
25.0241   151
25.0341   128
25.0441   132
25.0541   111
25.0641   138
25.0741   153
25.0841   133
25.0941   130
25.1041   119
25.1141   128
25.1241   116
25.1341   115
25.1441   131
25.1541   120
25.1641   114
25.1741   123
25.1841   126
25.1941   125
25.2041   134
25.2141   135
25.2241   133
25.2341   141
25.2441   136
25.2541   151
25.2641   116
25.2741   132
25.2841   137
25.2941   144
25.3041   117
25.3141   133
25.3241   117
25.3341   141
25.3441   118
25.3541   127
25.3641   132
25.3741   122
25.3841   121
25.3941   113
25.4041   122
25.4141   140
25.4241   118
25.4341   137
25.4441   148
25.4541   135
25.4641   126
25.4741   130
25.4841   135
25.4941   123
25.5041   120
25.5141   121
25.5241   140
25.5341   128
25.5441   124
25.5541   108
25.5641   134
25.5741   121
25.5841   119
25.5941   121
25.6041   137
25.6141   117
25.6241   135
25.6341   125
25.6441   128
25.6541   133
25.6641   128
25.6741   116
25.6841   128
25.6941   119
25.7041   121
25.7141   132
25.7241   119
25.7341   124
25.7441   124
25.7541   121
25.7641   115
25.7741   134
25.7841   139
25.7941   127
25.8041   113
25.8141   108
25.8241   113
25.8341   147
25.8441   133
25.8541   131
25.8641   124
25.8741   120
25.8841   124
25.8941   138
25.9041   125
25.9141   119
25.9241   109
25.9341   110
25.9441   128
25.9541   121
25.9641   125
25.9741   120
25.9841   131
25.9941   111
26.0041   119
26.0141   111
26.0241    94
26.0341    95
26.0441   129
26.0541   116
26.0641   128
26.0741   128
26.0841   127
26.0941   115
26.1041   107
26.1141   110
26.1241   108
26.1341   128
26.1441    98
26.1541   133
26.1641   130
26.1741   123
26.1841   113
26.1941   114
26.2041   116
26.2141   131
26.2241   126
26.2341   144
26.2441   118
26.2541   120
26.2641   139
26.2741   134
26.2841   119
26.2941   119
26.3041   115
26.3141   104
26.3241   102
26.3341   125
26.3441   111
26.3541   143
26.3641   114
26.3741   127
26.3841   115
26.3941   104
26.4041   117
26.4141    86
26.4241   109
26.4341   111
26.4441   106
26.4541   113
26.4641   142
26.4741   111
26.4841   114
26.4941   130
26.5041   112
26.5141   110
26.5241   108
26.5341   116
26.5441   106
26.5541   113
26.5641   113
26.5741   119
26.5841   104
26.5941   123
26.6041   130
26.6141   118
26.6241   105
26.6341   109
26.6441   121
26.6541   101
26.6641   101
26.6741   120
26.6841   120
26.6941   106
26.7041   109
26.7141   116
26.7241   103
26.7341   117
26.7441    97
26.7541   108
26.7641    93
26.7741   106
26.7841   114
26.7941   111
26.8041    90
26.8141    96
26.8241   111
26.8341   110
26.8441   112
26.8541   110
26.8641    98
26.8741   122
26.8841   115
26.8941   118
26.9041   112
26.9141   119
26.9241   103
26.9341   110
26.9441   112
26.9541   112
26.9641    94
26.9741   112
26.9841   125
26.9941   111
27.0041   104
27.0141   115
27.0241   124
27.0341   102
27.0441   109
27.0541   103
27.0641   120
27.0741    96
27.0841   128
27.0941   126
27.1041   115
27.1141   113
27.1241    88
27.1341   105
27.1441    91
27.1541   101
27.1641    97
27.1741   117
27.1841   104
27.1941   119
27.2041   109
27.2141   120
27.2241   108
27.2341   118
27.2441   100
27.2541   103
27.2641   109
27.2741   111
27.2841   121
27.2941   102
27.3041   110
27.3141   106
27.3241    98
27.3341   100
27.3441   115
27.3541   115
27.3641    95
27.3741   104
27.3841   105
27.3941   110
27.4041    84
27.4141   100
27.4241   115
27.4341    93
27.4441    86
27.4541   112
27.4641   102
27.4741   116
27.4841   118
27.4941   109
27.5041   101
27.5141    98
27.5241   112
27.5341    99
27.5441   101
27.5541    93
27.5641   116
27.5741    97
27.5841    98
27.5941   124
27.6041    83
27.6141   106
27.6241   111
27.6341   107
27.6441   114
27.6541   100
27.6641   108
27.6741   106
27.6841   113
27.6941   123
27.7041   117
27.7141   104
27.7241    95
27.7341   104
27.7441    99
27.7541   101
27.7641   101
27.7741    90
27.7841   110
27.7941    99
27.8041   115
27.8141    95
27.8241    90
27.8341    98
27.8441   101
27.8541    98
27.8641   104
27.8741    86
27.8841    86
27.8941   102
27.9041    97
27.9141    90
27.9241    93
27.9341   104
27.9441   102
27.9541    98
27.9641    97
27.9741    92
27.9841   102
27.9941   105
28.0041    94
28.0141    99
28.0241    92
28.0341    88
28.0441    93
28.0541   103
28.0641   103
28.0741    97
28.0841    97
28.0941   102
28.1041   101
28.1141   112
28.1241    95
28.1341    95
28.1441    92
28.1541   103
28.1641    76
28.1741   104
28.1841    86
28.1941   102
28.2041    92
28.2141    99
28.2241   106
28.2341    92
28.2441    90
28.2541   102
28.2641    87
28.2741   104
28.2841    87
28.2941   103
28.3041    93
28.3141   100
28.3241    99
28.3341    91
28.3441   107
28.3541    97
28.3641    82
28.3741    92
28.3841    86
28.3941    95
28.4041    92
28.4141    96
28.4241    86
28.4341   102
28.4441   103
28.4541    84
28.4641    92
28.4741    82
28.4841    80
28.4941    80
28.5041   100
28.5141   100
28.5241   118
28.5341    95
28.5441    95
28.5541    84
28.5641    99
28.5741    87
28.5841    99
28.5941    96
28.6041    81
28.6141    86
28.6241   101
28.6341    90
28.6441    95
28.6541   104
28.6641    90
28.6741    90
28.6841    93
28.6941    83
28.7041    99
28.7141    77
28.7241    93
28.7341    92
28.7441    98
28.7541    86
28.7641    85
28.7741    90
28.7841    79
28.7941    92
28.8041    93
28.8141    83
28.8241   100
28.8341    79
28.8441    80
28.8541    95
28.8641    94
28.8741    76
28.8841    81
28.8941    77
28.9041    75
28.9141    83
28.9241    79
28.9341    77
28.9441    77
28.9541    65
28.9641    89
28.9741    96
28.9841    73
28.9941    81
29.0041    98
29.0141    82
29.0241    88
29.0341    99
29.0441    81
29.0541    97
29.0641    92
29.0741    86
29.0841    89
29.0941    78
29.1041   109
29.1141    94
29.1241   102
29.1341    89
29.1441    83
29.1541    89
29.1641    77
29.1741    81
29.1841    85
29.1941    81
29.2041    79
29.2141    88
29.2241    82
29.2341    98
29.2441    88
29.2541    88
29.2641    91
29.2741    96
29.2841    83
29.2941    81
29.3041    70
29.3141    77
29.3241    87
29.3341    81
29.3441    71
29.3541    99
29.3641    97
29.3741    78
29.3841    78
29.3941    85
29.4041    84
29.4141    89
29.4241    83
29.4341    82
29.4441    85
29.4541    75
29.4641    91
29.4741    89
29.4841    84
29.4941    81
29.5041    94
29.5141    76
29.5241    87
29.5341    87
29.5441    82
29.5541    73
29.5641    84
29.5741    82
29.5841    81
29.5941    86
29.6041    83
29.6141    75
29.6241    82
29.6341    92
29.6441    83
29.6541    93
29.6641    81
29.6741    96
29.6841    74
29.6941    79
29.7041    89
29.7141    72
29.7241    76
29.7341    87
29.7441    85
29.7541    77
29.7641    81
29.7741    86
29.7841    69
29.7941    80
29.8041    85
29.8141    88
29.8241    78
29.8341    87
29.8441    91
29.8541    67
29.8641    79
29.8741    83
29.8841    69
29.8941    77
29.9041    74
29.9141    74
29.9241    74
29.9341    94
29.9441    95
29.9541    70
29.9641    79
29.9741    94
29.9841    80
29.9941    59
30.0041    75
30.0141    87
30.0241    63
30.0341    77
30.0441    75
30.0541    73
30.0641    74
30.0741    74
30.0841    74
30.0941    63
30.1041    76
30.1141    70
30.1241    77
30.1341    79
30.1441    78
30.1541    78
30.1641    81
30.1741    83
30.1841    81
30.1941    84
30.2041    78
30.2141    79
30.2241    68
30.2341    88
30.2441    81
30.2541    68
30.2641    65
30.2741    74
30.2841    72
30.2941    69
30.3041    72
30.3141    74
30.3241    73
30.3341    64
30.3441    82
30.3541    66
30.3641    64
30.3741    72
30.3841    78
30.3941    69
30.4041    67
30.4141    85
30.4241    88
30.4341    82
30.4441    81
30.4541    64
30.4641    73
30.4741    60
30.4841    75
30.4941    71
30.5041    72
30.5141    72
30.5241    81
30.5341    73
30.5441    70
30.5541    56
30.5641    68
30.5741    79
30.5841    70
30.5941    69
30.6041    71
30.6141    71
30.6241    78
30.6341    71
30.6441    76
30.6541    73
30.6641    73
30.6741    71
30.6841    81
30.6941    74
30.7041    71
30.7141    61
30.7241    63
30.7341    74
30.7441    74
30.7541    76
30.7641    66
30.7741    63
30.7841    58
30.7941    62
30.8041    77
30.8141    70
30.8241    75
30.8341    69
30.8441    55
30.8541    73
30.8641    57
30.8741    56
30.8841    67
30.8941    68
30.9041    65
30.9141    61
30.9241    78
30.9341    63
30.9441    69
30.9541    63
30.9641    62
30.9741    77
30.9841    86
30.9941    62
31.0041    64
31.0141    71
31.0241    70
31.0341    67
31.0441    78
31.0541    72
31.0641    63
31.0741    74
31.0841    62
31.0941    69
31.1041    63
31.1141    60
31.1241    60
31.1341    66
31.1441    69
31.1541    56
31.1641    59
31.1741    57
31.1841    62
31.1941    68
31.2041    58
31.2141    55
31.2241    67
31.2341    75
31.2441    75
31.2541    56
31.2641    65
31.2741    63
31.2841    50
31.2941    64
31.3041    73
31.3141    74
31.3241    53
31.3341    59
31.3441    73
31.3541    61
31.3641    68
31.3741    45
31.3841    63
31.3941    63
31.4041    60
31.4141    40
31.4241    69
31.4341    68
31.4441    58
31.4541    72
31.4641    66
31.4741    60
31.4841    56
31.4941    60
31.5041    59
31.5141    58
31.5241    55
31.5341    51
31.5441    58
31.5541    54
31.5641    71
31.5741    63
31.5841    60
31.5941    65
31.6041    57
31.6141    61
31.6241    57
31.6341    55
31.6441    66
31.6541    64
31.6641    70
31.6741    56
31.6841    56
31.6941    57
31.7041    64
31.7141    66
31.7241    57
31.7341    59
31.7441    61
31.7541    54
31.7641    66
31.7741    58
31.7841    59
31.7941    56
31.8041    67
31.8141    54
31.8241    52
31.8341    57
31.8441    59
31.8541    58
31.8641    66
31.8741    61
31.8841    67
31.8941    70
31.9041    57
31.9141    61
31.9241    46
31.9341    45
31.9441    60
31.9541    60
31.9641    55
31.9741    53
31.9841    63
31.9941    62
32.0041    56
32.0141    71
32.0241    46
32.0341    50
32.0441    56
32.0541    55
32.0641    64
32.0741    53
32.0841    57
32.0941    61
32.1041    60
32.1141    66
32.1241    64
32.1341    59
32.1441    52
32.1541    51
32.1641    55
32.1741    51
32.1841    48
32.1941    67
32.2041    64
32.2141    58
32.2241    53
32.2341    70
32.2441    58
32.2541    63
32.2641    56
32.2741    58
32.2841    57
32.2941    56
32.3041    65
32.3141    54
32.3241    50
32.3341    43
32.3441    56
32.3541    54
32.3641    60
32.3741    67
32.3841    53
32.3941    53
32.4041    63
32.4141    68
32.4241    60
32.4341    62
32.4441    50
32.4541    42
32.4641    49
32.4741    49
32.4841    46
32.4941    52
32.5041    48
32.5141    66
32.5241    64
32.5341    72
32.5441    50
32.5541    50
32.5641    63
32.5741    40
32.5841    64
32.5941    65
32.6041    52
32.6141    46
32.6241    56
32.6341    42
32.6441    52
32.6541    50
32.6641    50
32.6741    63
32.6841    46
32.6941    49
32.7041    39
32.7141    51
32.7241    55
32.7341    52
32.7441    46
32.7541    54
32.7641    54
32.7741    46
32.7841    52
32.7941    50
32.8041    53
32.8141    38
32.8241    55
32.8341    50
32.8441    48
32.8541    44
32.8641    43
32.8741    52
32.8841    38
32.8941    58
32.9041    45
32.9141    53
32.9241    45
32.9341    61
32.9441    51
32.9541    36
32.9641    53
32.9741    46
32.9841    45
32.9941    37
33.0041    38
33.0141    41
33.0241    51
33.0341    43
33.0441    47
33.0541    60
33.0641    56
33.0741    46
33.0841    57
33.0941    43
33.1041    47
33.1141    51
33.1241    45
33.1341    39
33.1441    50
33.1541    42
33.1641    50
33.1741    38
33.1841    36
33.1941    47
33.2041    57
33.2141    47
33.2241    41
33.2341    40
33.2441    36
33.2541    41
33.2641    46
33.2741    56
33.2841    49
33.2941    39
33.3041    47
33.3141    43
33.3241    48
33.3341    48
33.3441    56
33.3541    52
33.3641    50
33.3741    40
33.3841    49
33.3941    51
33.4041    55
33.4141    47
33.4241    44
33.4341    46
33.4441    47
33.4541    43
33.4641    37
33.4741    49
33.4841    44
33.4941    57
33.5041    44
33.5141    48
33.5241    31
33.5341    47
33.5441    52
33.5541    48
33.5641    46
33.5741    43
33.5841    42
33.5941    33
33.6041    49
33.6141    48
33.6241    46
33.6341    38
33.6441    43
33.6541    47
33.6641    45
33.6741    42
33.6841    60
33.6941    41
33.7041    48
33.7141    48
33.7241    48
33.7341    54
33.7441    44
33.7541    41
33.7641    45
33.7741    40
33.7841    44
33.7941    42
33.8041    48
33.8141    43
33.8241    33
33.8341    41
33.8441    42
33.8541    48
33.8641    50
33.8741    47
33.8841    34
33.8941    45
33.9041    48
33.9141    46
33.9241    54
33.9341    51
33.9441    42
33.9541    39
33.9641    51
33.9741    39
33.9841    42
33.9941    43
34.0041    42
34.0141    45
34.0241    32
34.0341    39
34.0441    32
34.0541    45
34.0641    40
34.0741    52
34.0841    33
34.0941    32
34.1041    40
34.1141    37
34.1241    38
34.1341    46
34.1441    41
34.1541    38
34.1641    44
34.1741    42
34.1841    29
34.1941    49
34.2041    50
34.2141    49
34.2241    42
34.2341    46
34.2441    43
34.2541    32
34.2641    43
34.2741    44
34.2841    52
34.2941    44
34.3041    36
34.3141    57
34.3241    42
34.3341    32
34.3441    43
34.3541    42
34.3641    34
34.3741    39
34.3841    41
34.3941    39
34.4041    35
34.4141    43
34.4241    44
34.4341    31
34.4441    33
34.4541    36
34.4641    37
34.4741    44
34.4841    47
34.4941    34
34.5041    35
34.5141    38
34.5241    43
34.5341    32
34.5441    32
34.5541    39
34.5641    36
34.5741    40
34.5841    29
34.5941    27
34.6041    37
34.6141    30
34.6241    29
34.6341    29
34.6441    37
34.6541    38
34.6641    38
34.6741    32
34.6841    39
34.6941    45
34.7041    36
34.7141    39
34.7241    39
34.7341    37
34.7441    61
34.7541    37
34.7641    39
34.7741    43
34.7841    40
34.7941    42
34.8041    45
34.8141    40
34.8241    36
34.8341    36
34.8441    44
34.8541    39
34.8641    39
34.8741    30
34.8841    25
34.8941    30
34.9041    42
34.9141    36
34.9241    35
34.9341    34
34.9441    34
34.9541    43
34.9641    42
34.9741    37
34.9841    42
34.9941    35
35.0041    42
35.0141    35
35.0241    29
35.0341    34
35.0441    38
35.0541    33
35.0641    32
35.0741    26
35.0841    29
35.0941    32
35.1041    38
35.1141    35
35.1241    32
35.1341    32
35.1441    29
35.1541    29
35.1641    29
35.1741    30
35.1841    31
35.1941    28
35.2041    35
35.2141    30
35.2241    31
35.2341    25
35.2441    32
35.2541    40
35.2641    35
35.2741    26
35.2841    26
35.2941    31
35.3041    35
35.3141    39
35.3241    24
35.3341    37
35.3441    33
35.3541    29
35.3641    32
35.3741    39
35.3841    26
35.3941    21
35.4041    23
35.4141    36
35.4241    31
35.4341    30
35.4441    24
35.4541    25
35.4641    32
35.4741    30
35.4841    30
35.4941    34
35.5041    29
35.5141    27
35.5241    37
35.5341    30
35.5441    26
35.5541    30
35.5641    31
35.5741    25
35.5841    25
35.5941    25
35.6041    33
35.6141    30
35.6241    30
35.6341    38
35.6441    29
35.6541    27
35.6641    15
35.6741    31
35.6841    31
35.6941    28
35.7041    31
35.7141    18
35.7241    28
35.7341    24
35.7441    28
35.7541    23
35.7641    28
35.7741    30
35.7841    31
35.7941    26
35.8041    35
35.8141    21
35.8241    30
35.8341    30
35.8441    25
35.8541    32
35.8641    30
35.8741    33
35.8841    30
35.8941    35
35.9041    25
35.9141    36
35.9241    34
35.9341    30
35.9441    31
35.9541    32
35.9641    33
35.9741    29
35.9841    29
35.9941    27
36.0041    27
36.0141    31
36.0241    36
36.0341    23
36.0441    23
36.0541    33
36.0641    25
36.0741    28
36.0841    24
36.0941    30
36.1041    32
36.1141    37
36.1241    31
36.1341    24
36.1441    24
36.1541    27
36.1641    23
36.1741    26
36.1841    26
36.1941    28
36.2041    29
36.2141    37
36.2241    27
36.2341    27
36.2441    29
36.2541    28
36.2641    39
36.2741    22
36.2841    26
36.2941    23
36.3041    31
36.3141    28
36.3241    27
36.3341    22
36.3441    28
36.3541    32
36.3641    22
36.3741    27
36.3841    24
36.3941    17
36.4041    17
36.4141    18
36.4241    30
36.4341    35
36.4441    30
36.4541    28
36.4641    30
36.4741    29
36.4841    31
36.4941    26
36.5041    25
36.5141    21
36.5241    29
36.5341    29
36.5441    19
36.5541    27
36.5641    14
36.5741    23
36.5841    20
36.5941    32
36.6041    23
36.6141    27
36.6241    33
36.6341    13
36.6441    17
36.6541    25
36.6641    23
36.6741    26
36.6841    34
36.6941    26
36.7041    24
36.7141    21
36.7241    22
36.7341    20
36.7441    21
36.7541    23
36.7641    18
36.7741    19
36.7841    25
36.7941    21
36.8041    22
36.8141    20
36.8241    27
36.8341    19
36.8441    20
36.8541    22
36.8641    20
36.8741    23
36.8841    12
36.8941    21
36.9041    15
36.9141    25
36.9241    23
36.9341    11
36.9441    24
36.9541    31
36.9641    15
36.9741    30
36.9841    24
36.9941    26
37.0041    20
37.0141    18
37.0241    22
37.0341    21
37.0441    24
37.0541    17
37.0641    28
37.0741    19
37.0841    19
37.0941    27
37.1041    29
37.1141    22
37.1241    21
37.1341    28
37.1441    26
37.1541    19
37.1641    27
37.1741    24
37.1841    19
37.1941    20
37.2041    23
37.2141    22
37.2241    31
37.2341    19
37.2441    22
37.2541    24
37.2641    13
37.2741    20
37.2841    25
37.2941    24
37.3041    20
37.3141    15
37.3241    25
37.3341    17
37.3441    22
37.3541    17
37.3641    15
37.3741    15
37.3841    21
37.3941    23
37.4041    26
37.4141    21
37.4241    22
37.4341    13
37.4441    15
37.4541    12
37.4641    18
37.4741    10
37.4841    15
37.4941    15
37.5041    17
37.5141    15
37.5241    18
37.5341    16
37.5441    17
37.5541    24
37.5641    17
37.5741    13
37.5841    13
37.5941    20
37.6041    20
37.6141    24
37.6241    24
37.6341    13
37.6441    23
37.6541    13
37.6641    16
37.6741    15
37.6841    30
37.6941    22
37.7041    13
37.7141    15
37.7241    19
37.7341    24
37.7441    20
37.7541    19
37.7641    15
37.7741    13
37.7841    14
37.7941    26
37.8041    15
37.8141    16
37.8241    17
37.8341    16
37.8441    12
37.8541    19
37.8641    19
37.8741    27
37.8841    14
37.8941    16
37.9041    20
37.9141    21
37.9241    22
37.9341    19
37.9441    11
37.9541    15
37.9641    16
37.9741    14
37.9841    14
37.9941    17
38.0041    11
38.0141    16
38.0241    19
38.0341    17
38.0441    19
38.0541    15
38.0641     8
38.0741    14
38.0841    25
38.0941    21
38.1041    18
38.1141    17
38.1241    15
38.1341    16
38.1441    12
38.1541    26
38.1641    19
38.1741    19
38.1841    20
38.1941    17
38.2041    19
38.2141    12
38.2241    18
38.2341    20
38.2441    14
38.2541    16
38.2641    16
38.2741    15
38.2841    14
38.2941    20
38.3041    11
38.3141     4
38.3241    12
38.3341    12
38.3441    16
38.3541    17
38.3641    16
38.3741    12
38.3841    17
38.3941    15
38.4041    17
38.4141    14
38.4241    13
38.4341    17
38.4441    19
38.4541    17
38.4641    16
38.4741    20
38.4841    15
38.4941    17
38.5041    20
38.5141    10
38.5241    14
38.5341    13
38.5441    16
38.5541    15
38.5641    12
38.5741    20
38.5841    20
38.5941    13
38.6041    19
38.6141    16
38.6241     8
38.6341    12
38.6441    15
38.6541    17
38.6641    17
38.6741    17
38.6841    19
38.6941    17
38.7041    19
38.7141    13
38.7241    13
38.7341    16
38.7441    11
38.7541    17
38.7641    14
38.7741    20
38.7841     9
38.7941    10
38.8041    16
38.8141    12
38.8241     8
38.8341    16
38.8441    13
38.8541    14
38.8641    10
38.8741    15
38.8841    17
38.8941     9
38.9041    12
38.9141    12
38.9241    16
38.9341     9
38.9441    11
38.9541     7
38.9641    13
38.9741    14
38.9841    10
38.9941    21
39.0041    18
39.0141    21
39.0241    11
39.0341    11
39.0441    14
39.0541     9
39.0641    21
39.0741    12
39.0841     7
39.0941    12
39.1041    15
39.1141    14
39.1241    12
39.1341     9
39.1441    12
39.1541    14
39.1641    13
39.1741    17
39.1841     9
39.1941     9
39.2041    12
39.2141    17
39.2241    16
39.2341    10
39.2441    10
39.2541    11
39.2641    14
39.2741    13
39.2841     4
39.2941    10
39.3041     8
39.3141    19
39.3241    11
39.3341     9
39.3441    12
39.3541    12
39.3641    15
39.3741    19
39.3841     7
39.3941    16
39.4041    13
39.4141     9
39.4241    11
39.4341     7
39.4441     9
39.4541     9
39.4641    12
39.4741    10
39.4841    12
39.4941     6
39.5041     6
39.5141    12
39.5241    17
39.5341    11
39.5441    11
39.5541     8
39.5641     9
39.5741     8
39.5841    10
39.5941    10
39.6041     8
39.6141     4
39.6241     6
39.6341     9
39.6441     8
39.6541    12
39.6641    12
39.6741    15
39.6841    12
39.6941     6
39.7041    16
39.7141     7
39.7241     6
39.7341     8
39.7441    11
39.7541     8
39.7641    12
39.7741     7
39.7841    12
39.7941     9
39.8041    12
39.8141     7
39.8241     4
39.8341     5
39.8441     8
39.8541     7
39.8641    14
39.8741     6
39.8841     6
39.8941    10
39.9041     8
39.9141    14
39.9241    16
39.9341    16
39.9441     4
39.9541     7
39.9641    11
39.9741    10
39.9841    13
