Bruker Nano GmbH Berlin, Germany
Esprit 1.9

Date: 4/21/2021 1:42:13 PM
Real time: 14023
Life time: 12847
Pulse density: 125935


Detector type: XFlash 430
Window type: Custom type
Detector thickness: 0.45
Si dead layer:0.029

Calibration, lin.: 10
Calibration, abs.: -955.9
Mn FWHM: 137.05
Fano factor: 0.121
Channels: 4095

Energy Counts
-0.9559     0
-0.9459     0
-0.9359     0
-0.9259     0
-0.9159     0
-0.9059     0
-0.8959     0
-0.8859     0
-0.8759     0
-0.8659     0
-0.8559     0
-0.8459     0
-0.8359     0
-0.8259     0
-0.8159     0
-0.8059     0
-0.7959     0
-0.7859     0
-0.7759     0
-0.7659     0
-0.7559     0
-0.7459     0
-0.7359     0
-0.7259     0
-0.7159     0
-0.7059     0
-0.6959     0
-0.6859     0
-0.6759     0
-0.6659     0
-0.6559     0
-0.6459     0
-0.6359     0
-0.6259     0
-0.6159     0
-0.6059     0
-0.5959     0
-0.5859     0
-0.5759     0
-0.5659     0
-0.5559     0
-0.5459     0
-0.5359     0
-0.5259     0
-0.5159     0
-0.5059     0
-0.4959     0
-0.4859     0
-0.4759     0
-0.4659     0
-0.4559     0
-0.4459     0
-0.4359     0
-0.4259     0
-0.4159     0
-0.4059     0
-0.3959     0
-0.3859     0
-0.3759     0
-0.3659     0
-0.3559     0
-0.3459     0
-0.3359     0
-0.3259     0
-0.3159     0
-0.3059     0
-0.2959     0
-0.2859     0
-0.2759     0
-0.2659     0
-0.2559     0
-0.2459     0
-0.2359     0
-0.2259     0
-0.2159     0
-0.2059     0
-0.1959     0
-0.1859     0
-0.1759     0
-0.1659     0
-0.1559     0
-0.1459     0
-0.1359     0
-0.1259     0
-0.1159     0
-0.1059    10
-0.0959    40
-0.0859   164
-0.0759   505
-0.0659  1460
-0.0559  3688
-0.0459  8184
-0.0359 15298
-0.0259 24329
-0.0159 33415
-0.0059 39531
 0.0041 39457
 0.0141 33897
 0.0241 25273
 0.0341 16170
 0.0441  8671
 0.0541  4079
 0.0641  1645
 0.0741   570
 0.0841   159
 0.0941    52
 0.1041    18
 0.1141     8
 0.1241     7
 0.1341     5
 0.1441     5
 0.1541     4
 0.1641     4
 0.1741     0
 0.1841   108
 0.1941   242
 0.2041   246
 0.2141   213
 0.2241   207
 0.2341   233
 0.2441   220
 0.2541   220
 0.2641   227
 0.2741   225
 0.2841   232
 0.2941   226
 0.3041   226
 0.3141   214
 0.3241   206
 0.3341   200
 0.3441   206
 0.3541   207
 0.3641   216
 0.3741   204
 0.3841   190
 0.3941   195
 0.4041   182
 0.4141   176
 0.4241   191
 0.4341   204
 0.4441   182
 0.4541   197
 0.4641   195
 0.4741   196
 0.4841   199
 0.4941   199
 0.5041   189
 0.5141   176
 0.5241   188
 0.5341   199
 0.5441   189
 0.5541   174
 0.5641   186
 0.5741   182
 0.5841   177
 0.5941   169
 0.6041   169
 0.6141   180
 0.6241   176
 0.6341   160
 0.6441   155
 0.6541   157
 0.6641   171
 0.6741   166
 0.6841   169
 0.6941   165
 0.7041   153
 0.7141   149
 0.7241   146
 0.7341   147
 0.7441   158
 0.7541   172
 0.7641   167
 0.7741   164
 0.7841   167
 0.7941   157
 0.8041   152
 0.8141   151
 0.8241   154
 0.8341   157
 0.8441   160
 0.8541   161
 0.8641   157
 0.8741   153
 0.8841   161
 0.8941   156
 0.9041   153
 0.9141   143
 0.9241   153
 0.9341   177
 0.9441   151
 0.9541   139
 0.9641   151
 0.9741   138
 0.9841   120
 0.9941   135
 1.0041   144
 1.0141   163
 1.0241   144
 1.0341   145
 1.0441   149
 1.0541   147
 1.0641   157
 1.0741   154
 1.0841   132
 1.0941   149
 1.1041   127
 1.1141   124
 1.1241   136
 1.1341   131
 1.1441   148
 1.1541   129
 1.1641   126
 1.1741   127
 1.1841   132
 1.1941   134
 1.2041   119
 1.2141   125
 1.2241   107
 1.2341   147
 1.2441   152
 1.2541   142
 1.2641   131
 1.2741   131
 1.2841   136
 1.2941   144
 1.3041   128
 1.3141   143
 1.3241   118
 1.3341   110
 1.3441   118
 1.3541   117
 1.3641   127
 1.3741   133
 1.3841   145
 1.3941   145
 1.4041   122
 1.4141   138
 1.4241   129
 1.4341   120
 1.4441   132
 1.4541   128
 1.4641   127
 1.4741   122
 1.4841   136
 1.4941   130
 1.5041   140
 1.5141   109
 1.5241   121
 1.5341   122
 1.5441   119
 1.5541   129
 1.5641   146
 1.5741   139
 1.5841   152
 1.5941   136
 1.6041   120
 1.6141   127
 1.6241   125
 1.6341   119
 1.6441   128
 1.6541   171
 1.6641   176
 1.6741   232
 1.6841   272
 1.6941   310
 1.7041   401
 1.7141   447
 1.7241   512
 1.7341   560
 1.7441   518
 1.7541   508
 1.7641   474
 1.7741   404
 1.7841   357
 1.7941   309
 1.8041   240
 1.8141   197
 1.8241   176
 1.8341   165
 1.8441   164
 1.8541   127
 1.8641   126
 1.8741   129
 1.8841   144
 1.8941   127
 1.9041   129
 1.9141   141
 1.9241   131
 1.9341   136
 1.9441   140
 1.9541   147
 1.9641   141
 1.9741   139
 1.9841   140
 1.9941   136
 2.0041   138
 2.0141   150
 2.0241   139
 2.0341   136
 2.0441   130
 2.0541   137
 2.0641   140
 2.0741   131
 2.0841   121
 2.0941   117
 2.1041   108
 2.1141   120
 2.1241   114
 2.1341    98
 2.1441    98
 2.1541   100
 2.1641   104
 2.1741   111
 2.1841   114
 2.1941    95
 2.2041   106
 2.2141   109
 2.2241   105
 2.2341    93
 2.2441   122
 2.2541    99
 2.2641   110
 2.2741   100
 2.2841   115
 2.2941   121
 2.3041   129
 2.3141   116
 2.3241    97
 2.3341   102
 2.3441   111
 2.3541   104
 2.3641    92
 2.3741   120
 2.3841   101
 2.3941   108
 2.4041    90
 2.4141   104
 2.4241    88
 2.4341   100
 2.4441   105
 2.4541   114
 2.4641   106
 2.4741   106
 2.4841   112
 2.4941   108
 2.5041    90
 2.5141    93
 2.5241   105
 2.5341    90
 2.5441    98
 2.5541   101
 2.5641    89
 2.5741   106
 2.5841    99
 2.5941   102
 2.6041   107
 2.6141   109
 2.6241    93
 2.6341    99
 2.6441    85
 2.6541   106
 2.6641   110
 2.6741   100
 2.6841    94
 2.6941    92
 2.7041    88
 2.7141    99
 2.7241   105
 2.7341   110
 2.7441   104
 2.7541    92
 2.7641   109
 2.7741   108
 2.7841    85
 2.7941    86
 2.8041    91
 2.8141    94
 2.8241   119
 2.8341   101
 2.8441   110
 2.8541    99
 2.8641    94
 2.8741   114
 2.8841    82
 2.8941    79
 2.9041    79
 2.9141   100
 2.9241    83
 2.9341   100
 2.9441    92
 2.9541    86
 2.9641    79
 2.9741    90
 2.9841    87
 2.9941    85
 3.0041    85
 3.0141    74
 3.0241   106
 3.0341    79
 3.0441    67
 3.0541   100
 3.0641    61
 3.0741    77
 3.0841    98
 3.0941    68
 3.1041    83
 3.1141    84
 3.1241    87
 3.1341    85
 3.1441    68
 3.1541    74
 3.1641    87
 3.1741    92
 3.1841    75
 3.1941    86
 3.2041    68
 3.2141    82
 3.2241    99
 3.2341   112
 3.2441    99
 3.2541   122
 3.2641   140
 3.2741   162
 3.2841   172
 3.2941   181
 3.3041   178
 3.3141   189
 3.3241   186
 3.3341   182
 3.3441   180
 3.3541   158
 3.3641   105
 3.3741   100
 3.3841   103
 3.3941    97
 3.4041    86
 3.4141    97
 3.4241    85
 3.4341    76
 3.4441    81
 3.4541    61
 3.4641    84
 3.4741    71
 3.4841    71
 3.4941    62
 3.5041    73
 3.5141    67
 3.5241    75
 3.5341    83
 3.5441    75
 3.5541   109
 3.5641   129
 3.5741   147
 3.5841   155
 3.5941   206
 3.6041   262
 3.6141   327
 3.6241   419
 3.6341   493
 3.6441   599
 3.6541   684
 3.6641   806
 3.6741   840
 3.6841   873
 3.6941   837
 3.7041   833
 3.7141   777
 3.7241   713
 3.7341   604
 3.7441   494
 3.7541   386
 3.7641   301
 3.7741   252
 3.7841   185
 3.7941   146
 3.8041   127
 3.8141    99
 3.8241    82
 3.8341    78
 3.8441    74
 3.8541    69
 3.8641    55
 3.8741    64
 3.8841    67
 3.8941    73
 3.9041    68
 3.9141    78
 3.9241   103
 3.9341    94
 3.9441    98
 3.9541   108
 3.9641   126
 3.9741   152
 3.9841   166
 3.9941   155
 4.0041   174
 4.0141   192
 4.0241   173
 4.0341   175
 4.0441   146
 4.0541   142
 4.0641   134
 4.0741   133
 4.0841   107
 4.0941   106
 4.1041    64
 4.1141    82
 4.1241    79
 4.1341    68
 4.1441    65
 4.1541    62
 4.1641    67
 4.1741    59
 4.1841    42
 4.1941    52
 4.2041    54
 4.2141    49
 4.2241    60
 4.2341    58
 4.2441    43
 4.2541    58
 4.2641    46
 4.2741    61
 4.2841    54
 4.2941    72
 4.3041    60
 4.3141    50
 4.3241    66
 4.3341    59
 4.3441    73
 4.3541    63
 4.3641    67
 4.3741    81
 4.3841    95
 4.3941    77
 4.4041   107
 4.4141   125
 4.4241   158
 4.4341   205
 4.4441   259
 4.4541   291
 4.4641   363
 4.4741   378
 4.4841   421
 4.4941   441
 4.5041   488
 4.5141   458
 4.5241   414
 4.5341   402
 4.5441   345
 4.5541   338
 4.5641   255
 4.5741   230
 4.5841   179
 4.5941   172
 4.6041   141
 4.6141   119
 4.6241   100
 4.6341    90
 4.6441   100
 4.6541    92
 4.6641    82
 4.6741    80
 4.6841    50
 4.6941    58
 4.7041    76
 4.7141    50
 4.7241    61
 4.7341    56
 4.7441    64
 4.7541    66
 4.7641    70
 4.7741    72
 4.7841    80
 4.7941    72
 4.8041    84
 4.8141   100
 4.8241   112
 4.8341    88
 4.8441   111
 4.8541   110
 4.8641   108
 4.8741   119
 4.8841   151
 4.8941   131
 4.9041   133
 4.9141   158
 4.9241   167
 4.9341   154
 4.9441   156
 4.9541   151
 4.9641   140
 4.9741   143
 4.9841   120
 4.9941   131
 5.0041    95
 5.0141    95
 5.0241    95
 5.0341    83
 5.0441    83
 5.0541    87
 5.0641    78
 5.0741    68
 5.0841    75
 5.0941    65
 5.1041    78
 5.1141    75
 5.1241    73
 5.1341    59
 5.1441    59
 5.1541    56
 5.1641    80
 5.1741    68
 5.1841    73
 5.1941    68
 5.2041    68
 5.2141    76
 5.2241    74
 5.2341    71
 5.2441    69
 5.2541    59
 5.2641    75
 5.2741    58
 5.2841    59
 5.2941    85
 5.3041    69
 5.3141    84
 5.3241    96
 5.3341   114
 5.3441    93
 5.3541   100
 5.3641   110
 5.3741   128
 5.3841   130
 5.3941   112
 5.4041   139
 5.4141   142
 5.4241   136
 5.4341   116
 5.4441   122
 5.4541   123
 5.4641   112
 5.4741    91
 5.4841   101
 5.4941    85
 5.5041    79
 5.5141    86
 5.5241    84
 5.5341    84
 5.5441    84
 5.5541    80
 5.5641    71
 5.5741    65
 5.5841    69
 5.5941    84
 5.6041    76
 5.6141    70
 5.6241    68
 5.6341    77
 5.6441    69
 5.6541    81
 5.6641    91
 5.6741    61
 5.6841    88
 5.6941    79
 5.7041    77
 5.7141    92
 5.7241    90
 5.7341    87
 5.7441    93
 5.7541   116
 5.7641   115
 5.7741   139
 5.7841   148
 5.7941   160
 5.8041   230
 5.8141   243
 5.8241   307
 5.8341   316
 5.8441   393
 5.8541   426
 5.8641   432
 5.8741   449
 5.8841   525
 5.8941   500
 5.9041   508
 5.9141   515
 5.9241   452
 5.9341   442
 5.9441   406
 5.9541   328
 5.9641   299
 5.9741   276
 5.9841   240
 5.9941   196
 6.0041   159
 6.0141   144
 6.0241   157
 6.0341   143
 6.0441   120
 6.0541   112
 6.0641   125
 6.0741   111
 6.0841   129
 6.0941   119
 6.1041   153
 6.1141   117
 6.1241   126
 6.1341   182
 6.1441   169
 6.1541   191
 6.1641   201
 6.1741   233
 6.1841   287
 6.1941   354
 6.2041   453
 6.2141   601
 6.2241   843
 6.2341  1165
 6.2441  1678
 6.2541  2331
 6.2641  3312
 6.2741  4460
 6.2841  6145
 6.2941  8110
 6.3041 10540
 6.3141 13263
 6.3241 16517
 6.3341 19669
 6.3441 23221
 6.3541 26863
 6.3641 29703
 6.3741 32358
 6.3841 33855
 6.3941 34524
 6.4041 34712
 6.4141 33602
 6.4241 31529
 6.4341 29253
 6.4441 25983
 6.4541 22405
 6.4641 18825
 6.4741 16034
 6.4841 12724
 6.4941  9833
 6.5041  7528
 6.5141  5505
 6.5241  4010
 6.5341  2868
 6.5441  1971
 6.5541  1338
 6.5641   938
 6.5741   645
 6.5841   468
 6.5941   372
 6.6041   227
 6.6141   249
 6.6241   220
 6.6341   163
 6.6441   161
 6.6541   161
 6.6641   137
 6.6741   167
 6.6841   135
 6.6941   148
 6.7041   148
 6.7141   155
 6.7241   161
 6.7341   162
 6.7441   180
 6.7541   160
 6.7641   194
 6.7741   161
 6.7841   192
 6.7941   195
 6.8041   202
 6.8141   228
 6.8241   245
 6.8341   251
 6.8441   256
 6.8541   290
 6.8641   377
 6.8741   376
 6.8841   474
 6.8941   505
 6.9041   688
 6.9141   841
 6.9241  1051
 6.9341  1270
 6.9441  1579
 6.9541  1941
 6.9641  2456
 6.9741  2862
 6.9841  3361
 6.9941  3997
 7.0041  4504
 7.0141  4827
 7.0241  5285
 7.0341  5700
 7.0441  5908
 7.0541  5941
 7.0641  5988
 7.0741  5591
 7.0841  5273
 7.0941  4726
 7.1041  4334
 7.1141  3729
 7.1241  3174
 7.1341  2731
 7.1441  2298
 7.1541  1733
 7.1641  1437
 7.1741  1100
 7.1841   796
 7.1941   629
 7.2041   534
 7.2141   384
 7.2241   296
 7.2341   226
 7.2441   212
 7.2541   195
 7.2641   159
 7.2741   179
 7.2841   159
 7.2941   161
 7.3041   177
 7.3141   164
 7.3241   170
 7.3341   160
 7.3441   194
 7.3541   170
 7.3641   214
 7.3741   204
 7.3841   219
 7.3941   239
 7.4041   236
 7.4141   226
 7.4241   239
 7.4341   244
 7.4441   257
 7.4541   224
 7.4641   249
 7.4741   240
 7.4841   216
 7.4941   232
 7.5041   214
 7.5141   205
 7.5241   199
 7.5341   180
 7.5441   198
 7.5541   157
 7.5641   151
 7.5741   141
 7.5841   125
 7.5941   144
 7.6041   150
 7.6141   156
 7.6241   140
 7.6341   147
 7.6441   138
 7.6541   138
 7.6641   140
 7.6741   126
 7.6841   149
 7.6941   135
 7.7041   139
 7.7141   143
 7.7241   145
 7.7341   161
 7.7441   133
 7.7541   164
 7.7641   163
 7.7741   188
 7.7841   154
 7.7941   180
 7.8041   176
 7.8141   166
 7.8241   179
 7.8341   218
 7.8441   188
 7.8541   205
 7.8641   210
 7.8741   199
 7.8841   229
 7.8941   254
 7.9041   249
 7.9141   247
 7.9241   277
 7.9341   271
 7.9441   307
 7.9541   288
 7.9641   329
 7.9741   366
 7.9841   397
 7.9941   407
 8.0041   458
 8.0141   498
 8.0241   528
 8.0341   545
 8.0441   569
 8.0541   643
 8.0641   682
 8.0741   701
 8.0841   714
 8.0941   779
 8.1041   797
 8.1141   827
 8.1241   842
 8.1341   877
 8.1441   891
 8.1541   897
 8.1641   960
 8.1741   959
 8.1841   975
 8.1941   950
 8.2041   967
 8.2141  1014
 8.2241   991
 8.2341  1008
 8.2441  1060
 8.2541  1060
 8.2641  1117
 8.2741  1202
 8.2841  1290
 8.2941  1348
 8.3041  1409
 8.3141  1581
 8.3241  1762
 8.3341  1888
 8.3441  1922
 8.3541  2042
 8.3641  2210
 8.3741  2242
 8.3841  2242
 8.3941  2259
 8.4041  2095
 8.4141  2080
 8.4241  1983
 8.4341  1867
 8.4441  1747
 8.4541  1516
 8.4641  1392
 8.4741  1219
 8.4841  1105
 8.4941   894
 8.5041   701
 8.5141   636
 8.5241   529
 8.5341   482
 8.5441   431
 8.5541   391
 8.5641   332
 8.5741   311
 8.5841   335
 8.5941   317
 8.6041   302
 8.6141   313
 8.6241   327
 8.6341   290
 8.6441   315
 8.6541   321
 8.6641   326
 8.6741   293
 8.6841   271
 8.6941   282
 8.7041   271
 8.7141   277
 8.7241   283
 8.7341   240
 8.7441   223
 8.7541   219
 8.7641   209
 8.7741   220
 8.7841   224
 8.7941   207
 8.8041   173
 8.8141   205
 8.8241   204
 8.8341   222
 8.8441   231
 8.8541   209
 8.8641   211
 8.8741   213
 8.8841   214
 8.8941   224
 8.9041   227
 8.9141   208
 8.9241   224
 8.9341   243
 8.9441   253
 8.9541   253
 8.9641   254
 8.9741   226
 8.9841   260
 8.9941   263
 9.0041   260
 9.0141   265
 9.0241   249
 9.0341   259
 9.0441   250
 9.0541   249
 9.0641   283
 9.0741   296
 9.0841   296
 9.0941   317
 9.1041   339
 9.1141   316
 9.1241   368
 9.1341   360
 9.1441   368
 9.1541   378
 9.1641   396
 9.1741   398
 9.1841   447
 9.1941   452
 9.2041   478
 9.2141   479
 9.2241   540
 9.2341   578
 9.2441   560
 9.2541   601
 9.2641   618
 9.2741   659
 9.2841   682
 9.2941   678
 9.3041   703
 9.3141   744
 9.3241   776
 9.3341   815
 9.3441   863
 9.3541   806
 9.3641   903
 9.3741   915
 9.3841   903
 9.3941   912
 9.4041   951
 9.4141   972
 9.4241   913
 9.4341   915
 9.4441   921
 9.4541   916
 9.4641   959
 9.4741   964
 9.4841  1015
 9.4941  1064
 9.5041  1086
 9.5141  1073
 9.5241  1153
 9.5341  1256
 9.5441  1171
 9.5541  1222
 9.5641  1302
 9.5741  1419
 9.5841  1486
 9.5941  1530
 9.6041  1621
 9.6141  1745
 9.6241  1779
 9.6341  1832
 9.6441  1903
 9.6541  1969
 9.6641  2004
 9.6741  1969
 9.6841  1908
 9.6941  1967
 9.7041  1866
 9.7141  1792
 9.7241  1646
 9.7341  1532
 9.7441  1413
 9.7541  1326
 9.7641  1240
 9.7741  1147
 9.7841  1038
 9.7941  1014
 9.8041   944
 9.8141   881
 9.8241   813
 9.8341   821
 9.8441   765
 9.8541   775
 9.8641   788
 9.8741   788
 9.8841   809
 9.8941   796
 9.9041   841
 9.9141   867
 9.9241   854
 9.9341   871
 9.9441   872
 9.9541   830
 9.9641   845
 9.9741   805
 9.9841   789
 9.9941   772
10.0041   728
10.0141   677
10.0241   626
10.0341   598
10.0441   539
10.0541   482
10.0641   410
10.0741   383
10.0841   340
10.0941   314
10.1041   277
10.1141   254
10.1241   229
10.1341   214
10.1441   189
10.1541   202
10.1641   174
10.1741   175
10.1841   165
10.1941   157
10.2041   143
10.2141   161
10.2241   157
10.2341   149
10.2441   130
10.2541   123
10.2641   116
10.2741   126
10.2841   128
10.2941   111
10.3041   103
10.3141   114
10.3241   122
10.3341   106
10.3441   104
10.3541   107
10.3641   101
10.3741   112
10.3841   112
10.3941   131
10.4041   102
10.4141   109
10.4241   113
10.4341   112
10.4441   106
10.4541   114
10.4641   118
10.4741   121
10.4841   134
10.4941   124
10.5041   127
10.5141   126
10.5241   137
10.5341   132
10.5441   130
10.5541   131
10.5641   144
10.5741   144
10.5841   135
10.5941   124
10.6041   116
10.6141   135
10.6241   137
10.6341   128
10.6441   132
10.6541   137
10.6641   155
10.6741   148
10.6841   150
10.6941   149
10.7041   140
10.7141   149
10.7241   138
10.7341   155
10.7441   154
10.7541   155
10.7641   161
10.7741   161
10.7841   182
10.7941   185
10.8041   165
10.8141   175
10.8241   176
10.8341   182
10.8441   181
10.8541   187
10.8641   207
10.8741   200
10.8841   197
10.8941   204
10.9041   210
10.9141   201
10.9241   205
10.9341   216
10.9441   191
10.9541   201
10.9641   213
10.9741   194
10.9841   187
10.9941   197
11.0041   199
11.0141   195
11.0241   195
11.0341   188
11.0441   182
11.0541   169
11.0641   188
11.0741   181
11.0841   186
11.0941   181
11.1041   182
11.1141   162
11.1241   171
11.1341   169
11.1441   166
11.1541   185
11.1641   199
11.1741   220
11.1841   220
11.1941   219
11.2041   227
11.2141   247
11.2241   269
11.2341   271
11.2441   273
11.2541   288
11.2641   296
11.2741   286
11.2841   262
11.2941   270
11.3041   268
11.3141   256
11.3241   262
11.3341   270
11.3441   236
11.3541   227
11.3641   208
11.3741   210
11.3841   182
11.3941   187
11.4041   185
11.4141   180
11.4241   170
11.4341   151
11.4441   169
11.4541   169
11.4641   164
11.4741   157
11.4841   163
11.4941   164
11.5041   157
11.5141   147
11.5241   151
11.5341   162
11.5441   150
11.5541   146
11.5641   143
11.5741   151
11.5841   161
11.5941   154
11.6041   151
11.6141   145
11.6241   150
11.6341   145
11.6441   149
11.6541   153
11.6641   165
11.6741   154
11.6841   140
11.6941   142
11.7041   145
11.7141   133
11.7241   132
11.7341   130
11.7441   132
11.7541   131
11.7641   122
11.7741   115
11.7841   119
11.7941   118
11.8041   110
11.8141   107
11.8241   117
11.8341   116
11.8441    99
11.8541   109
11.8641   124
11.8741   116
11.8841   115
11.8941   118
11.9041   112
11.9141   101
11.9241   105
11.9341    98
11.9441    92
11.9541    99
11.9641   115
11.9741   100
11.9841    95
11.9941   111
12.0041   110
12.0141   114
12.0241   113
12.0341   106
12.0441   112
12.0541   115
12.0641   118
12.0741   116
12.0841   123
12.0941   111
12.1041   110
12.1141   124
12.1241   127
12.1341   112
12.1441   108
12.1541   107
12.1641   117
12.1741   113
12.1841   100
12.1941   114
12.2041   115
12.2141   105
12.2241   106
12.2341    98
12.2441    96
12.2541    98
12.2641    97
12.2741   101
12.2841    98
12.2941    99
12.3041   121
12.3141   119
12.3241   105
12.3341   105
12.3441   112
12.3541   113
12.3641   106
12.3741    93
12.3841   101
12.3941   103
12.4041    99
12.4141   100
12.4241    98
12.4341   101
12.4441   110
12.4541   103
12.4641    90
12.4741    99
12.4841    98
12.4941   107
12.5041   116
12.5141   120
12.5241   112
12.5341   108
12.5441   110
12.5541   114
12.5641   116
12.5741   113
12.5841   115
12.5941   120
12.6041   114
12.6141   113
12.6241   105
12.6341   107
12.6441   111
12.6541   112
12.6641   118
12.6741   122
12.6841   122
12.6941   119
12.7041   112
12.7141   111
12.7241   116
12.7341   120
12.7441   123
12.7541   123
12.7641   123
12.7741   119
12.7841   117
12.7941   121
12.8041   124
12.8141   122
12.8241   120
12.8341   120
12.8441   118
12.8541   115
12.8641   116
12.8741   121
12.8841   123
12.8941   126
12.9041   131
12.9141   133
12.9241   131
12.9341   126
12.9441   120
12.9541   121
12.9641   125
12.9741   127
12.9841   125
12.9941   121
13.0041   130
13.0141   127
13.0241   133
13.0341   133
13.0441   124
13.0541   126
13.0641   117
13.0741   117
13.0841   119
13.0941   116
13.1041   126
13.1141   130
13.1241   144
13.1341   148
13.1441   141
13.1541   130
13.1641   124
13.1741   123
13.1841   136
13.1941   144
13.2041   135
13.2141   145
13.2241   148
13.2341   138
13.2441   149
13.2541   159
13.2641   157
13.2741   143
13.2841   152
13.2941   159
13.3041   147
13.3141   159
13.3241   173
13.3341   174
13.3441   173
13.3541   175
13.3641   176
13.3741   172
13.3841   167
13.3941   165
13.4041   167
13.4141   169
13.4241   170
13.4341   176
13.4441   178
13.4541   171
13.4641   167
13.4741   168
13.4841   166
13.4941   161
13.5041   158
13.5141   157
13.5241   154
13.5341   149
13.5441   146
13.5541   149
13.5641   155
13.5741   157
13.5841   157
13.5941   150
13.6041   144
13.6141   148
13.6241   148
13.6341   142
13.6441   146
13.6541   138
13.6641   145
13.6741   167
13.6841   168
13.6941   162
13.7041   155
13.7141   150
13.7241   147
13.7341   164
13.7441   168
13.7541   155
13.7641   158
13.7741   161
13.7841   161
13.7941   163
13.8041   171
13.8141   177
13.8241   174
13.8341   172
13.8441   175
13.8541   171
13.8641   166
13.8741   169
13.8841   179
13.8941   194
13.9041   204
13.9141   205
13.9241   201
13.9341   200
13.9441   205
13.9541   213
13.9641   216
13.9741   215
13.9841   223
13.9941   239
14.0041   247
14.0141   254
14.0241   279
14.0341   302
14.0441   310
14.0541   327
14.0641   351
14.0741   365
14.0841   377
14.0941   396
14.1041   416
14.1141   428
14.1241   430
14.1341   431
14.1441   425
14.1541   418
14.1641   414
14.1741   405
14.1841   393
14.1941   390
14.2041   393
14.2141   388
14.2241   370
14.2341   348
14.2441   329
14.2541   313
14.2641   294
14.2741   276
14.2841   254
14.2941   239
14.3041   221
14.3141   219
14.3241   216
14.3341   193
14.3441   197
14.3541   195
14.3641   198
14.3741   190
14.3841   171
14.3941   184
14.4041   206
14.4141   204
14.4241   195
14.4341   191
14.4441   179
14.4541   183
14.4641   192
14.4741   193
14.4841   199
14.4941   200
14.5041   194
14.5141   182
14.5241   187
14.5341   187
14.5441   188
14.5541   195
14.5641   186
14.5741   182
14.5841   182
14.5941   185
14.6041   183
14.6141   182
14.6241   181
14.6341   196
14.6441   195
14.6541   187
14.6641   184
14.6741   187
14.6841   179
14.6941   186
14.7041   206
14.7141   198
14.7241   190
14.7341   193
14.7441   196
14.7541   196
14.7641   192
14.7741   199
14.7841   206
14.7941   196
14.8041   209
14.8141   216
14.8241   214
14.8341   216
14.8441   215
14.8541   213
14.8641   203
14.8741   212
14.8841   224
14.8941   225
14.9041   248
14.9141   255
14.9241   243
14.9341   229
14.9441   219
14.9541   240
14.9641   236
14.9741   231
14.9841   228
14.9941   227
15.0041   203
15.0141   202
15.0241   230
15.0341   221
15.0441   208
15.0541   217
15.0641   208
15.0741   215
15.0841   239
15.0941   219
15.1041   213
15.1141   212
15.1241   224
15.1341   221
15.1441   220
15.1541   224
15.1641   230
15.1741   224
15.1841   206
15.1941   209
15.2041   224
15.2141   232
15.2241   224
15.2341   220
15.2441   227
15.2541   210
15.2641   230
15.2741   249
15.2841   226
15.2941   221
15.3041   212
15.3141   215
15.3241   214
15.3341   217
15.3441   228
15.3541   229
15.3641   227
15.3741   230
15.3841   234
15.3941   228
15.4041   213
15.4141   220
15.4241   242
15.4341   243
15.4441   222
15.4541   219
15.4641   237
15.4741   235
15.4841   230
15.4941   242
15.5041   226
15.5141   226
15.5241   228
15.5341   241
15.5441   241
15.5541   222
15.5641   243
15.5741   273
15.5841   283
15.5941   264
15.6041   266
15.6141   302
15.6241   316
15.6341   300
15.6441   299
15.6541   313
15.6641   317
15.6741   319
15.6841   337
15.6941   368
15.7041   376
15.7141   379
15.7241   385
15.7341   397
15.7441   394
15.7541   406
15.7641   409
15.7741   419
15.7841   399
15.7941   398
15.8041   388
15.8141   395
15.8241   392
15.8341   374
15.8441   363
15.8541   358
15.8641   362
15.8741   349
15.8841   330
15.8941   338
15.9041   347
15.9141   330
15.9241   315
15.9341   290
15.9441   275
15.9541   278
15.9641   274
15.9741   282
15.9841   288
15.9941   273
16.0041   287
16.0141   292
16.0241   288
16.0341   275
16.0441   263
16.0541   256
16.0641   272
16.0741   272
16.0841   261
16.0941   262
16.1041   264
16.1141   277
16.1241   291
16.1341   275
16.1441   269
16.1541   278
16.1641   269
16.1741   279
16.1841   262
16.1941   262
16.2041   290
16.2141   289
16.2241   259
16.2341   256
16.2441   281
16.2541   296
16.2641   276
16.2741   280
16.2841   278
16.2941   264
16.3041   257
16.3141   268
16.3241   284
16.3341   279
16.3441   269
16.3541   264
16.3641   268
16.3741   278
16.3841   293
16.3941   303
16.4041   304
16.4141   288
16.4241   291
16.4341   283
16.4441   252
16.4541   270
16.4641   300
16.4741   284
16.4841   282
16.4941   278
16.5041   284
16.5141   275
16.5241   282
16.5341   280
16.5441   285
16.5541   281
16.5641   282
16.5741   311
16.5841   309
16.5941   296
16.6041   309
16.6141   302
16.6241   282
16.6341   283
16.6441   280
16.6541   280
16.6641   295
16.6741   281
16.6841   289
16.6941   312
16.7041   309
16.7141   289
16.7241   276
16.7341   283
16.7441   283
16.7541   298
16.7641   307
16.7741   294
16.7841   313
16.7941   322
16.8041   309
16.8141   310
16.8241   308
16.8341   293
16.8441   300
16.8541   311
16.8641   294
16.8741   281
16.8841   282
16.8941   283
16.9041   300
16.9141   307
16.9241   310
16.9341   299
16.9441   293
16.9541   305
16.9641   301
16.9741   307
16.9841   324
16.9941   307
17.0041   312
17.0141   287
17.0241   294
17.0341   317
17.0441   312
17.0541   311
17.0641   301
17.0741   318
17.0841   331
17.0941   317
17.1041   330
17.1141   312
17.1241   321
17.1341   339
17.1441   334
17.1541   300
17.1641   316
17.1741   318
17.1841   314
17.1941   319
17.2041   297
17.2141   295
17.2241   303
17.2341   329
17.2441   336
17.2541   314
17.2641   316
17.2741   304
17.2841   302
17.2941   308
17.3041   334
17.3141   350
17.3241   322
17.3341   291
17.3441   325
17.3541   329
17.3641   300
17.3741   317
17.3841   328
17.3941   312
17.4041   328
17.4141   336
17.4241   337
17.4341   333
17.4441   317
17.4541   323
17.4641   347
17.4741   345
17.4841   328
17.4941   309
17.5041   336
17.5141   347
17.5241   340
17.5341   329
17.5441   339
17.5541   350
17.5641   380
17.5741   360
17.5841   347
17.5941   333
17.6041   343
17.6141   358
17.6241   372
17.6341   371
17.6441   344
17.6541   366
17.6641   372
17.6741   345
17.6841   368
17.6941   384
17.7041   368
17.7141   375
17.7241   367
17.7341   332
17.7441   332
17.7541   346
17.7641   357
17.7741   337
17.7841   342
17.7941   345
17.8041   334
17.8141   352
17.8241   362
17.8341   368
17.8441   359
17.8541   364
17.8641   369
17.8741   317
17.8841   379
17.8941   377
17.9041   370
17.9141   352
17.9241   344
17.9341   360
17.9441   340
17.9541   350
17.9641   355
17.9741   340
17.9841   354
17.9941   363
18.0041   358
18.0141   356
18.0241   349
18.0341   335
18.0441   351
18.0541   334
18.0641   356
18.0741   367
18.0841   366
18.0941   369
18.1041   354
18.1141   361
18.1241   360
18.1341   354
18.1441   358
18.1541   369
18.1641   371
18.1741   363
18.1841   379
18.1941   379
18.2041   345
18.2141   353
18.2241   352
18.2341   343
18.2441   347
18.2541   374
18.2641   381
18.2741   368
18.2841   367
18.2941   377
18.3041   380
18.3141   339
18.3241   382
18.3341   397
18.3441   387
18.3541   379
18.3641   353
18.3741   369
18.3841   382
18.3941   408
18.4041   381
18.4141   360
18.4241   382
18.4341   387
18.4441   361
18.4541   374
18.4641   363
18.4741   397
18.4841   394
18.4941   362
18.5041   374
18.5141   359
18.5241   373
18.5341   384
18.5441   379
18.5541   362
18.5641   379
18.5741   366
18.5841   366
18.5941   410
18.6041   404
18.6141   377
18.6241   409
18.6341   398
18.6441   389
18.6541   379
18.6641   375
18.6741   388
18.6841   398
18.6941   409
18.7041   409
18.7141   380
18.7241   391
18.7341   401
18.7441   396
18.7541   387
18.7641   380
18.7741   353
18.7841   386
18.7941   382
18.8041   389
18.8141   376
18.8241   379
18.8341   399
18.8441   414
18.8541   393
18.8641   398
18.8741   413
18.8841   412
18.8941   428
18.9041   406
18.9141   395
18.9241   400
18.9341   377
18.9441   406
18.9541   380
18.9641   383
18.9741   382
18.9841   354
18.9941   381
19.0041   395
19.0141   386
19.0241   404
19.0341   383
19.0441   389
19.0541   383
19.0641   432
19.0741   415
19.0841   401
19.0941   370
19.1041   364
19.1141   421
19.1241   362
19.1341   385
19.1441   383
19.1541   384
19.1641   386
19.1741   390
19.1841   375
19.1941   393
19.2041   401
19.2141   410
19.2241   388
19.2341   363
19.2441   402
19.2541   431
19.2641   426
19.2741   369
19.2841   411
19.2941   401
19.3041   383
19.3141   408
19.3241   364
19.3341   411
19.3441   396
19.3541   421
19.3641   431
19.3741   410
19.3841   400
19.3941   420
19.4041   405
19.4141   414
19.4241   409
19.4341   378
19.4441   372
19.4541   388
19.4641   402
19.4741   391
19.4841   379
19.4941   407
19.5041   401
19.5141   402
19.5241   420
19.5341   412
19.5441   390
19.5541   394
19.5641   394
19.5741   413
19.5841   384
19.5941   397
19.6041   389
19.6141   359
19.6241   416
19.6341   412
19.6441   412
19.6541   402
19.6641   390
19.6741   423
19.6841   415
19.6941   385
19.7041   378
19.7141   412
19.7241   429
19.7341   417
19.7441   399
19.7541   380
19.7641   402
19.7741   390
19.7841   419
19.7941   409
19.8041   387
19.8141   411
19.8241   405
19.8341   383
19.8441   398
19.8541   400
19.8641   400
19.8741   399
19.8841   414
19.8941   398
19.9041   402
19.9141   384
19.9241   403
19.9341   439
19.9441   429
19.9541   451
19.9641   412
19.9741   438
19.9841   416
19.9941   421
20.0041   404
20.0141   400
20.0241   428
20.0341   435
20.0441   398
20.0541   411
20.0641   418
20.0741   414
20.0841   378
20.0941   396
20.1041   417
20.1141   412
20.1241   401
20.1341   385
20.1441   421
20.1541   451
20.1641   372
20.1741   420
20.1841   419
20.1941   413
20.2041   445
20.2141   418
20.2241   403
20.2341   418
20.2441   406
20.2541   397
20.2641   419
20.2741   434
20.2841   384
20.2941   388
20.3041   424
20.3141   418
20.3241   388
20.3341   424
20.3441   407
20.3541   400
20.3641   399
20.3741   368
20.3841   398
20.3941   419
20.4041   414
20.4141   365
20.4241   416
20.4341   422
20.4441   443
20.4541   439
20.4641   465
20.4741   446
20.4841   421
20.4941   402
20.5041   415
20.5141   420
20.5241   415
20.5341   395
20.5441   406
20.5541   402
20.5641   398
20.5741   426
20.5841   426
20.5941   431
20.6041   459
20.6141   445
20.6241   408
20.6341   401
20.6441   401
20.6541   419
20.6641   444
20.6741   412
20.6841   407
20.6941   440
20.7041   457
20.7141   420
20.7241   419
20.7341   442
20.7441   401
20.7541   428
20.7641   435
20.7741   417
20.7841   444
20.7941   438
20.8041   459
20.8141   442
20.8241   417
20.8341   469
20.8441   469
20.8541   469
20.8641   418
20.8741   451
20.8841   486
20.8941   483
20.9041   461
20.9141   472
20.9241   492
20.9341   479
20.9441   487
20.9541   511
20.9641   514
20.9741   553
20.9841   560
20.9941   533
21.0041   546
21.0141   563
21.0241   550
21.0341   587
21.0441   558
21.0541   579
21.0641   564
21.0741   602
21.0841   612
21.0941   619
21.1041   603
21.1141   617
21.1241   584
21.1341   602
21.1441   625
21.1541   616
21.1641   592
21.1741   594
21.1841   579
21.1941   598
21.2041   616
21.2141   607
21.2241   612
21.2341   582
21.2441   539
21.2541   534
21.2641   554
21.2741   568
21.2841   496
21.2941   505
21.3041   508
21.3141   533
21.3241   484
21.3341   481
21.3441   463
21.3541   450
21.3641   455
21.3741   444
21.3841   408
21.3941   446
21.4041   416
21.4141   448
21.4241   431
21.4341   429
21.4441   423
21.4541   445
21.4641   404
21.4741   401
21.4841   433
21.4941   433
21.5041   449
21.5141   429
21.5241   430
21.5341   399
21.5441   444
21.5541   415
21.5641   420
21.5741   407
21.5841   384
21.5941   440
21.6041   403
21.6141   388
21.6241   398
21.6341   416
21.6441   398
21.6541   420
21.6641   389
21.6741   435
21.6841   413
21.6941   415
21.7041   410
21.7141   396
21.7241   421
21.7341   444
21.7441   442
21.7541   446
21.7641   435
21.7741   427
21.7841   412
21.7941   401
21.8041   453
21.8141   438
21.8241   401
21.8341   408
21.8441   369
21.8541   426
21.8641   420
21.8741   417
21.8841   446
21.8941   435
21.9041   438
21.9141   421
21.9241   440
21.9341   396
21.9441   403
21.9541   431
21.9641   440
21.9741   453
21.9841   463
21.9941   440
22.0041   419
22.0141   432
22.0241   424
22.0341   436
22.0441   422
22.0541   410
22.0641   423
22.0741   428
22.0841   427
22.0941   434
22.1041   404
22.1141   417
22.1241   418
22.1341   408
22.1441   413
22.1541   428
22.1641   370
22.1741   427
22.1841   449
22.1941   396
22.2041   432
22.2141   388
22.2241   418
22.2341   433
22.2441   425
22.2541   376
22.2641   465
22.2741   404
22.2841   432
22.2941   399
22.3041   428
22.3141   380
22.3241   420
22.3341   435
22.3441   420
22.3541   399
22.3641   390
22.3741   426
22.3841   410
22.3941   394
22.4041   405
22.4141   431
22.4241   448
22.4341   432
22.4441   394
22.4541   411
22.4641   394
22.4741   444
22.4841   405
22.4941   437
22.5041   417
22.5141   413
22.5241   408
22.5341   428
22.5441   409
22.5541   385
22.5641   437
22.5741   418
22.5841   429
22.5941   424
22.6041   432
22.6141   396
22.6241   409
22.6341   397
22.6441   411
22.6541   438
22.6641   418
22.6741   452
22.6841   443
22.6941   424
22.7041   433
22.7141   392
22.7241   396
22.7341   452
22.7441   431
22.7541   427
22.7641   429
22.7741   402
22.7841   444
22.7941   447
22.8041   403
22.8141   418
22.8241   411
22.8341   422
22.8441   400
22.8541   419
22.8641   384
22.8741   410
22.8841   433
22.8941   395
22.9041   397
22.9141   428
22.9241   391
22.9341   421
22.9441   417
22.9541   391
22.9641   400
22.9741   421
22.9841   413
22.9941   425
23.0041   397
23.0141   400
23.0241   426
23.0341   378
23.0441   393
23.0541   398
23.0641   398
23.0741   410
23.0841   423
23.0941   380
23.1041   443
23.1141   374
23.1241   427
23.1341   369
23.1441   409
23.1541   412
23.1641   402
23.1741   385
23.1841   438
23.1941   408
23.2041   364
23.2141   413
23.2241   401
23.2341   402
23.2441   382
23.2541   394
23.2641   416
23.2741   403
23.2841   386
23.2941   379
23.3041   398
23.3141   390
23.3241   404
23.3341   402
23.3441   394
23.3541   394
23.3641   418
23.3741   375
23.3841   383
23.3941   434
23.4041   434
23.4141   373
23.4241   403
23.4341   388
23.4441   391
23.4541   379
23.4641   370
23.4741   410
23.4841   369
23.4941   431
23.5041   390
23.5141   380
23.5241   406
23.5341   395
23.5441   374
23.5541   420
23.5641   393
23.5741   363
23.5841   401
23.5941   385
23.6041   399
23.6141   407
23.6241   393
23.6341   389
23.6441   379
23.6541   423
23.6641   404
23.6741   421
23.6841   423
23.6941   430
23.7041   385
23.7141   400
23.7241   404
23.7341   426
23.7441   405
23.7541   402
23.7641   430
23.7741   431
23.7841   418
23.7941   436
23.8041   442
23.8141   469
23.8241   405
23.8341   403
23.8441   412
23.8541   434
23.8641   449
23.8741   443
23.8841   399
23.8941   411
23.9041   405
23.9141   389
23.9241   393
23.9341   451
23.9441   388
23.9541   394
23.9641   375
23.9741   428
23.9841   370
23.9941   431
24.0041   369
24.0141   414
24.0241   384
24.0341   383
24.0441   429
24.0541   431
24.0641   378
24.0741   374
24.0841   389
24.0941   401
24.1041   381
24.1141   372
24.1241   413
24.1341   383
24.1441   397
24.1541   383
24.1641   391
24.1741   393
24.1841   388
24.1941   358
24.2041   371
24.2141   395
24.2241   401
24.2341   399
24.2441   394
24.2541   381
24.2641   398
24.2741   411
24.2841   355
24.2941   369
24.3041   407
24.3141   396
24.3241   371
24.3341   348
24.3441   370
24.3541   352
24.3641   378
24.3741   371
24.3841   393
24.3941   385
24.4041   364
24.4141   347
24.4241   363
24.4341   422
24.4441   352
24.4541   380
24.4641   384
24.4741   380
24.4841   359
24.4941   363
24.5041   340
24.5141   393
24.5241   391
24.5341   373
24.5441   348
24.5541   370
24.5641   324
24.5741   353
24.5841   375
24.5941   382
24.6041   371
24.6141   371
24.6241   358
24.6341   353
24.6441   378
24.6541   390
24.6641   368
24.6741   331
24.6841   332
24.6941   368
24.7041   350
24.7141   390
24.7241   358
24.7341   387
24.7441   364
24.7541   335
24.7641   341
24.7741   351
24.7841   378
24.7941   405
24.8041   337
24.8141   354
24.8241   324
24.8341   362
24.8441   344
24.8541   336
24.8641   364
24.8741   340
24.8841   358
24.8941   408
24.9041   354
24.9141   362
24.9241   381
24.9341   378
24.9441   360
24.9541   371
24.9641   346
24.9741   416
24.9841   371
24.9941   344
25.0041   333
25.0141   368
25.0241   360
25.0341   373
25.0441   360
25.0541   358
25.0641   347
25.0741   336
25.0841   360
25.0941   356
25.1041   343
25.1141   377
25.1241   364
25.1341   386
25.1441   374
25.1541   316
25.1641   359
25.1741   382
25.1841   384
25.1941   359
25.2041   368
25.2141   327
25.2241   362
25.2341   358
25.2441   353
25.2541   363
25.2641   356
25.2741   365
25.2841   384
25.2941   347
25.3041   382
25.3141   349
25.3241   350
25.3341   373
25.3441   350
25.3541   341
25.3641   354
25.3741   324
25.3841   366
25.3941   358
25.4041   344
25.4141   356
25.4241   360
25.4341   348
25.4441   352
25.4541   340
25.4641   362
25.4741   364
25.4841   331
25.4941   354
25.5041   353
25.5141   326
25.5241   337
25.5341   346
25.5441   333
25.5541   355
25.5641   345
25.5741   364
25.5841   348
25.5941   349
25.6041   334
25.6141   346
25.6241   336
25.6341   307
25.6441   329
25.6541   323
25.6641   323
25.6741   353
25.6841   339
25.6941   332
25.7041   335
25.7141   318
25.7241   345
25.7341   314
25.7441   333
25.7541   356
25.7641   317
25.7741   342
25.7841   329
25.7941   308
25.8041   327
25.8141   313
25.8241   299
25.8341   342
25.8441   331
25.8541   309
25.8641   328
25.8741   325
25.8841   318
25.8941   323
25.9041   350
25.9141   331
25.9241   336
25.9341   337
25.9441   330
25.9541   355
25.9641   331
25.9741   305
25.9841   323
25.9941   357
26.0041   307
26.0141   326
26.0241   319
26.0341   323
26.0441   332
26.0541   367
26.0641   332
26.0741   326
26.0841   307
26.0941   332
26.1041   346
26.1141   317
26.1241   307
26.1341   336
26.1441   322
26.1541   358
26.1641   348
26.1741   326
26.1841   308
26.1941   326
26.2041   328
26.2141   323
26.2241   344
26.2341   324
26.2441   320
26.2541   347
26.2641   332
26.2741   341
26.2841   345
26.2941   309
26.3041   303
26.3141   284
26.3241   326
26.3341   317
26.3441   324
26.3541   346
26.3641   313
26.3741   310
26.3841   327
26.3941   302
26.4041   325
26.4141   327
26.4241   280
26.4341   311
26.4441   332
26.4541   319
26.4641   306
26.4741   329
26.4841   328
26.4941   284
26.5041   301
26.5141   316
26.5241   319
26.5341   347
26.5441   326
26.5541   291
26.5641   302
26.5741   283
26.5841   285
26.5941   320
26.6041   323
26.6141   309
26.6241   318
26.6341   311
26.6441   314
26.6541   302
26.6641   302
26.6741   281
26.6841   285
26.6941   295
26.7041   325
26.7141   276
26.7241   311
26.7341   328
26.7441   309
26.7541   288
26.7641   309
26.7741   316
26.7841   302
26.7941   299
26.8041   308
26.8141   326
26.8241   285
26.8341   292
26.8441   298
26.8541   297
26.8641   323
26.8741   317
26.8841   302
26.8941   284
26.9041   266
26.9141   262
26.9241   276
26.9341   292
26.9441   285
26.9541   307
26.9641   266
26.9741   294
26.9841   303
26.9941   305
27.0041   297
27.0141   295
27.0241   313
27.0341   294
27.0441   296
27.0541   307
27.0641   316
27.0741   280
27.0841   320
27.0941   319
27.1041   288
27.1141   326
27.1241   310
27.1341   293
27.1441   302
27.1541   292
27.1641   296
27.1741   297
27.1841   298
27.1941   318
27.2041   317
27.2141   297
27.2241   279
27.2341   288
27.2441   300
27.2541   281
27.2641   274
27.2741   286
27.2841   265
27.2941   294
27.3041   301
27.3141   287
27.3241   311
27.3341   268
27.3441   291
27.3541   264
27.3641   283
27.3741   261
27.3841   269
27.3941   278
27.4041   293
27.4141   264
27.4241   306
27.4341   288
27.4441   270
27.4541   306
27.4641   281
27.4741   285
27.4841   307
27.4941   281
27.5041   268
27.5141   262
27.5241   285
27.5341   286
27.5441   260
27.5541   277
27.5641   311
27.5741   290
27.5841   285
27.5941   291
27.6041   280
27.6141   306
27.6241   277
27.6341   280
27.6441   279
27.6541   267
27.6641   261
27.6741   290
27.6841   242
27.6941   239
27.7041   296
27.7141   278
27.7241   275
27.7341   279
27.7441   268
27.7541   245
27.7641   280
27.7741   278
27.7841   257
27.7941   293
27.8041   254
27.8141   280
27.8241   263
27.8341   285
27.8441   281
27.8541   263
27.8641   280
27.8741   268
27.8841   250
27.8941   291
27.9041   288
27.9141   281
27.9241   281
27.9341   282
27.9441   273
27.9541   237
27.9641   236
27.9741   251
27.9841   258
27.9941   251
28.0041   277
28.0141   251
28.0241   238
28.0341   258
28.0441   256
28.0541   244
28.0641   250
28.0741   253
28.0841   241
28.0941   274
28.1041   294
28.1141   268
28.1241   272
28.1341   264
28.1441   249
28.1541   268
28.1641   270
28.1741   256
28.1841   233
28.1941   268
28.2041   266
28.2141   249
28.2241   260
28.2341   246
28.2441   266
28.2541   266
28.2641   257
28.2741   266
28.2841   252
28.2941   271
28.3041   257
28.3141   268
28.3241   253
28.3341   242
28.3441   272
28.3541   265
28.3641   289
28.3741   274
28.3841   242
28.3941   246
28.4041   281
28.4141   261
28.4241   268
28.4341   278
28.4441   274
28.4541   228
28.4641   253
28.4741   283
28.4841   256
28.4941   244
28.5041   242
28.5141   251
28.5241   256
28.5341   257
28.5441   230
28.5541   262
28.5641   231
28.5741   231
28.5841   287
28.5941   219
28.6041   263
28.6141   249
28.6241   252
28.6341   247
28.6441   268
28.6541   267
28.6641   199
28.6741   244
28.6841   232
28.6941   231
28.7041   269
28.7141   237
28.7241   235
28.7341   232
28.7441   243
28.7541   227
28.7641   242
28.7741   240
28.7841   218
28.7941   246
28.8041   238
28.8141   237
28.8241   221
28.8341   224
28.8441   239
28.8541   241
28.8641   226
28.8741   238
28.8841   213
28.8941   239
28.9041   205
28.9141   218
28.9241   240
28.9341   240
28.9441   246
28.9541   241
28.9641   236
28.9741   260
28.9841   240
28.9941   227
29.0041   224
29.0141   254
29.0241   202
29.0341   215
29.0441   218
29.0541   249
29.0641   229
29.0741   213
29.0841   211
29.0941   224
29.1041   226
29.1141   235
29.1241   230
29.1341   218
29.1441   218
29.1541   219
29.1641   241
29.1741   243
29.1841   210
29.1941   231
29.2041   218
29.2141   221
29.2241   198
29.2341   223
29.2441   216
29.2541   212
29.2641   216
29.2741   211
29.2841   218
29.2941   236
29.3041   204
29.3141   219
29.3241   212
29.3341   202
29.3441   228
29.3541   227
29.3641   227
29.3741   238
29.3841   227
29.3941   224
29.4041   219
29.4141   231
29.4241   225
29.4341   227
29.4441   217
29.4541   201
29.4641   231
29.4741   238
29.4841   195
29.4941   201
29.5041   219
29.5141   227
29.5241   202
29.5341   217
29.5441   213
29.5541   211
29.5641   228
29.5741   225
29.5841   212
29.5941   202
29.6041   230
29.6141   199
29.6241   193
29.6341   219
29.6441   230
29.6541   194
29.6641   220
29.6741   225
29.6841   211
29.6941   211
29.7041   190
29.7141   190
29.7241   202
29.7341   223
29.7441   241
29.7541   222
29.7641   205
29.7741   200
29.7841   213
29.7941   200
29.8041   197
29.8141   217
29.8241   220
29.8341   212
29.8441   196
29.8541   209
29.8641   200
29.8741   206
29.8841   232
29.8941   209
29.9041   192
29.9141   207
29.9241   206
29.9341   202
29.9441   225
29.9541   195
29.9641   172
29.9741   188
29.9841   236
29.9941   209
30.0041   212
30.0141   222
30.0241   210
30.0341   176
30.0441   204
30.0541   216
30.0641   203
30.0741   208
30.0841   208
30.0941   211
30.1041   197
30.1141   173
30.1241   193
30.1341   201
30.1441   191
30.1541   192
30.1641   216
30.1741   194
30.1841   174
30.1941   173
30.2041   224
30.2141   193
30.2241   166
30.2341   200
30.2441   177
30.2541   207
30.2641   183
30.2741   188
30.2841   213
30.2941   193
30.3041   203
30.3141   194
30.3241   214
30.3341   178
30.3441   191
30.3541   182
30.3641   198
30.3741   199
30.3841   180
30.3941   197
30.4041   184
30.4141   188
30.4241   199
30.4341   181
30.4441   175
30.4541   170
30.4641   183
30.4741   202
30.4841   176
30.4941   175
30.5041   178
30.5141   179
30.5241   196
30.5341   198
30.5441   178
30.5541   182
30.5641   194
30.5741   191
30.5841   197
30.5941   175
30.6041   179
30.6141   178
30.6241   190
30.6341   174
30.6441   178
30.6541   177
30.6641   188
30.6741   173
30.6841   191
30.6941   174
30.7041   164
30.7141   189
30.7241   204
30.7341   182
30.7441   177
30.7541   171
30.7641   196
30.7741   167
30.7841   179
30.7941   186
30.8041   155
30.8141   191
30.8241   174
30.8341   198
30.8441   200
30.8541   178
30.8641   185
30.8741   180
30.8841   162
30.8941   180
30.9041   166
30.9141   185
30.9241   163
30.9341   162
30.9441   155
30.9541   173
30.9641   180
30.9741   170
30.9841   189
30.9941   195
31.0041   178
31.0141   151
31.0241   171
31.0341   172
31.0441   182
31.0541   153
31.0641   173
31.0741   171
31.0841   165
31.0941   175
31.1041   178
31.1141   158
31.1241   160
31.1341   172
31.1441   158
31.1541   147
31.1641   145
31.1741   155
31.1841   162
31.1941   165
31.2041   158
31.2141   166
31.2241   181
31.2341   160
31.2441   170
31.2541   181
31.2641   185
31.2741   154
31.2841   177
31.2941   180
31.3041   173
31.3141   163
31.3241   155
31.3341   176
31.3441   188
31.3541   166
31.3641   167
31.3741   164
31.3841   160
31.3941   136
31.4041   161
31.4141   147
31.4241   166
31.4341   160
31.4441   150
31.4541   159
31.4641   166
31.4741   165
31.4841   148
31.4941   164
31.5041   162
31.5141   145
31.5241   159
31.5341   152
31.5441   146
31.5541   151
31.5641   132
31.5741   143
31.5841   142
31.5941   178
31.6041   170
31.6141   151
31.6241   147
31.6341   163
31.6441   161
31.6541   151
31.6641   156
31.6741   150
31.6841   162
31.6941   165
31.7041   158
31.7141   188
31.7241   169
31.7341   168
31.7441   167
31.7541   164
31.7641   149
31.7741   157
31.7841   151
31.7941   163
31.8041   161
31.8141   169
31.8241   160
31.8341   155
31.8441   165
31.8541   132
31.8641   142
31.8741   147
31.8841   166
31.8941   184
31.9041   147
31.9141   147
31.9241   166
31.9341   156
31.9441   156
31.9541   160
31.9641   132
31.9741   144
31.9841   172
31.9941   165
32.0041   134
32.0141   136
32.0241   156
32.0341   147
32.0441   141
32.0541   140
32.0641   141
32.0741   151
32.0841   134
32.0941   141
32.1041   146
32.1141   145
32.1241   140
32.1341   152
32.1441   177
32.1541   155
32.1641   147
32.1741   147
32.1841   157
32.1941   173
32.2041   151
32.2141   158
32.2241   160
32.2341   131
32.2441   159
32.2541   160
32.2641   159
32.2741   155
32.2841   158
32.2941   162
32.3041   159
32.3141   152
32.3241   146
32.3341   150
32.3441   144
32.3541   160
32.3641   144
32.3741   142
32.3841   131
32.3941   128
32.4041   152
32.4141   132
32.4241   134
32.4341   129
32.4441   152
32.4541   142
32.4641   131
32.4741   116
32.4841   135
32.4941   129
32.5041   134
32.5141   132
32.5241   128
32.5341   119
32.5441   150
32.5541   128
32.5641   100
32.5741   119
32.5841   135
32.5941   128
32.6041   142
32.6141   136
32.6241   119
32.6341   116
32.6441   137
32.6541   117
32.6641   149
32.6741   114
32.6841   136
32.6941   155
32.7041   119
32.7141   111
32.7241   124
32.7341   117
32.7441   149
32.7541   136
32.7641   142
32.7741   121
32.7841   138
32.7941   154
32.8041   128
32.8141   146
32.8241   132
32.8341   132
32.8441   116
32.8541   126
32.8641   119
32.8741   144
32.8841   126
32.8941   114
32.9041   125
32.9141   120
32.9241   131
32.9341   107
32.9441   124
32.9541   139
32.9641   132
32.9741   133
32.9841   124
32.9941   117
33.0041   118
33.0141   124
33.0241   124
33.0341   137
33.0441   131
33.0541   126
33.0641   118
33.0741   146
33.0841   124
33.0941   127
33.1041   130
33.1141   117
33.1241   116
33.1341   123
33.1441   124
33.1541   118
33.1641   109
33.1741   122
33.1841   137
33.1941   121
33.2041   117
33.2141   121
33.2241   108
33.2341   120
33.2441   116
33.2541   110
33.2641   100
33.2741   130
33.2841   124
33.2941   105
33.3041   100
33.3141   112
33.3241   100
33.3341   110
33.3441   104
33.3541   120
33.3641   110
33.3741   130
33.3841   120
33.3941   114
33.4041   121
33.4141   124
33.4241   125
33.4341   115
33.4441   124
33.4541   131
33.4641   115
33.4741   106
33.4841   117
33.4941   103
33.5041   112
33.5141   107
33.5241   129
33.5341   115
33.5441   107
33.5541   116
33.5641   114
33.5741   104
33.5841   116
33.5941   117
33.6041   116
33.6141   110
33.6241   107
33.6341   105
33.6441   112
33.6541   105
33.6641   115
33.6741   118
33.6841   134
33.6941   110
33.7041   102
33.7141    98
33.7241    95
33.7341   103
33.7441   113
33.7541   106
33.7641   111
33.7741   108
33.7841   115
33.7941   119
33.8041   111
33.8141   117
33.8241   102
33.8341   103
33.8441   111
33.8541   114
33.8641   119
33.8741   117
33.8841   118
33.8941    99
33.9041   104
33.9141   111
33.9241    99
33.9341   100
33.9441    97
33.9541   105
33.9641    99
33.9741   101
33.9841    99
33.9941    95
34.0041    93
34.0141    96
34.0241   111
34.0341   106
34.0441   111
34.0541   105
34.0641    79
34.0741   114
34.0841    92
34.0941   117
34.1041   101
34.1141    94
34.1241    84
34.1341    95
34.1441    95
34.1541   109
34.1641    88
34.1741    99
34.1841   100
34.1941   100
34.2041   104
34.2141    93
34.2241   100
34.2341   106
34.2441    97
34.2541    92
34.2641    98
34.2741    92
34.2841   110
34.2941    90
34.3041   101
34.3141    90
34.3241    88
34.3341    96
34.3441   114
34.3541    87
34.3641    90
34.3741   111
34.3841   101
34.3941    94
34.4041   104
34.4141    90
34.4241    97
34.4341   100
34.4441    86
34.4541   107
34.4641    97
34.4741    91
34.4841    87
34.4941   112
34.5041   104
34.5141    95
34.5241    96
34.5341    83
34.5441    95
34.5541    77
34.5641    85
34.5741    82
34.5841   103
34.5941    95
34.6041    89
34.6141    86
34.6241   108
34.6341    97
34.6441   102
34.6541   106
34.6641    88
34.6741    75
34.6841    93
34.6941    81
34.7041    91
34.7141   102
34.7241    90
34.7341    88
34.7441    76
34.7541    79
34.7641    96
34.7741    85
34.7841    90
34.7941    85
34.8041    87
34.8141    81
34.8241    87
34.8341    99
34.8441    79
34.8541    90
34.8641    87
34.8741    82
34.8841    75
34.8941    88
34.9041    70
34.9141    66
34.9241    91
34.9341    90
34.9441    85
34.9541    79
34.9641    93
34.9741    99
34.9841    81
34.9941    87
35.0041    82
35.0141    82
35.0241    71
35.0341    99
35.0441    80
35.0541    79
35.0641    86
35.0741    83
35.0841    63
35.0941    74
35.1041    82
35.1141    65
35.1241    70
35.1341    85
35.1441    75
35.1541    81
35.1641    96
35.1741    91
35.1841    75
35.1941    77
35.2041    73
35.2141    70
35.2241    80
35.2341    75
35.2441    83
35.2541    83
35.2641    78
35.2741    87
35.2841    70
35.2941    85
35.3041    79
35.3141    73
35.3241    68
35.3341    91
35.3441    89
35.3541    88
35.3641    74
35.3741    76
35.3841    89
35.3941    76
35.4041    79
35.4141    84
35.4241    78
35.4341    70
35.4441    79
35.4541    85
35.4641    80
35.4741    66
35.4841    72
35.4941    75
35.5041    78
35.5141    67
35.5241    86
35.5341    84
35.5441    71
35.5541    90
35.5641    65
35.5741    65
35.5841    76
35.5941    68
35.6041    69
35.6141    79
35.6241    73
35.6341    85
35.6441    83
35.6541    73
35.6641    79
35.6741    76
35.6841    62
35.6941    72
35.7041    79
35.7141    66
35.7241    65
35.7341    97
35.7441    66
35.7541    64
35.7641    72
35.7741    74
35.7841    82
35.7941    86
35.8041    62
35.8141    74
35.8241    65
35.8341    72
35.8441    76
35.8541    69
35.8641    63
35.8741    63
35.8841    70
35.8941    62
35.9041    63
35.9141    78
35.9241    87
35.9341    62
35.9441    70
35.9541    50
35.9641    79
35.9741    71
35.9841    67
35.9941    86
36.0041    64
36.0141    67
36.0241    54
36.0341    78
36.0441    85
36.0541    70
36.0641    55
36.0741    84
36.0841    56
36.0941    60
36.1041    57
36.1141    65
36.1241    58
36.1341    71
36.1441    84
36.1541    63
36.1641    63
36.1741    55
36.1841    55
36.1941    53
36.2041    62
36.2141    64
36.2241    51
36.2341    64
36.2441    72
36.2541    65
36.2641    59
36.2741    78
36.2841    84
36.2941    64
36.3041    61
36.3141    84
36.3241    57
36.3341    65
36.3441    75
36.3541    64
36.3641    71
36.3741    67
36.3841    64
36.3941    70
36.4041    55
36.4141    61
36.4241    50
36.4341    60
36.4441    71
36.4541    68
36.4641    65
36.4741    60
36.4841    67
36.4941    48
36.5041    53
36.5141    75
36.5241    62
36.5341    60
36.5441    44
36.5541    53
36.5641    58
36.5741    64
36.5841    69
36.5941    58
36.6041    61
36.6141    65
36.6241    62
36.6341    50
36.6441    75
36.6541    64
36.6641    66
36.6741    56
36.6841    57
36.6941    59
36.7041    52
36.7141    53
36.7241    53
36.7341    65
36.7441    51
36.7541    57
36.7641    75
36.7741    43
36.7841    47
36.7941    55
36.8041    54
36.8141    58
36.8241    51
36.8341    56
36.8441    53
36.8541    69
36.8641    48
36.8741    53
36.8841    59
36.8941    59
36.9041    47
36.9141    61
36.9241    62
36.9341    46
36.9441    55
36.9541    64
36.9641    69
36.9741    54
36.9841    56
36.9941    39
37.0041    61
37.0141    48
37.0241    58
37.0341    45
37.0441    53
37.0541    51
37.0641    57
37.0741    56
37.0841    37
37.0941    47
37.1041    67
37.1141    42
37.1241    56
37.1341    52
37.1441    46
37.1541    62
37.1641    46
37.1741    45
37.1841    43
37.1941    69
37.2041    56
37.2141    56
37.2241    54
37.2341    50
37.2441    56
37.2541    60
37.2641    45
37.2741    48
37.2841    54
37.2941    55
37.3041    53
37.3141    53
37.3241    44
37.3341    53
37.3441    37
37.3541    36
37.3641    44
37.3741    57
37.3841    48
37.3941    49
37.4041    58
37.4141    49
37.4241    54
37.4341    42
37.4441    52
37.4541    53
37.4641    41
37.4741    51
37.4841    59
37.4941    44
37.5041    59
37.5141    51
37.5241    40
37.5341    37
37.5441    48
37.5541    46
37.5641    53
37.5741    45
37.5841    44
37.5941    57
37.6041    58
37.6141    49
37.6241    38
37.6341    45
37.6441    46
37.6541    45
37.6641    37
37.6741    36
37.6841    41
37.6941    32
37.7041    46
37.7141    47
37.7241    51
37.7341    46
37.7441    34
37.7541    35
37.7641    55
37.7741    41
37.7841    46
37.7941    44
37.8041    45
37.8141    41
37.8241    45
37.8341    46
37.8441    65
37.8541    45
37.8641    52
37.8741    49
37.8841    45
37.8941    44
37.9041    56
37.9141    42
37.9241    45
37.9341    51
37.9441    49
37.9541    36
37.9641    43
37.9741    31
37.9841    38
37.9941    52
38.0041    44
38.0141    43
38.0241    42
38.0341    30
38.0441    40
38.0541    36
38.0641    35
38.0741    43
38.0841    38
38.0941    31
38.1041    31
38.1141    32
38.1241    33
38.1341    42
38.1441    37
38.1541    39
38.1641    48
38.1741    45
38.1841    45
38.1941    40
38.2041    34
38.2141    40
38.2241    39
38.2341    42
38.2441    46
38.2541    35
38.2641    37
38.2741    41
38.2841    44
38.2941    31
38.3041    33
38.3141    36
38.3241    47
38.3341    32
38.3441    30
38.3541    42
38.3641    37
38.3741    29
38.3841    30
38.3941    32
38.4041    40
38.4141    44
38.4241    45
38.4341    29
38.4441    35
38.4541    54
38.4641    46
38.4741    34
38.4841    43
38.4941    46
38.5041    44
38.5141    36
38.5241    30
38.5341    32
38.5441    32
38.5541    33
38.5641    35
38.5741    36
38.5841    37
38.5941    40
38.6041    31
38.6141    33
38.6241    37
38.6341    38
38.6441    27
38.6541    38
38.6641    31
38.6741    44
38.6841    44
38.6941    33
38.7041    36
38.7141    32
38.7241    34
38.7341    35
38.7441    34
38.7541    31
38.7641    32
38.7741    32
38.7841    26
38.7941    29
38.8041    33
38.8141    35
38.8241    34
38.8341    38
38.8441    42
38.8541    25
38.8641    31
38.8741    31
38.8841    26
38.8941    25
38.9041    28
38.9141    30
38.9241    34
38.9341    35
38.9441    29
38.9541    26
38.9641    31
38.9741    37
38.9841    25
38.9941    32
39.0041    24
39.0141    29
39.0241    42
39.0341    37
39.0441    25
39.0541    28
39.0641    28
39.0741    38
39.0841    22
39.0941    25
39.1041    33
39.1141    26
39.1241    19
39.1341    25
39.1441    30
39.1541    40
39.1641    27
39.1741    34
39.1841    29
39.1941    34
39.2041    30
39.2141    18
39.2241    21
39.2341    34
39.2441    32
39.2541    27
39.2641    33
39.2741    31
39.2841    25
39.2941    27
39.3041    25
39.3141    16
39.3241    25
39.3341    13
39.3441    32
39.3541    27
39.3641    26
39.3741    18
39.3841    22
39.3941    33
39.4041    24
39.4141    25
39.4241    25
39.4341    35
39.4441    24
39.4541    25
39.4641    32
39.4741    19
39.4841    26
39.4941    34
39.5041    26
39.5141    22
39.5241    27
39.5341    28
39.5441    22
39.5541    25
39.5641    27
39.5741    32
39.5841    24
39.5941    27
39.6041    22
39.6141    28
39.6241    30
39.6341    21
39.6441    19
39.6541    25
39.6641    17
39.6741    25
39.6841    24
39.6941    23
39.7041    22
39.7141    24
39.7241    19
39.7341    29
39.7441    31
39.7541    14
39.7641    21
39.7741    22
39.7841    20
39.7941    20
39.8041    24
39.8141    27
39.8241    33
39.8341    18
39.8441    16
39.8541    16
39.8641    20
39.8741    19
39.8841    25
39.8941    21
39.9041    20
39.9141    25
39.9241    26
39.9341    25
39.9441    27
39.9541    18
39.9641    13
39.9741    30
39.9841    26
