Bruker Nano GmbH Berlin, Germany
Esprit 1.9

Date: 5/14/2021 3:53:45 PM
Real time: 14992
Life time: 13937
Pulse density: 104997


Detector type: XFlash 430
Window type: Custom type
Detector thickness: 0.45
Si dead layer:0.029

Calibration, lin.: 10
Calibration, abs.: -955.9
Mn FWHM: 137.05
Fano factor: 0.121
Channels: 4095

Energy Counts
-0.9559     0
-0.9459     0
-0.9359     0
-0.9259     0
-0.9159     0
-0.9059     0
-0.8959     0
-0.8859     0
-0.8759     0
-0.8659     0
-0.8559     0
-0.8459     0
-0.8359     0
-0.8259     0
-0.8159     0
-0.8059     0
-0.7959     0
-0.7859     0
-0.7759     0
-0.7659     0
-0.7559     0
-0.7459     0
-0.7359     0
-0.7259     0
-0.7159     0
-0.7059     0
-0.6959     0
-0.6859     0
-0.6759     0
-0.6659     0
-0.6559     0
-0.6459     0
-0.6359     0
-0.6259     0
-0.6159     0
-0.6059     0
-0.5959     0
-0.5859     0
-0.5759     0
-0.5659     0
-0.5559     0
-0.5459     0
-0.5359     0
-0.5259     0
-0.5159     0
-0.5059     0
-0.4959     0
-0.4859     0
-0.4759     0
-0.4659     0
-0.4559     0
-0.4459     0
-0.4359     0
-0.4259     0
-0.4159     0
-0.4059     0
-0.3959     0
-0.3859     0
-0.3759     0
-0.3659     0
-0.3559     0
-0.3459     0
-0.3359     0
-0.3259     0
-0.3159     0
-0.3059     0
-0.2959     0
-0.2859     0
-0.2759     0
-0.2659     0
-0.2559     0
-0.2459     0
-0.2359     0
-0.2259     0
-0.2159     0
-0.2059     0
-0.1959     0
-0.1859     0
-0.1759     0
-0.1659     0
-0.1559     0
-0.1459     0
-0.1359     1
-0.1259     0
-0.1159     1
-0.1059     3
-0.0959    48
-0.0859   163
-0.0759   591
-0.0659  1590
-0.0559  4069
-0.0459  8868
-0.0359 16641
-0.0259 26466
-0.0159 36643
-0.0059 42496
 0.0041 42625
 0.0141 37213
 0.0241 27316
 0.0341 17213
 0.0441  9394
 0.0541  4391
 0.0641  1797
 0.0741   640
 0.0841   178
 0.0941    57
 0.1041    23
 0.1141    10
 0.1241     4
 0.1341     5
 0.1441    10
 0.1541     7
 0.1641     3
 0.1741     0
 0.1841   115
 0.1941   257
 0.2041   262
 0.2141   224
 0.2241   231
 0.2341   232
 0.2441   233
 0.2541   237
 0.2641   238
 0.2741   228
 0.2841   220
 0.2941   201
 0.3041   201
 0.3141   208
 0.3241   201
 0.3341   217
 0.3441   214
 0.3541   203
 0.3641   187
 0.3741   201
 0.3841   210
 0.3941   207
 0.4041   196
 0.4141   217
 0.4241   214
 0.4341   195
 0.4441   191
 0.4541   194
 0.4641   175
 0.4741   175
 0.4841   184
 0.4941   193
 0.5041   181
 0.5141   176
 0.5241   196
 0.5341   187
 0.5441   175
 0.5541   185
 0.5641   172
 0.5741   171
 0.5841   178
 0.5941   183
 0.6041   180
 0.6141   174
 0.6241   164
 0.6341   160
 0.6441   163
 0.6541   172
 0.6641   175
 0.6741   172
 0.6841   169
 0.6941   173
 0.7041   170
 0.7141   175
 0.7241   171
 0.7341   160
 0.7441   182
 0.7541   177
 0.7641   171
 0.7741   167
 0.7841   158
 0.7941   156
 0.8041   151
 0.8141   165
 0.8241   165
 0.8341   154
 0.8441   160
 0.8541   146
 0.8641   142
 0.8741   142
 0.8841   157
 0.8941   173
 0.9041   155
 0.9141   141
 0.9241   156
 0.9341   156
 0.9441   156
 0.9541   162
 0.9641   159
 0.9741   161
 0.9841   150
 0.9941   154
 1.0041   149
 1.0141   138
 1.0241   150
 1.0341   168
 1.0441   148
 1.0541   152
 1.0641   152
 1.0741   155
 1.0841   144
 1.0941   131
 1.1041   133
 1.1141   140
 1.1241   140
 1.1341   152
 1.1441   146
 1.1541   120
 1.1641   120
 1.1741   151
 1.1841   129
 1.1941   134
 1.2041   126
 1.2141   132
 1.2241   142
 1.2341   127
 1.2441   121
 1.2541   140
 1.2641   144
 1.2741   135
 1.2841   123
 1.2941   154
 1.3041   129
 1.3141   124
 1.3241   127
 1.3341   143
 1.3441   148
 1.3541   123
 1.3641   128
 1.3741   134
 1.3841   144
 1.3941   141
 1.4041   145
 1.4141   120
 1.4241   120
 1.4341   123
 1.4441   129
 1.4541   149
 1.4641   128
 1.4741   123
 1.4841   125
 1.4941   137
 1.5041   152
 1.5141   129
 1.5241   132
 1.5341   126
 1.5441   124
 1.5541   110
 1.5641   120
 1.5741   122
 1.5841   135
 1.5941   117
 1.6041   124
 1.6141   102
 1.6241   113
 1.6341   132
 1.6441   152
 1.6541   162
 1.6641   189
 1.6741   218
 1.6841   281
 1.6941   355
 1.7041   427
 1.7141   483
 1.7241   544
 1.7341   585
 1.7441   552
 1.7541   558
 1.7641   493
 1.7741   380
 1.7841   350
 1.7941   276
 1.8041   233
 1.8141   203
 1.8241   184
 1.8341   161
 1.8441   143
 1.8541   150
 1.8641   140
 1.8741   143
 1.8841   135
 1.8941   123
 1.9041   131
 1.9141   143
 1.9241   125
 1.9341   134
 1.9441   117
 1.9541   122
 1.9641   151
 1.9741   166
 1.9841   168
 1.9941   155
 2.0041   148
 2.0141   143
 2.0241   162
 2.0341   167
 2.0441   160
 2.0541   135
 2.0641   142
 2.0741   127
 2.0841   113
 2.0941   146
 2.1041   135
 2.1141   123
 2.1241   111
 2.1341   149
 2.1441   126
 2.1541   108
 2.1641   124
 2.1741   126
 2.1841   109
 2.1941   110
 2.2041   119
 2.2141   127
 2.2241    94
 2.2341   123
 2.2441   106
 2.2541    99
 2.2641    92
 2.2741   120
 2.2841    90
 2.2941   121
 2.3041   110
 2.3141   126
 2.3241   125
 2.3341   105
 2.3441    98
 2.3541   125
 2.3641   114
 2.3741   129
 2.3841   114
 2.3941   111
 2.4041    85
 2.4141   106
 2.4241    98
 2.4341   105
 2.4441    95
 2.4541    99
 2.4641   119
 2.4741   105
 2.4841   107
 2.4941   107
 2.5041   100
 2.5141   122
 2.5241   100
 2.5341   105
 2.5441   112
 2.5541    89
 2.5641    96
 2.5741   106
 2.5841   100
 2.5941   118
 2.6041   116
 2.6141   116
 2.6241   119
 2.6341    91
 2.6441   105
 2.6541   100
 2.6641   102
 2.6741   105
 2.6841   118
 2.6941   103
 2.7041   100
 2.7141    99
 2.7241    98
 2.7341    85
 2.7441   109
 2.7541    84
 2.7641   102
 2.7741    95
 2.7841   101
 2.7941    95
 2.8041   100
 2.8141    96
 2.8241   111
 2.8341   108
 2.8441   135
 2.8541   102
 2.8641   103
 2.8741   106
 2.8841   106
 2.8941    96
 2.9041   100
 2.9141    90
 2.9241    89
 2.9341   100
 2.9441    74
 2.9541    76
 2.9641   100
 2.9741    94
 2.9841    88
 2.9941    93
 3.0041    86
 3.0141    91
 3.0241   101
 3.0341    99
 3.0441    90
 3.0541    93
 3.0641    82
 3.0741    91
 3.0841    75
 3.0941    84
 3.1041    84
 3.1141    96
 3.1241    81
 3.1341    81
 3.1441    73
 3.1541    81
 3.1641    94
 3.1741    79
 3.1841    96
 3.1941    97
 3.2041    90
 3.2141    69
 3.2241    69
 3.2341    83
 3.2441    81
 3.2541    90
 3.2641    90
 3.2741   113
 3.2841    96
 3.2941    95
 3.3041   117
 3.3141   106
 3.3241   100
 3.3341    94
 3.3441    93
 3.3541    88
 3.3641    96
 3.3741    99
 3.3841    80
 3.3941    89
 3.4041    73
 3.4141    86
 3.4241    84
 3.4341    73
 3.4441    81
 3.4541    79
 3.4641    66
 3.4741    77
 3.4841    89
 3.4941    68
 3.5041    67
 3.5141    76
 3.5241    94
 3.5341    88
 3.5441   101
 3.5541   103
 3.5641   108
 3.5741   140
 3.5841   135
 3.5941   169
 3.6041   244
 3.6141   285
 3.6241   384
 3.6341   456
 3.6441   572
 3.6541   626
 3.6641   722
 3.6741   785
 3.6841   786
 3.6941   800
 3.7041   787
 3.7141   737
 3.7241   643
 3.7341   532
 3.7441   457
 3.7541   336
 3.7641   276
 3.7741   233
 3.7841   167
 3.7941   127
 3.8041   122
 3.8141    98
 3.8241    83
 3.8341    77
 3.8441    77
 3.8541    67
 3.8641    71
 3.8741    72
 3.8841    72
 3.8941    64
 3.9041    79
 3.9141    79
 3.9241    85
 3.9341    94
 3.9441   117
 3.9541    97
 3.9641   131
 3.9741   143
 3.9841   150
 3.9941   139
 4.0041   168
 4.0141   154
 4.0241   153
 4.0341   155
 4.0441   139
 4.0541   136
 4.0641   112
 4.0741   104
 4.0841   102
 4.0941    82
 4.1041    90
 4.1141    75
 4.1241    76
 4.1341    89
 4.1441    73
 4.1541    60
 4.1641    51
 4.1741    50
 4.1841    62
 4.1941    62
 4.2041    66
 4.2141    52
 4.2241    57
 4.2341    64
 4.2441    62
 4.2541    42
 4.2641    54
 4.2741    57
 4.2841    55
 4.2941    57
 4.3041    58
 4.3141    54
 4.3241    60
 4.3341    50
 4.3441    60
 4.3541    67
 4.3641    63
 4.3741    57
 4.3841    74
 4.3941    80
 4.4041   109
 4.4141   115
 4.4241   113
 4.4341   153
 4.4441   188
 4.4541   216
 4.4641   221
 4.4741   237
 4.4841   259
 4.4941   280
 4.5041   308
 4.5141   279
 4.5241   290
 4.5341   268
 4.5441   238
 4.5541   233
 4.5641   197
 4.5741   165
 4.5841   121
 4.5941   120
 4.6041   115
 4.6141   108
 4.6241    80
 4.6341    84
 4.6441    84
 4.6541    68
 4.6641    63
 4.6741    76
 4.6841    52
 4.6941    88
 4.7041    66
 4.7141    77
 4.7241    74
 4.7341    76
 4.7441    65
 4.7541    77
 4.7641    43
 4.7741    69
 4.7841    68
 4.7941    71
 4.8041    70
 4.8141    73
 4.8241    76
 4.8341    73
 4.8441    93
 4.8541    77
 4.8641    91
 4.8741    93
 4.8841    76
 4.8941    91
 4.9041   117
 4.9141   110
 4.9241   123
 4.9341   123
 4.9441   121
 4.9541   120
 4.9641   111
 4.9741   101
 4.9841    87
 4.9941   104
 5.0041    90
 5.0141    89
 5.0241    81
 5.0341    86
 5.0441    64
 5.0541    86
 5.0641    59
 5.0741    64
 5.0841    70
 5.0941    73
 5.1041    66
 5.1141    76
 5.1241    71
 5.1341    73
 5.1441    63
 5.1541    59
 5.1641    65
 5.1741    61
 5.1841    59
 5.1941    63
 5.2041    75
 5.2141    60
 5.2241    67
 5.2341    76
 5.2441    81
 5.2541    72
 5.2641    69
 5.2741    60
 5.2841    78
 5.2941    70
 5.3041    66
 5.3141    61
 5.3241    72
 5.3341    96
 5.3441    73
 5.3541    80
 5.3641    97
 5.3741    76
 5.3841    79
 5.3941    82
 5.4041    92
 5.4141    87
 5.4241    92
 5.4341    85
 5.4441    77
 5.4541    99
 5.4641    75
 5.4741    79
 5.4841    90
 5.4941    66
 5.5041    70
 5.5141    76
 5.5241    60
 5.5341    69
 5.5441    66
 5.5541    70
 5.5641    77
 5.5741    87
 5.5841    63
 5.5941    66
 5.6041    79
 5.6141    87
 5.6241    71
 5.6341    69
 5.6441    73
 5.6541    72
 5.6641    72
 5.6741    85
 5.6841    62
 5.6941    62
 5.7041    78
 5.7141    63
 5.7241    77
 5.7341    87
 5.7441    94
 5.7541   104
 5.7641    97
 5.7741   120
 5.7841   146
 5.7941   132
 5.8041   176
 5.8141   204
 5.8241   238
 5.8341   221
 5.8441   298
 5.8541   298
 5.8641   344
 5.8741   366
 5.8841   394
 5.8941   368
 5.9041   374
 5.9141   335
 5.9241   339
 5.9341   332
 5.9441   300
 5.9541   245
 5.9641   246
 5.9741   207
 5.9841   187
 5.9941   167
 6.0041   155
 6.0141   140
 6.0241   130
 6.0341   108
 6.0441   116
 6.0541   113
 6.0641   109
 6.0741   121
 6.0841   116
 6.0941   106
 6.1041   122
 6.1141   132
 6.1241   145
 6.1341   165
 6.1441   155
 6.1541   177
 6.1641   166
 6.1741   171
 6.1841   220
 6.1941   266
 6.2041   352
 6.2141   501
 6.2241   688
 6.2341   882
 6.2441  1286
 6.2541  1649
 6.2641  2421
 6.2741  3291
 6.2841  4398
 6.2941  5839
 6.3041  7600
 6.3141  9566
 6.3241 11780
 6.3341 14365
 6.3441 16722
 6.3541 18978
 6.3641 21258
 6.3741 23106
 6.3841 24233
 6.3941 24832
 6.4041 24846
 6.4141 24145
 6.4241 22472
 6.4341 20626
 6.4441 18553
 6.4541 15854
 6.4641 13474
 6.4741 11040
 6.4841  8877
 6.4941  6898
 6.5041  5256
 6.5141  3966
 6.5241  2806
 6.5341  2055
 6.5441  1452
 6.5541   963
 6.5641   695
 6.5741   450
 6.5841   359
 6.5941   261
 6.6041   210
 6.6141   187
 6.6241   205
 6.6341   177
 6.6441   134
 6.6541   141
 6.6641   137
 6.6741   144
 6.6841   130
 6.6941   129
 6.7041   137
 6.7141   140
 6.7241   152
 6.7341   123
 6.7441   136
 6.7541   144
 6.7641   142
 6.7741   147
 6.7841   163
 6.7941   159
 6.8041   181
 6.8141   169
 6.8241   195
 6.8341   202
 6.8441   193
 6.8541   241
 6.8641   266
 6.8741   313
 6.8841   324
 6.8941   392
 6.9041   518
 6.9141   590
 6.9241   734
 6.9341   890
 6.9441  1044
 6.9541  1325
 6.9641  1621
 6.9741  1969
 6.9841  2224
 6.9941  2604
 7.0041  2978
 7.0141  3397
 7.0241  3450
 7.0341  3734
 7.0441  3965
 7.0541  3942
 7.0641  3916
 7.0741  3803
 7.0841  3513
 7.0941  3168
 7.1041  2955
 7.1141  2634
 7.1241  2217
 7.1341  1894
 7.1441  1536
 7.1541  1206
 7.1641  1039
 7.1741   753
 7.1841   604
 7.1941   455
 7.2041   343
 7.2141   295
 7.2241   210
 7.2341   180
 7.2441   196
 7.2541   158
 7.2641   155
 7.2741   154
 7.2841   131
 7.2941   123
 7.3041   157
 7.3141   163
 7.3241   153
 7.3341   141
 7.3441   158
 7.3541   183
 7.3641   178
 7.3741   155
 7.3841   192
 7.3941   173
 7.4041   207
 7.4141   164
 7.4241   185
 7.4341   187
 7.4441   173
 7.4541   184
 7.4641   163
 7.4741   162
 7.4841   163
 7.4941   145
 7.5041   164
 7.5141   158
 7.5241   133
 7.5341   144
 7.5441   136
 7.5541   128
 7.5641   126
 7.5741   132
 7.5841   132
 7.5941   136
 7.6041   149
 7.6141   145
 7.6241   135
 7.6341   129
 7.6441   132
 7.6541   149
 7.6641   146
 7.6741   157
 7.6841   152
 7.6941   166
 7.7041   157
 7.7141   166
 7.7241   185
 7.7341   163
 7.7441   147
 7.7541   159
 7.7641   184
 7.7741   165
 7.7841   178
 7.7941   183
 7.8041   202
 7.8141   198
 7.8241   202
 7.8341   189
 7.8441   221
 7.8541   209
 7.8641   221
 7.8741   197
 7.8841   209
 7.8941   255
 7.9041   239
 7.9141   236
 7.9241   233
 7.9341   302
 7.9441   307
 7.9541   316
 7.9641   342
 7.9741   370
 7.9841   405
 7.9941   414
 8.0041   465
 8.0141   469
 8.0241   498
 8.0341   576
 8.0441   633
 8.0541   626
 8.0641   617
 8.0741   695
 8.0841   728
 8.0941   820
 8.1041   805
 8.1141   828
 8.1241   911
 8.1341   950
 8.1441   995
 8.1541  1023
 8.1641   969
 8.1741  1001
 8.1841  1004
 8.1941  1004
 8.2041  1071
 8.2141  1046
 8.2241  1058
 8.2341  1082
 8.2441  1226
 8.2541  1252
 8.2641  1323
 8.2741  1513
 8.2841  1580
 8.2941  1785
 8.3041  1877
 8.3141  2178
 8.3241  2368
 8.3341  2580
 8.3441  2880
 8.3541  3160
 8.3641  3332
 8.3741  3467
 8.3841  3591
 8.3941  3693
 8.4041  3591
 8.4141  3498
 8.4241  3374
 8.4341  2944
 8.4441  2737
 8.4541  2552
 8.4641  2241
 8.4741  1932
 8.4841  1715
 8.4941  1492
 8.5041  1146
 8.5141   997
 8.5241   823
 8.5341   728
 8.5441   579
 8.5541   506
 8.5641   456
 8.5741   372
 8.5841   331
 8.5941   297
 8.6041   263
 8.6141   248
 8.6241   277
 8.6341   259
 8.6441   242
 8.6541   231
 8.6641   258
 8.6741   216
 8.6841   226
 8.6941   236
 8.7041   262
 8.7141   238
 8.7241   255
 8.7341   231
 8.7441   229
 8.7541   238
 8.7641   236
 8.7741   228
 8.7841   215
 8.7941   220
 8.8041   251
 8.8141   245
 8.8241   246
 8.8341   265
 8.8441   247
 8.8541   228
 8.8641   232
 8.8741   211
 8.8841   236
 8.8941   248
 8.9041   255
 8.9141   258
 8.9241   237
 8.9341   273
 8.9441   265
 8.9541   276
 8.9641   273
 8.9741   306
 8.9841   261
 8.9941   282
 9.0041   288
 9.0141   276
 9.0241   265
 9.0341   283
 9.0441   294
 9.0541   287
 9.0641   314
 9.0741   307
 9.0841   307
 9.0941   328
 9.1041   350
 9.1141   346
 9.1241   353
 9.1341   365
 9.1441   355
 9.1541   402
 9.1641   441
 9.1741   441
 9.1841   464
 9.1941   481
 9.2041   507
 9.2141   528
 9.2241   550
 9.2341   628
 9.2441   619
 9.2541   689
 9.2641   713
 9.2741   729
 9.2841   766
 9.2941   791
 9.3041   820
 9.3141   879
 9.3241   864
 9.3341   934
 9.3441   951
 9.3541   941
 9.3641   974
 9.3741   997
 9.3841  1023
 9.3941  1065
 9.4041  1077
 9.4141  1039
 9.4241  1060
 9.4341  1071
 9.4441  1081
 9.4541  1096
 9.4641  1117
 9.4741  1158
 9.4841  1101
 9.4941  1105
 9.5041  1128
 9.5141  1160
 9.5241  1211
 9.5341  1276
 9.5441  1287
 9.5541  1347
 9.5641  1383
 9.5741  1496
 9.5841  1602
 9.5941  1696
 9.6041  1758
 9.6141  1828
 9.6241  1965
 9.6341  2029
 9.6441  2006
 9.6541  2044
 9.6641  2026
 9.6741  2031
 9.6841  2003
 9.6941  1982
 9.7041  1885
 9.7141  1843
 9.7241  1620
 9.7341  1588
 9.7441  1440
 9.7541  1395
 9.7641  1328
 9.7741  1188
 9.7841  1147
 9.7941  1004
 9.8041   973
 9.8141   964
 9.8241   933
 9.8341   888
 9.8441   880
 9.8541   913
 9.8641   854
 9.8741   866
 9.8841   868
 9.8941   849
 9.9041   898
 9.9141   927
 9.9241   956
 9.9341   920
 9.9441   934
 9.9541   969
 9.9641   938
 9.9741   852
 9.9841   852
 9.9941   851
10.0041   779
10.0141   714
10.0241   666
10.0341   612
10.0441   553
10.0541   477
10.0641   474
10.0741   420
10.0841   374
10.0941   331
10.1041   312
10.1141   289
10.1241   247
10.1341   228
10.1441   233
10.1541   218
10.1641   227
10.1741   193
10.1841   173
10.1941   185
10.2041   172
10.2141   167
10.2241   163
10.2341   155
10.2441   162
10.2541   149
10.2641   136
10.2741   139
10.2841   152
10.2941   134
10.3041   126
10.3141   130
10.3241   119
10.3341   120
10.3441   123
10.3541   104
10.3641   111
10.3741   123
10.3841   116
10.3941   104
10.4041   115
10.4141   124
10.4241   123
10.4341   133
10.4441   113
10.4541   106
10.4641   131
10.4741   140
10.4841   132
10.4941   130
10.5041   137
10.5141   133
10.5241   132
10.5341   136
10.5441   121
10.5541   113
10.5641   128
10.5741   136
10.5841   147
10.5941   137
10.6041   135
10.6141   132
10.6241   153
10.6341   151
10.6441   158
10.6541   158
10.6641   146
10.6741   149
10.6841   158
10.6941   168
10.7041   176
10.7141   161
10.7241   170
10.7341   180
10.7441   194
10.7541   192
10.7641   178
10.7741   184
10.7841   201
10.7941   212
10.8041   214
10.8141   218
10.8241   198
10.8341   217
10.8441   209
10.8541   241
10.8641   241
10.8741   248
10.8841   247
10.8941   232
10.9041   240
10.9141   225
10.9241   228
10.9341   245
10.9441   227
10.9541   241
10.9641   237
10.9741   245
10.9841   238
10.9941   231
11.0041   233
11.0141   224
11.0241   210
11.0341   197
11.0441   216
11.0541   220
11.0641   220
11.0741   222
11.0841   192
11.0941   205
11.1041   216
11.1141   215
11.1241   191
11.1341   195
11.1441   194
11.1541   209
11.1641   258
11.1741   256
11.1841   255
11.1941   247
11.2041   289
11.2141   296
11.2241   303
11.2341   302
11.2441   299
11.2541   306
11.2641   311
11.2741   340
11.2841   324
11.2941   310
11.3041   302
11.3141   298
11.3241   314
11.3341   295
11.3441   265
11.3541   269
11.3641   238
11.3741   236
11.3841   207
11.3941   218
11.4041   206
11.4141   198
11.4241   165
11.4341   149
11.4441   156
11.4541   167
11.4641   162
11.4741   160
11.4841   168
11.4941   168
11.5041   160
11.5141   161
11.5241   164
11.5341   173
11.5441   163
11.5541   179
11.5641   183
11.5741   166
11.5841   171
11.5941   180
11.6041   176
11.6141   174
11.6241   167
11.6341   185
11.6441   181
11.6541   176
11.6641   167
11.6741   187
11.6841   183
11.6941   176
11.7041   166
11.7141   166
11.7241   135
11.7341   148
11.7441   154
11.7541   154
11.7641   131
11.7741   134
11.7841   142
11.7941   148
11.8041   134
11.8141   122
11.8241   126
11.8341   127
11.8441   122
11.8541   134
11.8641   122
11.8741   127
11.8841   123
11.8941   102
11.9041   102
11.9141   118
11.9241   125
11.9341   136
11.9441   125
11.9541   128
11.9641   139
11.9741   133
11.9841   120
11.9941   126
12.0041   129
12.0141   116
12.0241   127
12.0341   131
12.0441   124
12.0541   126
12.0641   122
12.0741   128
12.0841   129
12.0941   118
12.1041   115
12.1141   120
12.1241   140
12.1341   127
12.1441   118
12.1541   119
12.1641   120
12.1741   118
12.1841   113
12.1941   109
12.2041   117
12.2141   107
12.2241   111
12.2341   112
12.2441   100
12.2541   108
12.2641   105
12.2741   107
12.2841   128
12.2941   118
12.3041   112
12.3141   123
12.3241   127
12.3341   121
12.3441   129
12.3541   117
12.3641   101
12.3741    97
12.3841   113
12.3941   115
12.4041   124
12.4141   122
12.4241   102
12.4341    95
12.4441   104
12.4541   112
12.4641   116
12.4741   124
12.4841   117
12.4941   119
12.5041   131
12.5141   124
12.5241   128
12.5341   129
12.5441   130
12.5541   125
12.5641   130
12.5741   121
12.5841   120
12.5941   142
12.6041   150
12.6141   139
12.6241   140
12.6341   143
12.6441   124
12.6541   120
12.6641   128
12.6741   136
12.6841   140
12.6941   136
12.7041   137
12.7141   140
12.7241   138
12.7341   136
12.7441   137
12.7541   137
12.7641   134
12.7741   128
12.7841   123
12.7941   131
12.8041   141
12.8141   142
12.8241   142
12.8341   134
12.8441   122
12.8541   121
12.8641   127
12.8741   132
12.8841   140
12.8941   146
12.9041   141
12.9141   131
12.9241   130
12.9341   133
12.9441   133
12.9541   132
12.9641   132
12.9741   133
12.9841   139
12.9941   133
13.0041   126
13.0141   137
13.0241   143
13.0341   134
13.0441   130
13.0541   139
13.0641   144
13.0741   131
13.0841   116
13.0941   140
13.1041   149
13.1141   134
13.1241   139
13.1341   147
13.1441   152
13.1541   148
13.1641   144
13.1741   141
13.1841   136
13.1941   141
13.2041   153
13.2141   148
13.2241   145
13.2341   150
13.2441   157
13.2541   154
13.2641   149
13.2741   146
13.2841   131
13.2941   141
13.3041   160
13.3141   158
13.3241   160
13.3341   158
13.3441   145
13.3541   141
13.3641   148
13.3741   167
13.3841   180
13.3941   178
13.4041   164
13.4141   157
13.4241   160
13.4341   163
13.4441   162
13.4541   161
13.4641   164
13.4741   167
13.4841   167
13.4941   163
13.5041   156
13.5141   150
13.5241   148
13.5341   149
13.5441   156
13.5541   162
13.5641   157
13.5741   151
13.5841   153
13.5941   162
13.6041   171
13.6141   172
13.6241   161
13.6341   152
13.6441   154
13.6541   161
13.6641   169
13.6741   166
13.6841   157
13.6941   159
13.7041   164
13.7141   165
13.7241   167
13.7341   170
13.7441   170
13.7541   170
13.7641   174
13.7741   178
13.7841   179
13.7941   173
13.8041   167
13.8141   168
13.8241   175
13.8341   179
13.8441   178
13.8541   175
13.8641   174
13.8741   173
13.8841   173
13.8941   176
13.9041   175
13.9141   167
13.9241   169
13.9341   180
13.9441   183
13.9541   169
13.9641   161
13.9741   174
13.9841   181
13.9941   183
14.0041   181
14.0141   169
14.0241   178
14.0341   197
14.0441   205
14.0541   206
14.0641   199
14.0741   210
14.0841   223
14.0941   221
14.1041   224
14.1141   215
14.1241   218
14.1341   220
14.1441   218
14.1541   228
14.1641   234
14.1741   229
14.1841   221
14.1941   216
14.2041   216
14.2141   226
14.2241   230
14.2341   206
14.2441   209
14.2541   221
14.2641   197
14.2741   193
14.2841   194
14.2941   185
14.3041   184
14.3141   206
14.3241   203
14.3341   194
14.3441   206
14.3541   184
14.3641   177
14.3741   200
14.3841   192
14.3941   176
14.4041   179
14.4141   189
14.4241   177
14.4341   185
14.4441   193
14.4541   188
14.4641   182
14.4741   191
14.4841   199
14.4941   201
14.5041   200
14.5141   183
14.5241   194
14.5341   221
14.5441   215
14.5541   191
14.5641   203
14.5741   200
14.5841   192
14.5941   194
14.6041   188
14.6141   190
14.6241   200
14.6341   206
14.6441   198
14.6541   194
14.6641   200
14.6741   199
14.6841   207
14.6941   222
14.7041   212
14.7141   205
14.7241   204
14.7341   201
14.7441   197
14.7541   189
14.7641   192
14.7741   209
14.7841   206
14.7941   187
14.8041   197
14.8141   228
14.8241   236
14.8341   237
14.8441   239
14.8541   237
14.8641   216
14.8741   214
14.8841   235
14.8941   224
14.9041   216
14.9141   220
14.9241   221
14.9341   227
14.9441   231
14.9541   234
14.9641   218
14.9741   221
14.9841   225
14.9941   210
15.0041   194
15.0141   189
15.0241   219
15.0341   234
15.0441   223
15.0541   218
15.0641   213
15.0741   216
15.0841   227
15.0941   223
15.1041   217
15.1141   226
15.1241   204
15.1341   212
15.1441   239
15.1541   229
15.1641   205
15.1741   223
15.1841   227
15.1941   210
15.2041   203
15.2141   208
15.2241   217
15.2341   204
15.2441   217
15.2541   215
15.2641   213
15.2741   234
15.2841   220
15.2941   197
15.3041   206
15.3141   216
15.3241   210
15.3341   225
15.3441   247
15.3541   234
15.3641   219
15.3741   216
15.3841   212
15.3941   200
15.4041   214
15.4141   217
15.4241   208
15.4341   212
15.4441   226
15.4541   233
15.4641   252
15.4741   235
15.4841   221
15.4941   238
15.5041   238
15.5141   241
15.5241   228
15.5341   233
15.5441   237
15.5541   226
15.5641   220
15.5741   239
15.5841   247
15.5941   256
15.6041   245
15.6141   254
15.6241   257
15.6341   258
15.6441   266
15.6541   267
15.6641   263
15.6741   252
15.6841   265
15.6941   258
15.7041   268
15.7141   275
15.7241   278
15.7341   270
15.7441   261
15.7541   273
15.7641   272
15.7741   269
15.7841   266
15.7941   271
15.8041   269
15.8141   267
15.8241   286
15.8341   291
15.8441   281
15.8541   282
15.8641   276
15.8741   256
15.8841   251
15.8941   244
15.9041   245
15.9141   242
15.9241   263
15.9341   274
15.9441   269
15.9541   272
15.9641   275
15.9741   248
15.9841   245
15.9941   251
16.0041   239
16.0141   245
16.0241   249
16.0341   232
16.0441   239
16.0541   266
16.0641   253
16.0741   238
16.0841   256
16.0941   260
16.1041   252
16.1141   266
16.1241   267
16.1341   280
16.1441   253
16.1541   247
16.1641   251
16.1741   252
16.1841   261
16.1941   259
16.2041   253
16.2141   255
16.2241   255
16.2341   236
16.2441   262
16.2541   281
16.2641   252
16.2741   267
16.2841   266
16.2941   252
16.3041   262
16.3141   265
16.3241   268
16.3341   258
16.3441   276
16.3541   284
16.3641   277
16.3741   260
16.3841   248
16.3941   265
16.4041   272
16.4141   272
16.4241   275
16.4341   282
16.4441   274
16.4541   282
16.4641   292
16.4741   289
16.4841   277
16.4941   289
16.5041   282
16.5141   248
16.5241   254
16.5341   273
16.5441   276
16.5541   294
16.5641   289
16.5741   263
16.5841   285
16.5941   277
16.6041   271
16.6141   252
16.6241   283
16.6341   296
16.6441   283
16.6541   297
16.6641   307
16.6741   281
16.6841   263
16.6941   246
16.7041   263
16.7141   289
16.7241   290
16.7341   266
16.7441   286
16.7541   284
16.7641   293
16.7741   319
16.7841   297
16.7941   265
16.8041   274
16.8141   273
16.8241   262
16.8341   279
16.8441   297
16.8541   308
16.8641   293
16.8741   282
16.8841   287
16.8941   299
16.9041   283
16.9141   293
16.9241   287
16.9341   302
16.9441   304
16.9541   315
16.9641   299
16.9741   301
16.9841   284
16.9941   287
17.0041   304
17.0141   306
17.0241   297
17.0341   294
17.0441   310
17.0541   302
17.0641   297
17.0741   295
17.0841   285
17.0941   315
17.1041   306
17.1141   305
17.1241   309
17.1341   301
17.1441   294
17.1541   300
17.1641   308
17.1741   304
17.1841   308
17.1941   318
17.2041   303
17.2141   295
17.2241   314
17.2341   330
17.2441   319
17.2541   336
17.2641   325
17.2741   319
17.2841   336
17.2941   289
17.3041   293
17.3141   296
17.3241   298
17.3341   294
17.3441   295
17.3541   324
17.3641   321
17.3741   295
17.3841   306
17.3941   293
17.4041   317
17.4141   316
17.4241   344
17.4341   355
17.4441   338
17.4541   323
17.4641   306
17.4741   319
17.4841   331
17.4941   342
17.5041   325
17.5141   310
17.5241   296
17.5341   315
17.5441   314
17.5541   313
17.5641   316
17.5741   325
17.5841   323
17.5941   323
17.6041   318
17.6141   325
17.6241   333
17.6341   335
17.6441   332
17.6541   334
17.6641   313
17.6741   296
17.6841   303
17.6941   329
17.7041   355
17.7141   355
17.7241   334
17.7341   329
17.7441   337
17.7541   328
17.7641   296
17.7741   324
17.7841   331
17.7941   318
17.8041   340
17.8141   341
17.8241   332
17.8341   363
17.8441   330
17.8541   349
17.8641   344
17.8741   382
17.8841   365
17.8941   342
17.9041   319
17.9141   327
17.9241   323
17.9341   332
17.9441   353
17.9541   349
17.9641   337
17.9741   337
17.9841   361
17.9941   342
18.0041   327
18.0141   334
18.0241   370
18.0341   324
18.0441   347
18.0541   356
18.0641   351
18.0741   352
18.0841   337
18.0941   349
18.1041   352
18.1141   360
18.1241   350
18.1341   329
18.1441   365
18.1541   339
18.1641   355
18.1741   374
18.1841   348
18.1941   351
18.2041   366
18.2141   368
18.2241   356
18.2341   365
18.2441   345
18.2541   344
18.2641   334
18.2741   369
18.2841   360
18.2941   344
18.3041   360
18.3141   358
18.3241   347
18.3341   348
18.3441   376
18.3541   363
18.3641   373
18.3741   371
18.3841   379
18.3941   371
18.4041   372
18.4141   347
18.4241   344
18.4341   352
18.4441   349
18.4541   355
18.4641   365
18.4741   369
18.4841   365
18.4941   343
18.5041   364
18.5141   354
18.5241   369
18.5341   331
18.5441   362
18.5541   355
18.5641   344
18.5741   390
18.5841   380
18.5941   355
18.6041   358
18.6141   348
18.6241   369
18.6341   371
18.6441   376
18.6541   361
18.6641   356
18.6741   354
18.6841   361
18.6941   359
18.7041   386
18.7141   382
18.7241   387
18.7341   337
18.7441   351
18.7541   377
18.7641   368
18.7741   358
18.7841   347
18.7941   365
18.8041   384
18.8141   354
18.8241   368
18.8341   384
18.8441   374
18.8541   375
18.8641   383
18.8741   400
18.8841   417
18.8941   370
18.9041   381
18.9141   388
18.9241   358
18.9341   373
18.9441   370
18.9541   376
18.9641   382
18.9741   368
18.9841   363
18.9941   365
19.0041   389
19.0141   384
19.0241   387
19.0341   378
19.0441   399
19.0541   364
19.0641   391
19.0741   378
19.0841   394
19.0941   360
19.1041   358
19.1141   385
19.1241   418
19.1341   400
19.1441   386
19.1541   380
19.1641   402
19.1741   396
19.1841   376
19.1941   367
19.2041   400
19.2141   398
19.2241   381
19.2341   395
19.2441   409
19.2541   383
19.2641   391
19.2741   392
19.2841   365
19.2941   388
19.3041   409
19.3141   390
19.3241   387
19.3341   381
19.3441   400
19.3541   417
19.3641   387
19.3741   392
19.3841   377
19.3941   382
19.4041   372
19.4141   406
19.4241   364
19.4341   405
19.4441   379
19.4541   392
19.4641   407
19.4741   420
19.4841   390
19.4941   406
19.5041   379
19.5141   408
19.5241   421
19.5341   423
19.5441   395
19.5541   432
19.5641   433
19.5741   407
19.5841   414
19.5941   418
19.6041   393
19.6141   408
19.6241   393
19.6341   402
19.6441   446
19.6541   398
19.6641   384
19.6741   390
19.6841   424
19.6941   414
19.7041   419
19.7141   423
19.7241   377
19.7341   364
19.7441   396
19.7541   394
19.7641   371
19.7741   381
19.7841   404
19.7941   392
19.8041   385
19.8141   409
19.8241   393
19.8341   423
19.8441   404
19.8541   417
19.8641   403
19.8741   417
19.8841   409
19.8941   400
19.9041   405
19.9141   410
19.9241   409
19.9341   392
19.9441   390
19.9541   408
19.9641   418
19.9741   368
19.9841   383
19.9941   387
20.0041   399
20.0141   415
20.0241   419
20.0341   430
20.0441   448
20.0541   393
20.0641   413
20.0741   396
20.0841   397
20.0941   442
20.1041   391
20.1141   407
20.1241   386
20.1341   375
20.1441   394
20.1541   383
20.1641   395
20.1741   406
20.1841   387
20.1941   411
20.2041   425
20.2141   405
20.2241   397
20.2341   390
20.2441   397
20.2541   422
20.2641   433
20.2741   415
20.2841   390
20.2941   393
20.3041   417
20.3141   408
20.3241   388
20.3341   417
20.3441   411
20.3541   416
20.3641   403
20.3741   413
20.3841   388
20.3941   444
20.4041   448
20.4141   412
20.4241   396
20.4341   387
20.4441   419
20.4541   424
20.4641   406
20.4741   416
20.4841   433
20.4941   434
20.5041   413
20.5141   413
20.5241   433
20.5341   413
20.5441   432
20.5541   417
20.5641   415
20.5741   393
20.5841   384
20.5941   420
20.6041   398
20.6141   409
20.6241   420
20.6341   436
20.6441   445
20.6541   419
20.6641   417
20.6741   435
20.6841   404
20.6941   421
20.7041   402
20.7141   418
20.7241   410
20.7341   408
20.7441   436
20.7541   394
20.7641   380
20.7741   411
20.7841   434
20.7941   418
20.8041   435
20.8141   433
20.8241   468
20.8341   437
20.8441   433
20.8541   450
20.8641   478
20.8741   471
20.8841   437
20.8941   470
20.9041   498
20.9141   470
20.9241   487
20.9341   472
20.9441   530
20.9541   530
20.9641   537
20.9741   546
20.9841   612
20.9941   558
21.0041   543
21.0141   550
21.0241   561
21.0341   551
21.0441   590
21.0541   601
21.0641   591
21.0741   591
21.0841   617
21.0941   610
21.1041   656
21.1141   624
21.1241   611
21.1341   664
21.1441   665
21.1541   646
21.1641   650
21.1741   571
21.1841   605
21.1941   606
21.2041   583
21.2141   585
21.2241   565
21.2341   568
21.2441   552
21.2541   544
21.2641   577
21.2741   530
21.2841   540
21.2941   539
21.3041   513
21.3141   506
21.3241   465
21.3341   458
21.3441   455
21.3541   455
21.3641   450
21.3741   435
21.3841   440
21.3941   417
21.4041   440
21.4141   447
21.4241   398
21.4341   433
21.4441   457
21.4541   403
21.4641   419
21.4741   405
21.4841   391
21.4941   415
21.5041   424
21.5141   438
21.5241   420
21.5341   413
21.5441   465
21.5541   417
21.5641   437
21.5741   412
21.5841   420
21.5941   422
21.6041   421
21.6141   397
21.6241   406
21.6341   406
21.6441   418
21.6541   445
21.6641   388
21.6741   434
21.6841   410
21.6941   391
21.7041   438
21.7141   426
21.7241   399
21.7341   424
21.7441   457
21.7541   439
21.7641   425
21.7741   452
21.7841   420
21.7941   438
21.8041   385
21.8141   426
21.8241   448
21.8341   428
21.8441   460
21.8541   433
21.8641   428
21.8741   445
21.8841   435
21.8941   457
21.9041   406
21.9141   492
21.9241   401
21.9341   408
21.9441   411
21.9541   412
21.9641   416
21.9741   444
21.9841   419
21.9941   396
22.0041   434
22.0141   458
22.0241   416
22.0341   426
22.0441   457
22.0541   456
22.0641   417
22.0741   425
22.0841   440
22.0941   414
22.1041   458
22.1141   419
22.1241   419
22.1341   435
22.1441   429
22.1541   437
22.1641   414
22.1741   475
22.1841   454
22.1941   450
22.2041   461
22.2141   385
22.2241   454
22.2341   443
22.2441   435
22.2541   396
22.2641   416
22.2741   430
22.2841   440
22.2941   386
22.3041   440
22.3141   426
22.3241   435
22.3341   393
22.3441   439
22.3541   436
22.3641   420
22.3741   449
22.3841   423
22.3941   408
22.4041   418
22.4141   427
22.4241   436
22.4341   420
22.4441   444
22.4541   418
22.4641   448
22.4741   425
22.4841   412
22.4941   394
22.5041   386
22.5141   390
22.5241   442
22.5341   412
22.5441   366
22.5541   432
22.5641   400
22.5741   370
22.5841   421
22.5941   410
22.6041   430
22.6141   417
22.6241   396
22.6341   424
22.6441   426
22.6541   430
22.6641   381
22.6741   432
22.6841   440
22.6941   437
22.7041   404
22.7141   414
22.7241   422
22.7341   391
22.7441   407
22.7541   411
22.7641   401
22.7741   423
22.7841   425
22.7941   420
22.8041   436
22.8141   408
22.8241   372
22.8341   409
22.8441   429
22.8541   380
22.8641   415
22.8741   424
22.8841   406
22.8941   439
22.9041   369
22.9141   400
22.9241   398
22.9341   384
22.9441   410
22.9541   424
22.9641   431
22.9741   419
22.9841   405
22.9941   412
23.0041   391
23.0141   384
23.0241   429
23.0341   420
23.0441   428
23.0541   423
23.0641   410
23.0741   442
23.0841   414
23.0941   400
23.1041   464
23.1141   433
23.1241   427
23.1341   365
23.1441   413
23.1541   433
23.1641   393
23.1741   396
23.1841   449
23.1941   401
23.2041   390
23.2141   411
23.2241   395
23.2341   391
23.2441   433
23.2541   385
23.2641   389
23.2741   404
23.2841   423
23.2941   411
23.3041   401
23.3141   412
23.3241   452
23.3341   420
23.3441   391
23.3541   388
23.3641   374
23.3741   392
23.3841   431
23.3941   402
23.4041   411
23.4141   366
23.4241   377
23.4341   403
23.4441   402
23.4541   389
23.4641   410
23.4741   409
23.4841   418
23.4941   457
23.5041   420
23.5141   401
23.5241   418
23.5341   373
23.5441   447
23.5541   414
23.5641   439
23.5741   421
23.5841   402
23.5941   446
23.6041   411
23.6141   454
23.6241   414
23.6341   421
23.6441   411
23.6541   413
23.6641   408
23.6741   443
23.6841   360
23.6941   436
23.7041   396
23.7141   429
23.7241   398
23.7341   415
23.7441   419
23.7541   416
23.7641   448
23.7741   416
23.7841   434
23.7941   422
23.8041   426
23.8141   428
23.8241   438
23.8341   422
23.8441   407
23.8541   441
23.8641   443
23.8741   465
23.8841   422
23.8941   403
23.9041   408
23.9141   449
23.9241   418
23.9341   391
23.9441   443
23.9541   391
23.9641   454
23.9741   414
23.9841   407
23.9941   392
24.0041   385
24.0141   413
24.0241   417
24.0341   440
24.0441   396
24.0541   373
24.0641   384
24.0741   409
24.0841   407
24.0941   425
24.1041   405
24.1141   383
24.1241   400
24.1341   387
24.1441   436
24.1541   408
24.1641   388
24.1741   390
24.1841   404
24.1941   393
24.2041   429
24.2141   381
24.2241   386
24.2341   378
24.2441   384
24.2541   411
24.2641   419
24.2741   416
24.2841   400
24.2941   403
24.3041   376
24.3141   408
24.3241   372
24.3341   394
24.3441   393
24.3541   384
24.3641   396
24.3741   394
24.3841   381
24.3941   393
24.4041   392
24.4141   373
24.4241   360
24.4341   391
24.4441   351
24.4541   397
24.4641   412
24.4741   433
24.4841   396
24.4941   393
24.5041   398
24.5141   359
24.5241   404
24.5341   404
24.5441   371
24.5541   381
24.5641   380
24.5741   378
24.5841   364
24.5941   409
24.6041   374
24.6141   379
24.6241   369
24.6341   384
24.6441   355
24.6541   370
24.6641   398
24.6741   393
24.6841   365
24.6941   387
24.7041   359
24.7141   339
24.7241   370
24.7341   358
24.7441   360
24.7541   391
24.7641   397
24.7741   374
24.7841   383
24.7941   377
24.8041   383
24.8141   392
24.8241   385
24.8341   373
24.8441   366
24.8541   354
24.8641   386
24.8741   315
24.8841   359
24.8941   363
24.9041   369
24.9141   384
24.9241   383
24.9341   380
24.9441   372
24.9541   362
24.9641   353
24.9741   365
24.9841   384
24.9941   385
25.0041   348
25.0141   386
25.0241   398
25.0341   342
25.0441   377
25.0541   374
25.0641   396
25.0741   386
25.0841   363
25.0941   357
25.1041   366
25.1141   400
25.1241   380
25.1341   382
25.1441   375
25.1541   334
25.1641   383
25.1741   405
25.1841   363
25.1941   375
25.2041   406
25.2141   381
25.2241   359
25.2341   399
25.2441   360
25.2541   390
25.2641   393
25.2741   385
25.2841   366
25.2941   340
25.3041   341
25.3141   359
25.3241   363
25.3341   347
25.3441   355
25.3541   389
25.3641   368
25.3741   400
25.3841   391
25.3941   363
25.4041   365
25.4141   349
25.4241   384
25.4341   363
25.4441   369
25.4541   363
25.4641   338
25.4741   357
25.4841   365
25.4941   328
25.5041   353
25.5141   358
25.5241   340
25.5341   337
25.5441   356
25.5541   358
25.5641   366
25.5741   371
25.5841   339
25.5941   343
25.6041   369
25.6141   372
25.6241   371
25.6341   339
25.6441   318
25.6541   360
25.6641   336
25.6741   301
25.6841   351
25.6941   323
25.7041   339
25.7141   339
25.7241   339
25.7341   358
25.7441   330
25.7541   290
25.7641   309
25.7741   316
25.7841   352
25.7941   355
25.8041   340
25.8141   339
25.8241   347
25.8341   372
25.8441   339
25.8541   352
25.8641   331
25.8741   342
25.8841   338
25.8941   364
25.9041   322
25.9141   339
25.9241   363
25.9341   325
25.9441   331
25.9541   338
25.9641   353
25.9741   330
25.9841   395
25.9941   326
26.0041   345
26.0141   345
26.0241   352
26.0341   344
26.0441   333
26.0541   376
26.0641   332
26.0741   317
26.0841   308
26.0941   360
26.1041   344
26.1141   325
26.1241   353
26.1341   337
26.1441   324
26.1541   341
26.1641   345
26.1741   344
26.1841   344
26.1941   353
26.2041   334
26.2141   310
26.2241   320
26.2341   317
26.2441   320
26.2541   336
26.2641   328
26.2741   328
26.2841   343
26.2941   304
26.3041   305
26.3141   305
26.3241   307
26.3341   362
26.3441   328
26.3541   301
26.3641   334
26.3741   305
26.3841   350
26.3941   332
26.4041   331
26.4141   317
26.4241   300
26.4341   346
26.4441   318
26.4541   348
26.4641   345
26.4741   332
26.4841   327
26.4941   328
26.5041   336
26.5141   319
26.5241   320
26.5341   314
26.5441   296
26.5541   327
26.5641   323
26.5741   324
26.5841   341
26.5941   348
26.6041   314
26.6141   316
26.6241   305
26.6341   318
26.6441   317
26.6541   304
26.6641   328
26.6741   311
26.6841   301
26.6941   314
26.7041   314
26.7141   324
26.7241   345
26.7341   339
26.7441   310
26.7541   329
26.7641   341
26.7741   311
26.7841   340
26.7941   338
26.8041   308
26.8141   324
26.8241   302
26.8341   307
26.8441   323
26.8541   279
26.8641   322
26.8741   299
26.8841   313
26.8941   299
26.9041   306
26.9141   270
26.9241   311
26.9341   331
26.9441   306
26.9541   311
26.9641   307
26.9741   317
26.9841   324
26.9941   319
27.0041   315
27.0141   274
27.0241   290
27.0341   293
27.0441   316
27.0541   315
27.0641   313
27.0741   309
27.0841   305
27.0941   331
27.1041   292
27.1141   315
27.1241   299
27.1341   302
27.1441   302
27.1541   315
27.1641   286
27.1741   303
27.1841   346
27.1941   310
27.2041   318
27.2141   329
27.2241   295
27.2341   306
27.2441   314
27.2541   278
27.2641   319
27.2741   307
27.2841   320
27.2941   296
27.3041   313
27.3141   325
27.3241   296
27.3341   320
27.3441   293
27.3541   279
27.3641   285
27.3741   290
27.3841   311
27.3941   293
27.4041   304
27.4141   304
27.4241   292
27.4341   294
27.4441   336
27.4541   330
27.4641   308
27.4741   310
27.4841   279
27.4941   310
27.5041   330
27.5141   291
27.5241   254
27.5341   307
27.5441   286
27.5541   280
27.5641   286
27.5741   291
27.5841   298
27.5941   302
27.6041   320
27.6141   284
27.6241   292
27.6341   277
27.6441   281
27.6541   267
27.6641   248
27.6741   271
27.6841   289
27.6941   301
27.7041   321
27.7141   287
27.7241   283
27.7341   319
27.7441   317
27.7541   289
27.7641   306
27.7741   290
27.7841   257
27.7941   268
27.8041   259
27.8141   285
27.8241   272
27.8341   274
27.8441   285
27.8541   261
27.8641   266
27.8741   270
27.8841   266
27.8941   278
27.9041   265
27.9141   280
27.9241   273
27.9341   284
27.9441   277
27.9541   323
27.9641   324
27.9741   296
27.9841   268
27.9941   297
28.0041   273
28.0141   275
28.0241   276
28.0341   279
28.0441   281
28.0541   301
28.0641   279
28.0741   255
28.0841   271
28.0941   275
28.1041   275
28.1141   257
28.1241   242
28.1341   267
28.1441   244
28.1541   254
28.1641   288
28.1741   267
28.1841   248
28.1941   287
28.2041   240
28.2141   270
28.2241   284
28.2341   291
28.2441   256
28.2541   268
28.2641   300
28.2741   268
28.2841   223
28.2941   280
28.3041   282
28.3141   257
28.3241   268
28.3341   268
28.3441   256
28.3541   249
28.3641   261
28.3741   251
28.3841   273
28.3941   282
28.4041   252
28.4141   245
28.4241   271
28.4341   276
28.4441   260
28.4541   271
28.4641   274
28.4741   288
28.4841   272
28.4941   265
28.5041   262
28.5141   273
28.5241   259
28.5341   254
28.5441   256
28.5541   260
28.5641   251
28.5741   281
28.5841   274
28.5941   250
28.6041   252
28.6141   261
28.6241   219
28.6341   258
28.6441   238
28.6541   261
28.6641   238
28.6741   252
28.6841   247
28.6941   252
28.7041   245
28.7141   241
28.7241   234
28.7341   268
28.7441   233
28.7541   230
28.7641   231
28.7741   239
28.7841   279
28.7941   277
28.8041   246
28.8141   252
28.8241   229
28.8341   245
28.8441   234
28.8541   232
28.8641   239
28.8741   238
28.8841   265
28.8941   227
28.9041   237
28.9141   257
28.9241   239
28.9341   230
28.9441   230
28.9541   257
28.9641   222
28.9741   236
28.9841   257
28.9941   250
29.0041   247
29.0141   257
29.0241   247
29.0341   233
29.0441   249
29.0541   248
29.0641   241
29.0741   263
29.0841   247
29.0941   234
29.1041   251
29.1141   245
29.1241   262
29.1341   249
29.1441   261
29.1541   225
29.1641   243
29.1741   225
29.1841   257
29.1941   260
29.2041   244
29.2141   241
29.2241   252
29.2341   227
29.2441   238
29.2541   223
29.2641   242
29.2741   237
29.2841   227
29.2941   238
29.3041   224
29.3141   224
29.3241   253
29.3341   235
29.3441   248
29.3541   265
29.3641   250
29.3741   238
29.3841   243
29.3941   215
29.4041   242
29.4141   234
29.4241   245
29.4341   214
29.4441   245
29.4541   226
29.4641   195
29.4741   226
29.4841   231
29.4941   215
29.5041   216
29.5141   231
29.5241   206
29.5341   227
29.5441   259
29.5541   216
29.5641   224
29.5741   229
29.5841   213
29.5941   226
29.6041   215
29.6141   218
29.6241   193
29.6341   207
29.6441   256
29.6541   233
29.6641   219
29.6741   207
29.6841   230
29.6941   209
29.7041   210
29.7141   211
29.7241   225
29.7341   222
29.7441   222
29.7541   237
29.7641   244
29.7741   221
29.7841   208
29.7941   201
29.8041   210
29.8141   216
29.8241   210
29.8341   230
29.8441   192
29.8541   215
29.8641   205
29.8741   213
29.8841   221
29.8941   226
29.9041   218
29.9141   222
29.9241   217
29.9341   215
29.9441   234
29.9541   229
29.9641   225
29.9741   208
29.9841   174
29.9941   218
30.0041   217
30.0141   211
30.0241   216
30.0341   239
30.0441   211
30.0541   197
30.0641   193
30.0741   204
30.0841   187
30.0941   203
30.1041   207
30.1141   202
30.1241   209
30.1341   204
30.1441   205
30.1541   201
30.1641   208
30.1741   202
30.1841   209
30.1941   228
30.2041   217
30.2141   216
30.2241   210
30.2341   199
30.2441   223
30.2541   204
30.2641   190
30.2741   209
30.2841   187
30.2941   212
30.3041   209
30.3141   235
30.3241   210
30.3341   174
30.3441   199
30.3541   210
30.3641   184
30.3741   187
30.3841   184
30.3941   195
30.4041   224
30.4141   201
30.4241   194
30.4341   177
30.4441   205
30.4541   218
30.4641   211
30.4741   199
30.4841   199
30.4941   207
30.5041   227
30.5141   177
30.5241   183
30.5341   203
30.5441   182
30.5541   210
30.5641   214
30.5741   192
30.5841   213
30.5941   183
30.6041   195
30.6141   181
30.6241   219
30.6341   189
30.6441   214
30.6541   198
30.6641   182
30.6741   201
30.6841   187
30.6941   194
30.7041   182
30.7141   185
30.7241   176
30.7341   195
30.7441   187
30.7541   181
30.7641   218
30.7741   192
30.7841   181
30.7941   186
30.8041   216
30.8141   214
30.8241   203
30.8341   190
30.8441   202
30.8541   187
30.8641   188
30.8741   179
30.8841   177
30.8941   188
30.9041   161
30.9141   212
30.9241   182
30.9341   180
30.9441   195
30.9541   186
30.9641   178
30.9741   176
30.9841   196
30.9941   190
31.0041   162
31.0141   193
31.0241   192
31.0341   184
31.0441   200
31.0541   169
31.0641   199
31.0741   182
31.0841   187
31.0941   170
31.1041   173
31.1141   188
31.1241   174
31.1341   180
31.1441   187
31.1541   184
31.1641   206
31.1741   192
31.1841   162
31.1941   172
31.2041   164
31.2141   158
31.2241   179
31.2341   178
31.2441   188
31.2541   179
31.2641   174
31.2741   178
31.2841   161
31.2941   165
31.3041   184
31.3141   172
31.3241   170
31.3341   167
31.3441   181
31.3541   166
31.3641   192
31.3741   176
31.3841   162
31.3941   175
31.4041   173
31.4141   166
31.4241   163
31.4341   161
31.4441   169
31.4541   160
31.4641   179
31.4741   157
31.4841   152
31.4941   136
31.5041   172
31.5141   170
31.5241   177
31.5341   199
31.5441   142
31.5541   151
31.5641   169
31.5741   162
31.5841   154
31.5941   148
31.6041   143
31.6141   177
31.6241   160
31.6341   165
31.6441   170
31.6541   174
31.6641   168
31.6741   177
31.6841   186
31.6941   180
31.7041   171
31.7141   168
31.7241   176
31.7341   159
31.7441   153
31.7541   177
31.7641   165
31.7741   171
31.7841   153
31.7941   157
31.8041   159
31.8141   175
31.8241   155
31.8341   143
31.8441   178
31.8541   151
31.8641   131
31.8741   147
31.8841   173
31.8941   158
31.9041   171
31.9141   143
31.9241   163
31.9341   151
31.9441   181
31.9541   163
31.9641   141
31.9741   154
31.9841   158
31.9941   155
32.0041   138
32.0141   171
32.0241   173
32.0341   154
32.0441   152
32.0541   175
32.0641   134
32.0741   155
32.0841   146
32.0941   168
32.1041   148
32.1141   136
32.1241   180
32.1341   163
32.1441   147
32.1541   141
32.1641   153
32.1741   169
32.1841   177
32.1941   165
32.2041   147
32.2141   160
32.2241   161
32.2341   173
32.2441   156
32.2541   154
32.2641   161
32.2741   168
32.2841   156
32.2941   144
32.3041   133
32.3141   138
32.3241   144
32.3341   142
32.3441   150
32.3541   139
32.3641   148
32.3741   156
32.3841   151
32.3941   152
32.4041   137
32.4141   131
32.4241   138
32.4341   135
32.4441   144
32.4541   136
32.4641   122
32.4741   158
32.4841   144
32.4941   139
32.5041   140
32.5141   134
32.5241   155
32.5341   164
32.5441   172
32.5541   137
32.5641   139
32.5741   153
32.5841   148
32.5941   114
32.6041   144
32.6141   140
32.6241   130
32.6341   135
32.6441   143
32.6541   154
32.6641   136
32.6741   125
32.6841   129
32.6941   138
32.7041   134
32.7141   127
32.7241   143
32.7341   151
32.7441   131
32.7541   135
32.7641   121
32.7741   139
32.7841   131
32.7941   145
32.8041   125
32.8141   120
32.8241   163
32.8341   136
32.8441   139
32.8541   137
32.8641   120
32.8741   138
32.8841   132
32.8941   124
32.9041   134
32.9141   136
32.9241   124
32.9341   159
32.9441   127
32.9541   125
32.9641   149
32.9741   130
32.9841   112
32.9941   126
33.0041   120
33.0141   142
33.0241   119
33.0341   127
33.0441   149
33.0541   122
33.0641   124
33.0741   122
33.0841   143
33.0941   135
33.1041   146
33.1141   145
33.1241   114
33.1341   131
33.1441   118
33.1541   147
33.1641   136
33.1741   127
33.1841   116
33.1941   113
33.2041   138
33.2141   140
33.2241   134
33.2341   142
33.2441   122
33.2541   125
33.2641   115
33.2741   113
33.2841   118
33.2941   129
33.3041   126
33.3141   135
33.3241   133
33.3341   129
33.3441   122
33.3541   110
33.3641   121
33.3741   128
33.3841   126
33.3941   134
33.4041   120
33.4141   126
33.4241   125
33.4341   124
33.4441   143
33.4541   112
33.4641   137
33.4741   122
33.4841   122
33.4941   128
33.5041   115
33.5141   113
33.5241   108
33.5341   114
33.5441   119
33.5541   110
33.5641   121
33.5741   119
33.5841   131
33.5941   118
33.6041   117
33.6141   119
33.6241   120
33.6341   115
33.6441   109
33.6541   113
33.6641   108
33.6741   121
33.6841   138
33.6941   118
33.7041   118
33.7141   116
33.7241   104
33.7341   112
33.7441   123
33.7541   125
33.7641   107
33.7741   116
33.7841   106
33.7941   103
33.8041   126
33.8141   104
33.8241   114
33.8341   109
33.8441   109
33.8541   118
33.8641   110
33.8741   121
33.8841   127
33.8941   123
33.9041   120
33.9141   120
33.9241   100
33.9341   112
33.9441   109
33.9541    97
33.9641   114
33.9741   118
33.9841   110
33.9941   106
34.0041   121
34.0141   107
34.0241   119
34.0341   103
34.0441   115
34.0541    91
34.0641    96
34.0741   110
34.0841   101
34.0941   108
34.1041   128
34.1141   107
34.1241   106
34.1341   103
34.1441   110
34.1541   116
34.1641   109
34.1741    88
34.1841    90
34.1941    94
34.2041   113
34.2141   111
34.2241   104
34.2341   106
34.2441   100
34.2541   103
34.2641   127
34.2741   115
34.2841   117
34.2941   100
34.3041   104
34.3141   114
34.3241   116
34.3341   105
34.3441   105
34.3541    98
34.3641   109
34.3741    92
34.3841   110
34.3941    98
34.4041   118
34.4141    94
34.4241   106
34.4341    88
34.4441   110
34.4541    99
34.4641   103
34.4741    86
34.4841    98
34.4941   101
34.5041   106
34.5141   109
34.5241    88
34.5341    87
34.5441   103
34.5541   108
34.5641   113
34.5741    96
34.5841    97
34.5941   104
34.6041   101
34.6141    88
34.6241    99
34.6341    78
34.6441    91
34.6541    82
34.6641   108
34.6741   107
34.6841    99
34.6941   110
34.7041   105
34.7141    87
34.7241    90
34.7341    83
34.7441    96
34.7541    82
34.7641    88
34.7741    90
34.7841    97
34.7941    99
34.8041   110
34.8141   102
34.8241    92
34.8341    86
34.8441   103
34.8541   107
34.8641   101
34.8741    89
34.8841    91
34.8941    95
34.9041    91
34.9141   107
34.9241    94
34.9341    85
34.9441    92
34.9541   111
34.9641    95
34.9741    80
34.9841    90
34.9941    89
35.0041    95
35.0141    83
35.0241    75
35.0341    98
35.0441    85
35.0541    90
35.0641    90
35.0741    98
35.0841   104
35.0941    89
35.1041    86
35.1141   103
35.1241    69
35.1341    85
35.1441   100
35.1541    85
35.1641    81
35.1741    73
35.1841   100
35.1941    83
35.2041    73
35.2141    85
35.2241    96
35.2341    97
35.2441    82
35.2541    84
35.2641   106
35.2741    81
35.2841    91
35.2941    77
35.3041    99
35.3141    86
35.3241    88
35.3341    73
35.3441    96
35.3541    84
35.3641    79
35.3741    97
35.3841   100
35.3941    92
35.4041    92
35.4141    90
35.4241    92
35.4341    82
35.4441    85
35.4541    74
35.4641    92
35.4741    82
35.4841    77
35.4941    78
35.5041    81
35.5141    84
35.5241    68
35.5341    78
35.5441    96
35.5541   112
35.5641    82
35.5741    76
35.5841   101
35.5941    79
35.6041    87
35.6141    92
35.6241    56
35.6341    76
35.6441    84
35.6541    76
35.6641    70
35.6741    93
35.6841    79
35.6941    71
35.7041    76
35.7141    89
35.7241    85
35.7341    81
35.7441    86
35.7541    75
35.7641    75
35.7741    76
35.7841    88
35.7941    74
35.8041    70
35.8141    87
35.8241    82
35.8341    60
35.8441    86
35.8541    78
35.8641    80
35.8741    72
35.8841    85
35.8941    74
35.9041    56
35.9141    74
35.9241    78
35.9341    71
35.9441    82
35.9541    68
35.9641    79
35.9741    66
35.9841    72
35.9941    73
36.0041    74
36.0141    75
36.0241    80
36.0341    71
36.0441    71
36.0541    86
36.0641    61
36.0741    82
36.0841    83
36.0941    63
36.1041    67
36.1141    74
36.1241    77
36.1341    79
36.1441    70
36.1541    76
36.1641    59
36.1741    71
36.1841    59
36.1941    88
36.2041    83
36.2141    74
36.2241    71
36.2341    64
36.2441    68
36.2541    79
36.2641    84
36.2741    67
36.2841    66
36.2941    71
36.3041    63
36.3141    67
36.3241    54
36.3341    62
36.3441    75
36.3541    66
36.3641    75
36.3741    73
36.3841    69
36.3941    73
36.4041    59
36.4141    76
36.4241    63
36.4341    65
36.4441    77
36.4541    61
36.4641    69
36.4741    79
36.4841    76
36.4941    74
36.5041    70
36.5141    70
36.5241    70
36.5341    61
36.5441    64
36.5541    62
36.5641    44
36.5741    75
36.5841    45
36.5941    67
36.6041    56
36.6141    54
36.6241    70
36.6341    66
36.6441    59
36.6541    73
36.6641    58
36.6741    62
36.6841    77
36.6941    57
36.7041    71
36.7141    65
36.7241    58
36.7341    63
36.7441    82
36.7541    61
36.7641    58
36.7741    68
36.7841    50
36.7941    68
36.8041    70
36.8141    61
36.8241    56
36.8341    75
36.8441    66
36.8541    64
36.8641    57
36.8741    58
36.8841    69
36.8941    51
36.9041    65
36.9141    55
36.9241    63
36.9341    51
36.9441    57
36.9541    57
36.9641    58
36.9741    61
36.9841    53
36.9941    57
37.0041    71
37.0141    64
37.0241    53
37.0341    47
37.0441    50
37.0541    61
37.0641    59
37.0741    59
37.0841    52
37.0941    59
37.1041    56
37.1141    59
37.1241    53
37.1341    52
37.1441    49
37.1541    53
37.1641    67
37.1741    55
37.1841    63
37.1941    54
37.2041    70
37.2141    53
37.2241    55
37.2341    53
37.2441    49
37.2541    60
37.2641    58
37.2741    60
37.2841    53
37.2941    51
37.3041    55
37.3141    52
37.3241    61
37.3341    49
37.3441    52
37.3541    47
37.3641    63
37.3741    54
37.3841    63
37.3941    46
37.4041    48
37.4141    57
37.4241    49
37.4341    43
37.4441    49
37.4541    45
37.4641    46
37.4741    55
37.4841    48
37.4941    48
37.5041    61
37.5141    54
37.5241    54
37.5341    53
37.5441    57
37.5541    60
37.5641    47
37.5741    50
37.5841    46
37.5941    48
37.6041    51
37.6141    56
37.6241    70
37.6341    53
37.6441    36
37.6541    51
37.6641    60
37.6741    42
37.6841    42
37.6941    42
37.7041    28
37.7141    53
37.7241    47
37.7341    53
37.7441    56
37.7541    61
37.7641    37
37.7741    39
37.7841    43
37.7941    41
37.8041    50
37.8141    47
37.8241    35
37.8341    58
37.8441    38
37.8541    59
37.8641    43
37.8741    43
37.8841    54
37.8941    46
37.9041    36
37.9141    62
37.9241    37
37.9341    41
37.9441    42
37.9541    44
37.9641    50
37.9741    53
37.9841    45
37.9941    40
38.0041    34
38.0141    46
38.0241    42
38.0341    49
38.0441    53
38.0541    38
38.0641    53
38.0741    47
38.0841    42
38.0941    39
38.1041    41
38.1141    36
38.1241    44
38.1341    39
38.1441    54
38.1541    42
38.1641    33
38.1741    35
38.1841    38
38.1941    50
38.2041    37
38.2141    34
38.2241    57
38.2341    50
38.2441    57
38.2541    40
38.2641    50
38.2741    58
38.2841    43
38.2941    39
38.3041    38
38.3141    42
38.3241    44
38.3341    34
38.3441    37
38.3541    39
38.3641    44
38.3741    40
38.3841    41
38.3941    42
38.4041    37
38.4141    44
38.4241    39
38.4341    26
38.4441    38
38.4541    33
38.4641    41
38.4741    37
38.4841    38
38.4941    43
38.5041    44
38.5141    47
38.5241    31
38.5341    44
38.5441    44
38.5541    53
38.5641    39
38.5741    29
38.5841    30
38.5941    33
38.6041    29
38.6141    40
38.6241    43
38.6341    38
38.6441    44
38.6541    44
38.6641    27
38.6741    29
38.6841    34
38.6941    40
38.7041    43
38.7141    39
38.7241    31
38.7341    29
38.7441    43
38.7541    38
38.7641    47
38.7741    38
38.7841    34
38.7941    34
38.8041    39
38.8141    39
38.8241    39
38.8341    27
38.8441    37
38.8541    39
38.8641    33
38.8741    33
38.8841    33
38.8941    45
38.9041    35
38.9141    36
38.9241    24
38.9341    39
38.9441    39
38.9541    32
38.9641    38
38.9741    41
38.9841    33
38.9941    40
39.0041    31
39.0141    40
39.0241    27
39.0341    39
39.0441    27
39.0541    31
39.0641    25
39.0741    27
39.0841    34
39.0941    31
39.1041    28
39.1141    40
39.1241    38
39.1341    27
39.1441    31
39.1541    38
39.1641    32
39.1741    32
39.1841    31
39.1941    30
39.2041    30
39.2141    38
39.2241    34
39.2341    30
39.2441    41
39.2541    39
39.2641    30
39.2741    19
39.2841    25
39.2941    33
39.3041    29
39.3141    33
39.3241    23
39.3341    31
39.3441    33
39.3541    21
39.3641    31
39.3741    25
39.3841    27
39.3941    35
39.4041    24
39.4141    30
39.4241    19
39.4341    37
39.4441    33
39.4541    32
39.4641    37
39.4741    24
39.4841    27
39.4941    25
39.5041    29
39.5141    25
39.5241    41
39.5341    25
39.5441    32
39.5541    28
39.5641    21
39.5741    24
39.5841    28
39.5941    24
39.6041    32
39.6141    26
39.6241    31
39.6341    20
39.6441    30
39.6541    19
39.6641    19
39.6741    22
39.6841    29
39.6941    32
39.7041    27
39.7141    31
39.7241    27
39.7341    34
39.7441    22
39.7541    27
39.7641    16
39.7741    25
39.7841    13
39.7941    24
39.8041    25
39.8141    27
39.8241    20
39.8341    21
39.8441    30
39.8541    28
39.8641    23
39.8741    23
39.8841    22
39.8941    28
39.9041    25
39.9141    22
39.9241    23
39.9341    26
39.9441    23
39.9541    24
39.9641    23
39.9741    23
39.9841    27
