Bruker Nano GmbH Berlin, Germany
Esprit 1.9

Date: 6/2/2021 1:04:10 PM
Real time: 5000
Life time: 4640
Pulse density: 107550


Detector type: XFlash 430
Window type: Custom type
Detector thickness: 0.45
Si dead layer:0.029

Calibration, lin.: 10
Calibration, abs.: -955.9
Mn FWHM: 137.05
Fano factor: 0.121
Channels: 4095

Energy Counts
-0.9559     0
-0.9459     0
-0.9359     0
-0.9259     0
-0.9159     0
-0.9059     0
-0.8959     0
-0.8859     0
-0.8759     0
-0.8659     0
-0.8559     0
-0.8459     0
-0.8359     0
-0.8259     0
-0.8159     0
-0.8059     0
-0.7959     0
-0.7859     0
-0.7759     0
-0.7659     0
-0.7559     0
-0.7459     0
-0.7359     0
-0.7259     0
-0.7159     0
-0.7059     0
-0.6959     0
-0.6859     0
-0.6759     0
-0.6659     0
-0.6559     0
-0.6459     0
-0.6359     0
-0.6259     0
-0.6159     0
-0.6059     0
-0.5959     0
-0.5859     0
-0.5759     0
-0.5659     0
-0.5559     0
-0.5459     0
-0.5359     0
-0.5259     0
-0.5159     0
-0.5059     0
-0.4959     0
-0.4859     0
-0.4759     0
-0.4659     0
-0.4559     0
-0.4459     0
-0.4359     0
-0.4259     0
-0.4159     0
-0.4059     0
-0.3959     0
-0.3859     0
-0.3759     0
-0.3659     0
-0.3559     0
-0.3459     0
-0.3359     0
-0.3259     0
-0.3159     0
-0.3059     0
-0.2959     0
-0.2859     0
-0.2759     0
-0.2659     0
-0.2559     0
-0.2459     0
-0.2359     0
-0.2259     0
-0.2159     0
-0.2059     0
-0.1959     0
-0.1859     0
-0.1759     0
-0.1659     0
-0.1559     0
-0.1459     0
-0.1359     0
-0.1259     0
-0.1159     0
-0.1059     2
-0.0959    18
-0.0859    60
-0.0759   193
-0.0659   538
-0.0559  1398
-0.0459  2845
-0.0359  5493
-0.0259  8898
-0.0159 12205
-0.0059 14200
 0.0041 14385
 0.0141 12205
 0.0241  9050
 0.0341  5694
 0.0441  3208
 0.0541  1416
 0.0641   551
 0.0741   200
 0.0841    66
 0.0941    20
 0.1041     4
 0.1141     3
 0.1241     2
 0.1341     2
 0.1441     1
 0.1541     1
 0.1641     0
 0.1741     0
 0.1841    42
 0.1941    87
 0.2041    69
 0.2141    76
 0.2241    73
 0.2341    65
 0.2441    81
 0.2541    77
 0.2641    83
 0.2741    74
 0.2841    69
 0.2941    70
 0.3041    65
 0.3141    69
 0.3241    72
 0.3341    64
 0.3441    65
 0.3541    75
 0.3641    71
 0.3741    62
 0.3841    59
 0.3941    67
 0.4041    60
 0.4141    63
 0.4241    64
 0.4341    56
 0.4441    67
 0.4541    69
 0.4641    63
 0.4741    65
 0.4841    67
 0.4941    66
 0.5041    68
 0.5141    62
 0.5241    64
 0.5341    62
 0.5441    54
 0.5541    58
 0.5641    64
 0.5741    63
 0.5841    65
 0.5941    58
 0.6041    51
 0.6141    50
 0.6241    57
 0.6341    55
 0.6441    59
 0.6541    63
 0.6641    56
 0.6741    55
 0.6841    50
 0.6941    52
 0.7041    57
 0.7141    49
 0.7241    45
 0.7341    56
 0.7441    62
 0.7541    52
 0.7641    60
 0.7741    63
 0.7841    63
 0.7941    54
 0.8041    50
 0.8141    59
 0.8241    48
 0.8341    44
 0.8441    57
 0.8541    52
 0.8641    46
 0.8741    46
 0.8841    52
 0.8941    50
 0.9041    45
 0.9141    52
 0.9241    49
 0.9341    50
 0.9441    49
 0.9541    51
 0.9641    49
 0.9741    33
 0.9841    40
 0.9941    45
 1.0041    48
 1.0141    51
 1.0241    49
 1.0341    42
 1.0441    49
 1.0541    39
 1.0641    41
 1.0741    41
 1.0841    39
 1.0941    50
 1.1041    42
 1.1141    50
 1.1241    45
 1.1341    39
 1.1441    50
 1.1541    44
 1.1641    51
 1.1741    42
 1.1841    39
 1.1941    45
 1.2041    49
 1.2141    50
 1.2241    41
 1.2341    34
 1.2441    40
 1.2541    53
 1.2641    42
 1.2741    54
 1.2841    39
 1.2941    50
 1.3041    36
 1.3141    39
 1.3241    43
 1.3341    36
 1.3441    41
 1.3541    34
 1.3641    45
 1.3741    48
 1.3841    60
 1.3941    39
 1.4041    36
 1.4141    39
 1.4241    42
 1.4341    52
 1.4441    45
 1.4541    60
 1.4641    47
 1.4741    51
 1.4841    39
 1.4941    42
 1.5041    43
 1.5141    51
 1.5241    52
 1.5341    44
 1.5441    33
 1.5541    41
 1.5641    35
 1.5741    41
 1.5841    44
 1.5941    39
 1.6041    40
 1.6141    33
 1.6241    40
 1.6341    46
 1.6441    50
 1.6541    58
 1.6641    53
 1.6741    73
 1.6841    91
 1.6941   117
 1.7041   137
 1.7141   141
 1.7241   178
 1.7341   184
 1.7441   178
 1.7541   183
 1.7641   141
 1.7741   141
 1.7841   100
 1.7941    98
 1.8041    76
 1.8141    77
 1.8241    54
 1.8341    63
 1.8441    52
 1.8541    54
 1.8641    50
 1.8741    60
 1.8841    63
 1.8941    50
 1.9041    46
 1.9141    43
 1.9241    40
 1.9341    48
 1.9441    46
 1.9541    46
 1.9641    56
 1.9741    46
 1.9841    54
 1.9941    42
 2.0041    59
 2.0141    50
 2.0241    59
 2.0341    53
 2.0441    53
 2.0541    55
 2.0641    42
 2.0741    43
 2.0841    41
 2.0941    32
 2.1041    47
 2.1141    34
 2.1241    42
 2.1341    32
 2.1441    43
 2.1541    47
 2.1641    48
 2.1741    36
 2.1841    30
 2.1941    49
 2.2041    37
 2.2141    44
 2.2241    52
 2.2341    37
 2.2441    31
 2.2541    41
 2.2641    46
 2.2741    41
 2.2841    33
 2.2941    31
 2.3041    39
 2.3141    36
 2.3241    37
 2.3341    33
 2.3441    39
 2.3541    32
 2.3641    38
 2.3741    32
 2.3841    36
 2.3941    34
 2.4041    42
 2.4141    49
 2.4241    39
 2.4341    32
 2.4441    34
 2.4541    28
 2.4641    30
 2.4741    28
 2.4841    40
 2.4941    30
 2.5041    36
 2.5141    35
 2.5241    21
 2.5341    33
 2.5441    44
 2.5541    28
 2.5641    33
 2.5741    38
 2.5841    36
 2.5941    25
 2.6041    36
 2.6141    31
 2.6241    30
 2.6341    37
 2.6441    29
 2.6541    34
 2.6641    37
 2.6741    28
 2.6841    35
 2.6941    39
 2.7041    34
 2.7141    36
 2.7241    41
 2.7341    35
 2.7441    21
 2.7541    32
 2.7641    32
 2.7741    28
 2.7841    30
 2.7941    35
 2.8041    37
 2.8141    30
 2.8241    31
 2.8341    27
 2.8441    34
 2.8541    37
 2.8641    29
 2.8741    26
 2.8841    36
 2.8941    44
 2.9041    21
 2.9141    26
 2.9241    28
 2.9341    32
 2.9441    29
 2.9541    32
 2.9641    25
 2.9741    36
 2.9841    24
 2.9941    26
 3.0041    34
 3.0141    28
 3.0241    32
 3.0341    22
 3.0441    27
 3.0541    27
 3.0641    27
 3.0741    28
 3.0841    25
 3.0941    37
 3.1041    28
 3.1141    25
 3.1241    28
 3.1341    27
 3.1441    29
 3.1541    32
 3.1641    40
 3.1741    34
 3.1841    27
 3.1941    19
 3.2041    34
 3.2141    24
 3.2241    24
 3.2341    29
 3.2441    45
 3.2541    44
 3.2641    45
 3.2741    40
 3.2841    49
 3.2941    44
 3.3041    57
 3.3141    49
 3.3241    41
 3.3341    48
 3.3441    55
 3.3541    49
 3.3641    44
 3.3741    34
 3.3841    40
 3.3941    34
 3.4041    38
 3.4141    22
 3.4241    28
 3.4341    23
 3.4441    27
 3.4541    28
 3.4641    24
 3.4741    26
 3.4841    32
 3.4941    27
 3.5041    30
 3.5141    27
 3.5241    29
 3.5341    38
 3.5441    36
 3.5541    35
 3.5641    38
 3.5741    54
 3.5841    87
 3.5941    98
 3.6041   115
 3.6141   140
 3.6241   192
 3.6341   249
 3.6441   313
 3.6541   354
 3.6641   401
 3.6741   420
 3.6841   426
 3.6941   430
 3.7041   425
 3.7141   387
 3.7241   333
 3.7341   277
 3.7441   259
 3.7541   196
 3.7641   158
 3.7741   117
 3.7841    68
 3.7941    69
 3.8041    45
 3.8141    33
 3.8241    36
 3.8341    30
 3.8441    24
 3.8541    20
 3.8641    21
 3.8741    20
 3.8841    27
 3.8941    28
 3.9041    31
 3.9141    44
 3.9241    34
 3.9341    42
 3.9441    38
 3.9541    60
 3.9641    57
 3.9741    80
 3.9841    89
 3.9941    83
 4.0041   101
 4.0141    94
 4.0241    98
 4.0341    75
 4.0441    71
 4.0541    63
 4.0641    64
 4.0741    54
 4.0841    42
 4.0941    47
 4.1041    37
 4.1141    29
 4.1241    30
 4.1341    22
 4.1441    27
 4.1541    22
 4.1641    23
 4.1741    19
 4.1841    17
 4.1941    23
 4.2041    24
 4.2141    18
 4.2241    15
 4.2341    23
 4.2441    21
 4.2541    18
 4.2641    28
 4.2741    25
 4.2841    22
 4.2941    22
 4.3041    16
 4.3141    22
 4.3241    18
 4.3341    16
 4.3441    26
 4.3541    31
 4.3641    33
 4.3741    34
 4.3841    39
 4.3941    45
 4.4041    59
 4.4141    67
 4.4241    81
 4.4341   118
 4.4441   133
 4.4541   156
 4.4641   206
 4.4741   191
 4.4841   219
 4.4941   227
 4.5041   235
 4.5141   260
 4.5241   228
 4.5341   209
 4.5441   194
 4.5541   188
 4.5641   140
 4.5741   129
 4.5841    92
 4.5941    75
 4.6041    62
 4.6141    40
 4.6241    47
 4.6341    40
 4.6441    36
 4.6541    39
 4.6641    28
 4.6741    25
 4.6841    24
 4.6941    26
 4.7041    28
 4.7141    24
 4.7241    38
 4.7341    26
 4.7441    16
 4.7541    33
 4.7641    30
 4.7741    23
 4.7841    31
 4.7941    22
 4.8041    32
 4.8141    28
 4.8241    40
 4.8341    37
 4.8441    39
 4.8541    37
 4.8641    60
 4.8741    48
 4.8841    53
 4.8941    62
 4.9041    58
 4.9141    71
 4.9241    82
 4.9341    82
 4.9441   100
 4.9541    62
 4.9641    71
 4.9741    65
 4.9841    59
 4.9941    47
 5.0041    43
 5.0141    37
 5.0241    42
 5.0341    24
 5.0441    36
 5.0541    27
 5.0641    27
 5.0741    22
 5.0841    13
 5.0941    17
 5.1041    20
 5.1141    28
 5.1241    26
 5.1341    24
 5.1441    21
 5.1541    18
 5.1641    21
 5.1741    24
 5.1841    30
 5.1941    28
 5.2041    24
 5.2141    23
 5.2241    20
 5.2341    22
 5.2441    30
 5.2541    29
 5.2641    29
 5.2741    27
 5.2841    25
 5.2941    29
 5.3041    31
 5.3141    27
 5.3241    33
 5.3341    27
 5.3441    18
 5.3541    26
 5.3641    31
 5.3741    31
 5.3841    28
 5.3941    31
 5.4041    38
 5.4141    36
 5.4241    44
 5.4341    39
 5.4441    24
 5.4541    35
 5.4641    27
 5.4741    25
 5.4841    37
 5.4941    25
 5.5041    26
 5.5141    26
 5.5241    23
 5.5341    23
 5.5441    27
 5.5541    33
 5.5641    25
 5.5741    34
 5.5841    35
 5.5941    27
 5.6041    18
 5.6141    26
 5.6241    26
 5.6341    29
 5.6441    27
 5.6541    20
 5.6641    32
 5.6741    23
 5.6841    31
 5.6941    23
 5.7041    37
 5.7141    29
 5.7241    35
 5.7341    42
 5.7441    38
 5.7541    37
 5.7641    45
 5.7741    49
 5.7841    55
 5.7941    49
 5.8041    76
 5.8141    80
 5.8241    96
 5.8341   116
 5.8441   125
 5.8541   143
 5.8641   130
 5.8741   150
 5.8841   157
 5.8941   176
 5.9041   154
 5.9141   141
 5.9241   137
 5.9341   116
 5.9441   102
 5.9541    95
 5.9641    83
 5.9741    84
 5.9841    75
 5.9941    58
 6.0041    41
 6.0141    36
 6.0241    34
 6.0341    40
 6.0441    37
 6.0541    45
 6.0641    42
 6.0741    47
 6.0841    52
 6.0941    46
 6.1041    40
 6.1141    31
 6.1241    49
 6.1341    52
 6.1441    64
 6.1541    67
 6.1641    56
 6.1741    73
 6.1841    82
 6.1941   111
 6.2041   136
 6.2141   181
 6.2241   273
 6.2341   367
 6.2441   505
 6.2541   737
 6.2641   968
 6.2741  1448
 6.2841  1894
 6.2941  2473
 6.3041  3109
 6.3141  3883
 6.3241  4836
 6.3341  5827
 6.3441  6611
 6.3541  7410
 6.3641  8416
 6.3741  8989
 6.3841  9432
 6.3941  9669
 6.4041  9465
 6.4141  9232
 6.4241  8622
 6.4341  7742
 6.4441  7008
 6.4541  5955
 6.4641  5017
 6.4741  4006
 6.4841  3140
 6.4941  2623
 6.5041  1936
 6.5141  1416
 6.5241  1030
 6.5341   732
 6.5441   520
 6.5541   342
 6.5641   249
 6.5741   158
 6.5841   118
 6.5941    88
 6.6041    61
 6.6141    66
 6.6241    53
 6.6341    67
 6.6441    51
 6.6541    51
 6.6641    53
 6.6741    46
 6.6841    63
 6.6941    53
 6.7041    46
 6.7141    47
 6.7241    44
 6.7341    54
 6.7441    58
 6.7541    42
 6.7641    52
 6.7741    53
 6.7841    69
 6.7941    60
 6.8041    65
 6.8141    73
 6.8241    73
 6.8341    79
 6.8441    75
 6.8541    75
 6.8641   112
 6.8741   122
 6.8841   136
 6.8941   146
 6.9041   204
 6.9141   252
 6.9241   308
 6.9341   364
 6.9441   438
 6.9541   512
 6.9641   672
 6.9741   824
 6.9841   986
 6.9941  1044
 7.0041  1203
 7.0141  1438
 7.0241  1409
 7.0341  1504
 7.0441  1618
 7.0541  1645
 7.0641  1592
 7.0741  1491
 7.0841  1425
 7.0941  1323
 7.1041  1122
 7.1141   973
 7.1241   855
 7.1341   701
 7.1441   604
 7.1541   456
 7.1641   360
 7.1741   262
 7.1841   225
 7.1941   171
 7.2041   139
 7.2141    92
 7.2241    81
 7.2341    72
 7.2441    48
 7.2541    46
 7.2641    48
 7.2741    47
 7.2841    44
 7.2941    46
 7.3041    54
 7.3141    58
 7.3241    50
 7.3341    74
 7.3441    48
 7.3541    55
 7.3641    73
 7.3741    75
 7.3841    76
 7.3941    76
 7.4041    60
 7.4141    83
 7.4241    87
 7.4341    95
 7.4441    82
 7.4541    74
 7.4641    72
 7.4741    67
 7.4841    64
 7.4941    62
 7.5041    59
 7.5141    69
 7.5241    61
 7.5341    46
 7.5441    63
 7.5541    64
 7.5641    41
 7.5741    46
 7.5841    45
 7.5941    53
 7.6041    48
 7.6141    53
 7.6241    57
 7.6341    48
 7.6441    48
 7.6541    41
 7.6641    44
 7.6741    46
 7.6841    51
 7.6941    53
 7.7041    52
 7.7141    47
 7.7241    48
 7.7341    60
 7.7441    60
 7.7541    57
 7.7641    59
 7.7741    43
 7.7841    67
 7.7941    70
 7.8041    56
 7.8141    55
 7.8241    51
 7.8341    69
 7.8441    81
 7.8541    69
 7.8641    82
 7.8741    76
 7.8841    81
 7.8941    95
 7.9041    79
 7.9141    87
 7.9241    97
 7.9341    88
 7.9441   114
 7.9541   109
 7.9641   121
 7.9741   110
 7.9841   122
 7.9941   148
 8.0041   142
 8.0141   147
 8.0241   181
 8.0341   193
 8.0441   196
 8.0541   223
 8.0641   203
 8.0741   243
 8.0841   283
 8.0941   278
 8.1041   266
 8.1141   268
 8.1241   274
 8.1341   306
 8.1441   312
 8.1541   321
 8.1641   364
 8.1741   304
 8.1841   325
 8.1941   329
 8.2041   348
 8.2141   335
 8.2241   354
 8.2341   376
 8.2441   387
 8.2541   354
 8.2641   394
 8.2741   417
 8.2841   435
 8.2941   450
 8.3041   528
 8.3141   608
 8.3241   606
 8.3341   685
 8.3441   704
 8.3541   780
 8.3641   747
 8.3741   780
 8.3841   821
 8.3941   780
 8.4041   804
 8.4141   723
 8.4241   687
 8.4341   621
 8.4441   580
 8.4541   545
 8.4641   462
 8.4741   369
 8.4841   322
 8.4941   297
 8.5041   262
 8.5141   189
 8.5241   183
 8.5341   147
 8.5441   116
 8.5541   118
 8.5641   110
 8.5741   105
 8.5841    92
 8.5941    95
 8.6041    83
 8.6141    97
 8.6241   103
 8.6341    99
 8.6441   102
 8.6541    97
 8.6641    99
 8.6741    79
 8.6841    91
 8.6941    94
 8.7041    86
 8.7141    79
 8.7241    91
 8.7341    94
 8.7441    85
 8.7541    68
 8.7641    79
 8.7741    89
 8.7841    79
 8.7941    72
 8.8041    69
 8.8141    64
 8.8241    72
 8.8341    80
 8.8441    69
 8.8541    69
 8.8641    74
 8.8741    69
 8.8841    68
 8.8941    76
 8.9041    60
 8.9141    69
 8.9241    82
 8.9341    80
 8.9441    76
 8.9541    69
 8.9641    71
 8.9741    80
 8.9841    77
 8.9941    71
 9.0041    68
 9.0141    80
 9.0241    84
 9.0341    80
 9.0441    89
 9.0541   105
 9.0641   111
 9.0741   108
 9.0841   111
 9.0941   112
 9.1041   107
 9.1141   131
 9.1241   123
 9.1341   124
 9.1441   125
 9.1541   122
 9.1641   119
 9.1741   148
 9.1841   155
 9.1941   184
 9.2041   180
 9.2141   201
 9.2241   186
 9.2341   189
 9.2441   220
 9.2541   193
 9.2641   234
 9.2741   240
 9.2841   243
 9.2941   246
 9.3041   251
 9.3141   279
 9.3241   268
 9.3341   281
 9.3441   281
 9.3541   312
 9.3641   318
 9.3741   329
 9.3841   324
 9.3941   356
 9.4041   325
 9.4141   315
 9.4241   321
 9.4341   341
 9.4441   349
 9.4541   362
 9.4641   366
 9.4741   335
 9.4841   351
 9.4941   370
 9.5041   364
 9.5141   382
 9.5241   379
 9.5341   417
 9.5441   434
 9.5541   449
 9.5641   457
 9.5741   521
 9.5841   518
 9.5941   532
 9.6041   571
 9.6141   607
 9.6241   645
 9.6341   660
 9.6441   713
 9.6541   701
 9.6641   692
 9.6741   668
 9.6841   665
 9.6941   634
 9.7041   636
 9.7141   590
 9.7241   576
 9.7341   517
 9.7441   476
 9.7541   433
 9.7641   352
 9.7741   364
 9.7841   336
 9.7941   316
 9.8041   346
 9.8141   320
 9.8241   294
 9.8341   288
 9.8441   255
 9.8541   267
 9.8641   277
 9.8741   275
 9.8841   245
 9.8941   272
 9.9041   250
 9.9141   301
 9.9241   302
 9.9341   304
 9.9441   310
 9.9541   299
 9.9641   262
 9.9741   299
 9.9841   293
 9.9941   282
10.0041   238
10.0141   231
10.0241   207
10.0341   192
10.0441   175
10.0541   184
10.0641   141
10.0741   114
10.0841   108
10.0941   105
10.1041    98
10.1141    89
10.1241    80
10.1341    73
10.1441    76
10.1541    63
10.1641    56
10.1741    59
10.1841    58
10.1941    54
10.2041    51
10.2141    47
10.2241    56
10.2341    45
10.2441    36
10.2541    47
10.2641    47
10.2741    45
10.2841    53
10.2941    39
10.3041    48
10.3141    37
10.3241    36
10.3341    35
10.3441    35
10.3541    41
10.3641    47
10.3741    42
10.3841    44
10.3941    42
10.4041    41
10.4141    48
10.4241    45
10.4341    48
10.4441    47
10.4541    46
10.4641    41
10.4741    36
10.4841    41
10.4941    40
10.5041    40
10.5141    35
10.5241    37
10.5341    44
10.5441    46
10.5541    45
10.5641    44
10.5741    46
10.5841    46
10.5941    43
10.6041    49
10.6141    46
10.6241    50
10.6341    42
10.6441    42
10.6541    47
10.6641    39
10.6741    51
10.6841    49
10.6941    52
10.7041    49
10.7141    42
10.7241    47
10.7341    52
10.7441    54
10.7541    51
10.7641    57
10.7741    67
10.7841    67
10.7941    61
10.8041    52
10.8141    57
10.8241    60
10.8341    64
10.8441    71
10.8541    72
10.8641    66
10.8741    69
10.8841    70
10.8941    63
10.9041    73
10.9141    67
10.9241    64
10.9341    66
10.9441    71
10.9541    70
10.9641    64
10.9741    58
10.9841    64
10.9941    62
11.0041    62
11.0141    63
11.0241    70
11.0341    68
11.0441    62
11.0541    56
11.0641    66
11.0741    64
11.0841    66
11.0941    62
11.1041    58
11.1141    59
11.1241    60
11.1341    75
11.1441    69
11.1541    62
11.1641    68
11.1741    81
11.1841    78
11.1941    77
11.2041    90
11.2141    92
11.2241   102
11.2341    93
11.2441   103
11.2541    97
11.2641    98
11.2741   102
11.2841    98
11.2941    92
11.3041    93
11.3141    90
11.3241    76
11.3341    71
11.3441    87
11.3541    77
11.3641    62
11.3741    56
11.3841    55
11.3941    71
11.4041    75
11.4141    61
11.4241    58
11.4341    60
11.4441    50
11.4541    59
11.4641    54
11.4741    42
11.4841    49
11.4941    52
11.5041    56
11.5141    47
11.5241    46
11.5341    59
11.5441    56
11.5541    59
11.5641    50
11.5741    50
11.5841    50
11.5941    52
11.6041    53
11.6141    48
11.6241    52
11.6341    47
11.6441    58
11.6541    51
11.6641    56
11.6741    52
11.6841    45
11.6941    46
11.7041    39
11.7141    45
11.7241    44
11.7341    42
11.7441    45
11.7541    49
11.7641    47
11.7741    46
11.7841    43
11.7941    37
11.8041    35
11.8141    38
11.8241    47
11.8341    43
11.8441    29
11.8541    31
11.8641    35
11.8741    36
11.8841    41
11.8941    40
11.9041    32
11.9141    31
11.9241    33
11.9341    31
11.9441    37
11.9541    33
11.9641    35
11.9741    37
11.9841    38
11.9941    42
12.0041    38
12.0141    43
12.0241    37
12.0341    37
12.0441    33
12.0541    41
12.0641    46
12.0741    36
12.0841    34
12.0941    31
12.1041    34
12.1141    38
12.1241    32
12.1341    26
12.1441    25
12.1541    26
12.1641    29
12.1741    35
12.1841    30
12.1941    29
12.2041    33
12.2141    35
12.2241    28
12.2341    34
12.2441    29
12.2541    29
12.2641    39
12.2741    43
12.2841    37
12.2941    26
12.3041    27
12.3141    33
12.3241    30
12.3341    26
12.3441    32
12.3541    33
12.3641    32
12.3741    33
12.3841    32
12.3941    41
12.4041    43
12.4141    41
12.4241    38
12.4341    34
12.4441    34
12.4541    35
12.4641    37
12.4741    38
12.4841    43
12.4941    43
12.5041    40
12.5141    39
12.5241    38
12.5341    37
12.5441    38
12.5541    39
12.5641    49
12.5741    51
12.5841    40
12.5941    35
12.6041    39
12.6141    39
12.6241    39
12.6341    42
12.6441    40
12.6541    43
12.6641    43
12.6741    54
12.6841    53
12.6941    43
12.7041    42
12.7141    41
12.7241    43
12.7341    39
12.7441    36
12.7541    39
12.7641    41
12.7741    41
12.7841    40
12.7941    37
12.8041    37
12.8141    39
12.8241    40
12.8341    41
12.8441    40
12.8541    38
12.8641    38
12.8741    37
12.8841    36
12.8941    35
12.9041    34
12.9141    35
12.9241    39
12.9341    41
12.9441    39
12.9541    37
12.9641    36
12.9741    36
12.9841    37
12.9941    38
13.0041    37
13.0141    36
13.0241    40
13.0341    45
13.0441    47
13.0541    43
13.0641    38
13.0741    36
13.0841    38
13.0941    40
13.1041    40
13.1141    43
13.1241    45
13.1341    41
13.1441    39
13.1541    41
13.1641    42
13.1741    47
13.1841    48
13.1941    45
13.2041    50
13.2141    56
13.2241    54
13.2341    47
13.2441    47
13.2541    49
13.2641    54
13.2741    56
13.2841    56
13.2941    57
13.3041    56
13.3141    56
13.3241    56
13.3341    58
13.3441    59
13.3541    69
13.3641    76
13.3741    63
13.3841    62
13.3941    69
13.4041    66
13.4141    66
13.4241    62
13.4341    56
13.4441    60
13.4541    54
13.4641    45
13.4741    45
13.4841    45
13.4941    51
13.5041    51
13.5141    47
13.5241    44
13.5341    40
13.5441    48
13.5541    54
13.5641    51
13.5741    42
13.5841    47
13.5941    45
13.6041    38
13.6141    47
13.6241    47
13.6341    45
13.6441    50
13.6541    53
13.6641    51
13.6741    47
13.6841    45
13.6941    50
13.7041    54
13.7141    51
13.7241    50
13.7341    49
13.7441    50
13.7541    45
13.7641    39
13.7741    45
13.7841    45
13.7941    40
13.8041    46
13.8141    47
13.8241    44
13.8341    44
13.8441    47
13.8541    53
13.8641    53
13.8741    53
13.8841    50
13.8941    45
13.9041    50
13.9141    59
13.9241    56
13.9341    62
13.9441    69
13.9541    66
13.9641    68
13.9741    73
13.9841    83
13.9941    85
14.0041    89
14.0141    98
14.0241   116
14.0341   122
14.0441   127
14.0541   138
14.0641   150
14.0741   171
14.0841   175
14.0941   175
14.1041   177
14.1141   179
14.1241   182
14.1341   179
14.1441   176
14.1541   181
14.1641   174
14.1741   181
14.1841   184
14.1941   157
14.2041   145
14.2141   128
14.2241   122
14.2341   140
14.2441   125
14.2541   102
14.2641   102
14.2741   107
14.2841    93
14.2941    74
14.3041    67
14.3141    70
14.3241    71
14.3341    58
14.3441    60
14.3541    58
14.3641    53
14.3741    51
14.3841    44
14.3941    44
14.4041    55
14.4141    60
14.4241    55
14.4341    51
14.4441    56
14.4541    65
14.4641    66
14.4741    63
14.4841    57
14.4941    61
14.5041    58
14.5141    52
14.5241    45
14.5341    47
14.5441    53
14.5541    51
14.5641    44
14.5741    45
14.5841    51
14.5941    48
14.6041    51
14.6141    53
14.6241    51
14.6341    56
14.6441    60
14.6541    52
14.6641    45
14.6741    51
14.6841    58
14.6941    59
14.7041    54
14.7141    50
14.7241    53
14.7341    52
14.7441    59
14.7541    60
14.7641    61
14.7741    64
14.7841    63
14.7941    59
14.8041    60
14.8141    63
14.8241    58
14.8341    62
14.8441    63
14.8541    66
14.8641    63
14.8741    64
14.8841    62
14.8941    62
14.9041    68
14.9141    70
14.9241    70
14.9341    72
14.9441    74
14.9541    65
14.9641    66
14.9741    70
14.9841    69
14.9941    73
15.0041    81
15.0141    66
15.0241    55
15.0341    68
15.0441    67
15.0541    63
15.0641    64
15.0741    60
15.0841    63
15.0941    59
15.1041    60
15.1141    69
15.1241    61
15.1341    60
15.1441    65
15.1541    63
15.1641    63
15.1741    53
15.1841    50
15.1941    62
15.2041    60
15.2141    62
15.2241    66
15.2341    61
15.2441    59
15.2541    57
15.2641    58
15.2741    52
15.2841    61
15.2941    67
15.3041    63
15.3141    61
15.3241    58
15.3341    56
15.3441    65
15.3541    66
15.3641    63
15.3741    70
15.3841    76
15.3941    70
15.4041    66
15.4141    66
15.4241    62
15.4341    58
15.4441    60
15.4541    69
15.4641    67
15.4741    66
15.4841    70
15.4941    70
15.5041    66
15.5141    62
15.5241    61
15.5341    60
15.5441    67
15.5541    69
15.5641    69
15.5741    72
15.5841    72
15.5941    85
15.6041    92
15.6141    94
15.6241    90
15.6341    95
15.6441    84
15.6541    94
15.6641   105
15.6741   111
15.6841   125
15.6941   131
15.7041   112
15.7141   119
15.7241   130
15.7341   131
15.7441   127
15.7541   136
15.7641   128
15.7741   130
15.7841   143
15.7941   141
15.8041   138
15.8141   124
15.8241   116
15.8341   113
15.8441   117
15.8541   118
15.8641   109
15.8741   102
15.8841   111
15.8941   109
15.9041    99
15.9141    89
15.9241    79
15.9341    79
15.9441    80
15.9541    77
15.9641    80
15.9741    76
15.9841    68
15.9941    70
16.0041    71
16.0141    67
16.0241    67
16.0341    60
16.0441    63
16.0541    79
16.0641    78
16.0741    71
16.0841    70
16.0941    73
16.1041    67
16.1141    65
16.1241    78
16.1341    82
16.1441    67
16.1541    70
16.1641    76
16.1741    69
16.1841    74
16.1941    90
16.2041    75
16.2141    68
16.2241    66
16.2341    72
16.2441    66
16.2541    64
16.2641    71
16.2741    73
16.2841    72
16.2941    69
16.3041    68
16.3141    69
16.3241    71
16.3341    81
16.3441    81
16.3541    85
16.3641    79
16.3741    74
16.3841    71
16.3941    85
16.4041    87
16.4141    77
16.4241    76
16.4341    76
16.4441    77
16.4541    64
16.4641    64
16.4741    72
16.4841    72
16.4941    72
16.5041    73
16.5141    84
16.5241    94
16.5341    92
16.5441    79
16.5541    81
16.5641    77
16.5741    77
16.5841    84
16.5941    74
16.6041    70
16.6141    89
16.6241    88
16.6341    74
16.6441    67
16.6541    70
16.6641    72
16.6741    71
16.6841    83
16.6941    92
16.7041    98
16.7141    76
16.7241    79
16.7341    89
16.7441    80
16.7541    94
16.7641    80
16.7741    78
16.7841    75
16.7941    91
16.8041    79
16.8141    71
16.8241    74
16.8341    83
16.8441    77
16.8541    91
16.8641    83
16.8741    78
16.8841    96
16.8941    84
16.9041    77
16.9141    86
16.9241    85
16.9341    81
16.9441    86
16.9541    84
16.9641    79
16.9741    84
16.9841    82
16.9941    75
17.0041    88
17.0141    95
17.0241    83
17.0341    77
17.0441    97
17.0541    85
17.0641    88
17.0741    93
17.0841    90
17.0941    88
17.1041    87
17.1141    83
17.1241    81
17.1341    73
17.1441    81
17.1541    85
17.1641    80
17.1741    92
17.1841    92
17.1941    90
17.2041    96
17.2141    84
17.2241    77
17.2341    80
17.2441    84
17.2541    86
17.2641    82
17.2741    86
17.2841    98
17.2941    88
17.3041    92
17.3141    84
17.3241    83
17.3341    85
17.3441    96
17.3541    87
17.3641    95
17.3741    90
17.3841    87
17.3941    92
17.4041    92
17.4141    98
17.4241    79
17.4341    93
17.4441    89
17.4541    83
17.4641    89
17.4741   104
17.4841    82
17.4941    80
17.5041   101
17.5141    88
17.5241    88
17.5341    91
17.5441    99
17.5541    97
17.5641   102
17.5741   108
17.5841    90
17.5941   100
17.6041   103
17.6141    94
17.6241    93
17.6341    94
17.6441    99
17.6541    93
17.6641    84
17.6741    99
17.6841    91
17.6941    86
17.7041    96
17.7141    96
17.7241    99
17.7341    98
17.7441    94
17.7541    89
17.7641   101
17.7741    98
17.7841    93
17.7941    84
17.8041    89
17.8141    88
17.8241    96
17.8341   102
17.8441    99
17.8541    90
17.8641    94
17.8741    97
17.8841    96
17.8941    99
17.9041   105
17.9141   102
17.9241   104
17.9341    98
17.9441    92
17.9541    84
17.9641    93
17.9741    97
17.9841    92
17.9941    94
18.0041    94
18.0141    94
18.0241   104
18.0341    95
18.0441    94
18.0541   108
18.0641   104
18.0741    90
18.0841    84
18.0941    88
18.1041    86
18.1141    94
18.1241    92
18.1341    90
18.1441    78
18.1541    90
18.1641    92
18.1741    91
18.1841    87
18.1941    90
18.2041    95
18.2141    97
18.2241   104
18.2341    95
18.2441   104
18.2541   105
18.2641    90
18.2741    96
18.2841   110
18.2941    96
18.3041   104
18.3141    85
18.3241    90
18.3341   104
18.3441   100
18.3541   105
18.3641   102
18.3741   105
18.3841   108
18.3941    97
18.4041    87
18.4141    96
18.4241   102
18.4341   100
18.4441    85
18.4541   103
18.4641   110
18.4741   108
18.4841   103
18.4941   109
18.5041   100
18.5141   103
18.5241    99
18.5341   106
18.5441    97
18.5541    84
18.5641    97
18.5741   106
18.5841   101
18.5941    95
18.6041    90
18.6141   105
18.6241   109
18.6341    93
18.6441    89
18.6541   103
18.6641   100
18.6741    92
18.6841    97
18.6941   109
18.7041   116
18.7141   116
18.7241   110
18.7341   101
18.7441   100
18.7541   107
18.7641   111
18.7741   103
18.7841   115
18.7941   122
18.8041   116
18.8141   100
18.8241   105
18.8341    97
18.8441   109
18.8541   103
18.8641   102
18.8741   104
18.8841   104
18.8941   110
18.9041    98
18.9141   102
18.9241    94
18.9341    93
18.9441   107
18.9541   117
18.9641   123
18.9741   104
18.9841   100
18.9941    95
19.0041   106
19.0141   103
19.0241    98
19.0341   106
19.0441   107
19.0541   108
19.0641   101
19.0741   109
19.0841   111
19.0941   103
19.1041   115
19.1141   100
19.1241   106
19.1341   128
19.1441   113
19.1541   106
19.1641   117
19.1741    95
19.1841   123
19.1941   104
19.2041   106
19.2141   103
19.2241   101
19.2341   114
19.2441   117
19.2541    99
19.2641   119
19.2741   109
19.2841    99
19.2941   126
19.3041   126
19.3141    99
19.3241   125
19.3341   110
19.3441   106
19.3541   105
19.3641    99
19.3741   109
19.3841   123
19.3941   100
19.4041   109
19.4141   109
19.4241   107
19.4341   119
19.4441   104
19.4541    99
19.4641   113
19.4741   106
19.4841   118
19.4941   120
19.5041   102
19.5141   113
19.5241   109
19.5341   126
19.5441   117
19.5541   114
19.5641   114
19.5741   113
19.5841   113
19.5941   126
19.6041   119
19.6141   111
19.6241   115
19.6341   105
19.6441   131
19.6541   123
19.6641   125
19.6741   112
19.6841   117
19.6941   120
19.7041   108
19.7141   130
19.7241   105
19.7341   102
19.7441   115
19.7541   106
19.7641   129
19.7741   124
19.7841   125
19.7941   119
19.8041   114
19.8141    94
19.8241   114
19.8341   117
19.8441   131
19.8541   107
19.8641   119
19.8741   108
19.8841   106
19.8941   106
19.9041   130
19.9141   123
19.9241   115
19.9341   117
19.9441   117
19.9541   113
19.9641   125
19.9741   116
19.9841   118
19.9941   125
20.0041   113
20.0141   129
20.0241   109
20.0341   113
20.0441   128
20.0541   136
20.0641   123
20.0741   105
20.0841   123
20.0941   120
20.1041   104
20.1141   108
20.1241   101
20.1341    90
20.1441   130
20.1541   120
20.1641   120
20.1741   126
20.1841   127
20.1941   133
20.2041   121
20.2141   118
20.2241   119
20.2341   113
20.2441   112
20.2541   128
20.2641   135
20.2741   120
20.2841   122
20.2941   114
20.3041   125
20.3141   119
20.3241   112
20.3341   113
20.3441   116
20.3541   117
20.3641   128
20.3741   129
20.3841   123
20.3941   118
20.4041   122
20.4141   104
20.4241   138
20.4341   112
20.4441   111
20.4541   120
20.4641   129
20.4741   110
20.4841   115
20.4941   121
20.5041   119
20.5141   116
20.5241   105
20.5341   115
20.5441   114
20.5541   127
20.5641   132
20.5741    94
20.5841   103
20.5941   117
20.6041   116
20.6141   126
20.6241   119
20.6341   135
20.6441   129
20.6541   133
20.6641   109
20.6741   131
20.6841   106
20.6941   112
20.7041   131
20.7141   114
20.7241   110
20.7341   117
20.7441   103
20.7541   140
20.7641   123
20.7741   108
20.7841   108
20.7941   115
20.8041   126
20.8141   134
20.8241   130
20.8341   144
20.8441   122
20.8541   125
20.8641   148
20.8741   136
20.8841   125
20.8941   140
20.9041   151
20.9141   148
20.9241   170
20.9341   161
20.9441   159
20.9541   148
20.9641   174
20.9741   144
20.9841   182
20.9941   182
21.0041   179
21.0141   185
21.0241   181
21.0341   193
21.0441   166
21.0541   191
21.0641   197
21.0741   196
21.0841   215
21.0941   177
21.1041   189
21.1141   196
21.1241   195
21.1341   194
21.1441   212
21.1541   197
21.1641   189
21.1741   193
21.1841   179
21.1941   177
21.2041   177
21.2141   179
21.2241   173
21.2341   181
21.2441   172
21.2541   182
21.2641   168
21.2741   168
21.2841   155
21.2941   158
21.3041   152
21.3141   151
21.3241   164
21.3341   128
21.3441   134
21.3541   140
21.3641   147
21.3741   136
21.3841   130
21.3941   141
21.4041   133
21.4141   128
21.4241   142
21.4341   136
21.4441   135
21.4541   125
21.4641   136
21.4741   129
21.4841   143
21.4941   133
21.5041   134
21.5141   112
21.5241   125
21.5341   146
21.5441   135
21.5541   129
21.5641   134
21.5741   143
21.5841   109
21.5941   114
21.6041   121
21.6141   117
21.6241   138
21.6341   130
21.6441   132
21.6541   147
21.6641   129
21.6741   142
21.6841   136
21.6941   136
21.7041   144
21.7141   137
21.7241   133
21.7341   125
21.7441   135
21.7541   133
21.7641   121
21.7741   128
21.7841   121
21.7941   118
21.8041   128
21.8141   120
21.8241   131
21.8341   108
21.8441   135
21.8541   129
21.8641   129
21.8741   146
21.8841   127
21.8941   127
21.9041   120
21.9141   126
21.9241   119
21.9341   124
21.9441   140
21.9541   120
21.9641   128
21.9741   132
21.9841   132
21.9941   122
22.0041   128
22.0141   125
22.0241   125
22.0341   143
22.0441   143
22.0541   124
22.0641   127
22.0741   135
22.0841   130
22.0941   123
22.1041   136
22.1141   140
22.1241   120
22.1341   134
22.1441   129
22.1541   147
22.1641   137
22.1741   122
22.1841   114
22.1941   113
22.2041   123
22.2141   117
22.2241   154
22.2341   120
22.2441   117
22.2541   129
22.2641   138
22.2741   153
22.2841   151
22.2941   123
22.3041   126
22.3141   124
22.3241   145
22.3341   112
22.3441   131
22.3541   127
22.3641   107
22.3741   117
22.3841   130
22.3941   144
22.4041   119
22.4141   154
22.4241   131
22.4341   117
22.4441   129
22.4541   110
22.4641   139
22.4741   127
22.4841   122
22.4941   138
22.5041   139
22.5141   114
22.5241   140
22.5341   126
22.5441   105
22.5541   141
22.5641   144
22.5741   117
22.5841   118
22.5941   104
22.6041   133
22.6141   124
22.6241   133
22.6341   135
22.6441   134
22.6541   141
22.6641   140
22.6741   132
22.6841   126
22.6941    96
22.7041   121
22.7141   118
22.7241   128
22.7341   139
22.7441   125
22.7541   121
22.7641   145
22.7741   138
22.7841   114
22.7941   133
22.8041   130
22.8141   125
22.8241   124
22.8341   136
22.8441   144
22.8541   140
22.8641   132
22.8741   119
22.8841   127
22.8941   113
22.9041   121
22.9141   126
22.9241   142
22.9341   123
22.9441   136
22.9541   126
22.9641   138
22.9741   116
22.9841   116
22.9941   111
23.0041   140
23.0141   137
23.0241   133
23.0341   137
23.0441   123
23.0541   123
23.0641   119
23.0741   132
23.0841   114
23.0941   107
23.1041   136
23.1141   145
23.1241   132
23.1341   120
23.1441   116
23.1541   114
23.1641   134
23.1741   135
23.1841   130
23.1941   117
23.2041   106
23.2141   138
23.2241   114
23.2341   120
23.2441   124
23.2541   108
23.2641   151
23.2741   136
23.2841   121
23.2941   128
23.3041   135
23.3141   138
23.3241   132
23.3341   132
23.3441   122
23.3541   116
23.3641   136
23.3741   124
23.3841   134
23.3941   142
23.4041   140
23.4141   118
23.4241   121
23.4341   121
23.4441   136
23.4541   103
23.4641   122
23.4741   116
23.4841   114
23.4941   117
23.5041   120
23.5141   117
23.5241   138
23.5341   120
23.5441   135
23.5541   120
23.5641   121
23.5741   105
23.5841   123
23.5941   126
23.6041   125
23.6141   145
23.6241   122
23.6341   120
23.6441   145
23.6541   146
23.6641   135
23.6741   133
23.6841   121
23.6941   123
23.7041   111
23.7141   134
23.7241   139
23.7341   148
23.7441   144
23.7541   125
23.7641   140
23.7741   147
23.7841   138
23.7941   120
23.8041   114
23.8141   132
23.8241   127
23.8341   141
23.8441   139
23.8541   129
23.8641   132
23.8741   131
23.8841   153
23.8941   139
23.9041   136
23.9141   137
23.9241   127
23.9341   125
23.9441   139
23.9541   121
23.9641   131
23.9741   124
23.9841   133
23.9941   127
24.0041   137
24.0141   115
24.0241   128
24.0341   113
24.0441   133
24.0541   129
24.0641   125
24.0741   102
24.0841   124
24.0941   114
24.1041   113
24.1141   120
24.1241   139
24.1341   107
24.1441   115
24.1541   121
24.1641   146
24.1741   134
24.1841   116
24.1941   126
24.2041   126
24.2141   119
24.2241   117
24.2341   134
24.2441   129
24.2541   121
24.2641   129
24.2741   117
24.2841   158
24.2941   115
24.3041   128
24.3141   132
24.3241   115
24.3341   114
24.3441   125
24.3541   137
24.3641   128
24.3741   142
24.3841   131
24.3941   116
24.4041   125
24.4141   112
24.4241   126
24.4341   149
24.4441   126
24.4541    99
24.4641   130
24.4741   111
24.4841   121
24.4941   139
24.5041   117
24.5141   122
24.5241   120
24.5341   128
24.5441   127
24.5541    96
24.5641   109
24.5741   116
24.5841   120
24.5941   110
24.6041   121
24.6141   106
24.6241   104
24.6341   115
24.6441   115
24.6541   107
24.6641   128
24.6741   115
24.6841   120
24.6941   122
24.7041   116
24.7141   113
24.7241   117
24.7341   115
24.7441   130
24.7541   111
24.7641   115
24.7741   146
24.7841   118
24.7941   115
24.8041   119
24.8141   122
24.8241   130
24.8341   127
24.8441   111
24.8541   120
24.8641   101
24.8741   115
24.8841   103
24.8941   112
24.9041   123
24.9141   128
24.9241   103
24.9341   123
24.9441   111
24.9541   128
24.9641   112
24.9741   121
24.9841   117
24.9941   106
25.0041   116
25.0141   121
25.0241   104
25.0341   138
25.0441   118
25.0541   116
25.0641    98
25.0741   121
25.0841   130
25.0941   122
25.1041   115
25.1141   106
25.1241   109
25.1341   125
25.1441   124
25.1541   111
25.1641   110
25.1741   118
25.1841   112
25.1941   139
25.2041   114
25.2141   115
25.2241    93
25.2341   113
25.2441   136
25.2541   133
25.2641   118
25.2741   110
25.2841   137
25.2941   134
25.3041   118
25.3141   115
25.3241   121
25.3341   121
25.3441   130
25.3541   129
25.3641   127
25.3741   118
25.3841   108
25.3941   113
25.4041   113
25.4141   107
25.4241   122
25.4341   116
25.4441   114
25.4541   125
25.4641   125
25.4741   132
25.4841   125
25.4941   113
25.5041   107
25.5141   117
25.5241   131
25.5341   118
25.5441   127
25.5541   125
25.5641   124
25.5741   114
25.5841   116
25.5941   130
25.6041   113
25.6141   127
25.6241   114
25.6341   125
25.6441   116
25.6541   103
25.6641   120
25.6741   103
25.6841   116
25.6941    91
25.7041   105
25.7141   104
25.7241   112
25.7341   101
25.7441   116
25.7541   123
25.7641   124
25.7741   134
25.7841   125
25.7941   104
25.8041   114
25.8141   105
25.8241   105
25.8341   106
25.8441   108
25.8541   115
25.8641    99
25.8741   119
25.8841   117
25.8941   105
25.9041    96
25.9141   108
25.9241   119
25.9341   101
25.9441   112
25.9541    95
25.9641   109
25.9741   100
25.9841   132
25.9941   100
26.0041   120
26.0141   105
26.0241   118
26.0341    99
26.0441    98
26.0541   103
26.0641   109
26.0741    99
26.0841   106
26.0941   100
26.1041   106
26.1141   121
26.1241   117
26.1341   103
26.1441   110
26.1541    96
26.1641   110
26.1741   110
26.1841   108
26.1941   121
26.2041   102
26.2141    99
26.2241   109
26.2341   102
26.2441   119
26.2541   120
26.2641   127
26.2741    97
26.2841   115
26.2941   115
26.3041   102
26.3141   102
26.3241   108
26.3341   120
26.3441   103
26.3541   103
26.3641   107
26.3741    98
26.3841   115
26.3941   112
26.4041   106
26.4141   114
26.4241   110
26.4341    94
26.4441    90
26.4541   118
26.4641   117
26.4741   105
26.4841    95
26.4941    83
26.5041    77
26.5141   100
26.5241   107
26.5341   102
26.5441   106
26.5541   101
26.5641   108
26.5741   129
26.5841   119
26.5941   112
26.6041   116
26.6141   104
26.6241   107
26.6341    81
26.6441   103
26.6541    98
26.6641   117
26.6741   110
26.6841   106
26.6941    97
26.7041   108
26.7141   111
26.7241   114
26.7341    94
26.7441   111
26.7541   107
26.7641   100
26.7741   120
26.7841   103
26.7941   105
26.8041   105
26.8141    95
26.8241   107
26.8341   100
26.8441   125
26.8541   107
26.8641   114
26.8741   100
26.8841   103
26.8941   105
26.9041    89
26.9141   131
26.9241    89
26.9341   119
26.9441   101
26.9541    98
26.9641    98
26.9741   100
26.9841    96
26.9941   103
27.0041   100
27.0141    88
27.0241    93
27.0341   109
27.0441    98
27.0541    89
27.0641   108
27.0741    93
27.0841   102
27.0941    83
27.1041   109
27.1141    97
27.1241    90
27.1341   103
27.1441    99
27.1541    88
27.1641   106
27.1741   118
27.1841    96
27.1941   101
27.2041    99
27.2141   108
27.2241    92
27.2341   100
27.2441   106
27.2541    96
27.2641   105
27.2741    92
27.2841    90
27.2941   101
27.3041   102
27.3141    90
27.3241    93
27.3341   104
27.3441    99
27.3541   100
27.3641   106
27.3741   107
27.3841    87
27.3941   101
27.4041    96
27.4141    94
27.4241    97
27.4341   102
27.4441   101
27.4541    96
27.4641    95
27.4741   106
27.4841   108
27.4941    94
27.5041    96
27.5141    97
27.5241   101
27.5341    92
27.5441    90
27.5541    88
27.5641   110
27.5741    93
27.5841    94
27.5941   100
27.6041    90
27.6141    87
27.6241    88
27.6341    78
27.6441    91
27.6541    94
27.6641    99
27.6741    80
27.6841    99
27.6941    89
27.7041    92
27.7141    73
27.7241    89
27.7341    98
27.7441    96
27.7541    90
27.7641    94
27.7741    80
27.7841   100
27.7941    81
27.8041    90
27.8141    90
27.8241    93
27.8341   102
27.8441    98
27.8541    87
27.8641    95
27.8741   104
27.8841   102
27.8941    90
27.9041    82
27.9141    89
27.9241    77
27.9341    96
27.9441   101
27.9541    98
27.9641    96
27.9741   104
27.9841   103
27.9941    92
28.0041    92
28.0141    84
28.0241    90
28.0341    80
28.0441    89
28.0541    89
28.0641    97
28.0741    96
28.0841    95
28.0941    83
28.1041    94
28.1141    86
28.1241    76
28.1341    96
28.1441    73
28.1541    90
28.1641   100
28.1741    78
28.1841    81
28.1941    81
28.2041    88
28.2141    87
28.2241    75
28.2341    88
28.2441    91
28.2541    85
28.2641    85
28.2741    95
28.2841    88
28.2941    93
28.3041    88
28.3141   100
28.3241    77
28.3341    83
28.3441   101
28.3541    83
28.3641    90
28.3741    75
28.3841    83
28.3941    96
28.4041   105
28.4141    82
28.4241    78
28.4341    88
28.4441    88
28.4541    84
28.4641    84
28.4741    89
28.4841    90
28.4941    85
28.5041    99
28.5141    84
28.5241    88
28.5341   103
28.5441    82
28.5541    85
28.5641    87
28.5741    81
28.5841    70
28.5941    85
28.6041    80
28.6141    89
28.6241    96
28.6341    85
28.6441    77
28.6541    87
28.6641    94
28.6741    92
28.6841    83
28.6941    71
28.7041    80
28.7141    79
28.7241    86
28.7341    71
28.7441    71
28.7541    72
28.7641    89
28.7741    78
28.7841    84
28.7941    86
28.8041    94
28.8141    73
28.8241    75
28.8341    94
28.8441    82
28.8541    79
28.8641    89
28.8741    93
28.8841    80
28.8941    80
28.9041    79
28.9141    90
28.9241    86
28.9341    79
28.9441    77
28.9541    84
28.9641    76
28.9741    92
28.9841    97
28.9941    98
29.0041    83
29.0141    83
29.0241    79
29.0341    86
29.0441    65
29.0541    82
29.0641    70
29.0741    70
29.0841    93
29.0941    84
29.1041    85
29.1141    75
29.1241    95
29.1341    78
29.1441    86
29.1541    76
29.1641    79
29.1741    70
29.1841    80
29.1941    74
29.2041    67
29.2141    87
29.2241    75
29.2341    75
29.2441    87
29.2541    73
29.2641    85
29.2741    84
29.2841    84
29.2941    68
29.3041    75
29.3141    74
29.3241    78
29.3341    83
29.3441    82
29.3541    68
29.3641    70
29.3741    59
29.3841    84
29.3941    77
29.4041    80
29.4141    68
29.4241    81
29.4341    80
29.4441    86
29.4541    85
29.4641    86
29.4741    73
29.4841    83
29.4941    72
29.5041    81
29.5141    76
29.5241    74
29.5341    78
29.5441    78
29.5541    66
29.5641    64
29.5741    73
29.5841    71
29.5941    64
29.6041    80
29.6141    76
29.6241    63
29.6341    85
29.6441    68
29.6541    79
29.6641    70
29.6741    82
29.6841    70
29.6941    54
29.7041    71
29.7141    68
29.7241    96
29.7341    74
29.7441    73
29.7541    79
29.7641    78
29.7741    78
29.7841    76
29.7941    68
29.8041    74
29.8141    80
29.8241    72
29.8341    73
29.8441    96
29.8541    96
29.8641    64
29.8741    60
29.8841    57
29.8941    75
29.9041    75
29.9141    70
29.9241    70
29.9341    60
29.9441    67
29.9541    78
29.9641    74
29.9741    72
29.9841    90
29.9941    79
30.0041    70
30.0141    64
30.0241    56
30.0341    65
30.0441    76
30.0541    74
30.0641    73
30.0741    61
30.0841    76
30.0941    64
30.1041    61
30.1141    79
30.1241    75
30.1341    64
30.1441    86
30.1541    60
30.1641    62
30.1741    65
30.1841    76
30.1941    78
30.2041    66
30.2141    83
30.2241    64
30.2341    75
30.2441    91
30.2541    66
30.2641    52
30.2741    57
30.2841    61
30.2941    69
30.3041    72
30.3141    83
30.3241    61
30.3341    68
30.3441    63
30.3541    68
30.3641    72
30.3741    72
30.3841    71
30.3941    65
30.4041    64
30.4141    70
30.4241    73
30.4341    61
30.4441    71
30.4541    68
30.4641    51
30.4741    58
30.4841    65
30.4941    79
30.5041    69
30.5141    55
30.5241    65
30.5341    67
30.5441    66
30.5541    54
30.5641    68
30.5741    56
30.5841    75
30.5941    72
30.6041    55
30.6141    66
30.6241    70
30.6341    75
30.6441    63
30.6541    63
30.6641    61
30.6741    70
30.6841    55
30.6941    63
30.7041    66
30.7141    68
30.7241    63
30.7341    72
30.7441    70
30.7541    71
30.7641    64
30.7741    55
30.7841    64
30.7941    63
30.8041    66
30.8141    66
30.8241    80
30.8341    73
30.8441    64
30.8541    56
30.8641    65
30.8741    63
30.8841    69
30.8941    77
30.9041    69
30.9141    62
30.9241    68
30.9341    55
30.9441    63
30.9541    83
30.9641    79
30.9741    66
30.9841    61
30.9941    70
31.0041    72
31.0141    69
31.0241    71
31.0341    69
31.0441    58
31.0541    68
31.0641    55
31.0741    60
31.0841    54
31.0941    53
31.1041    56
31.1141    60
31.1241    61
31.1341    66
31.1441    68
31.1541    69
31.1641    64
31.1741    62
31.1841    64
31.1941    53
31.2041    60
31.2141    65
31.2241    61
31.2341    59
31.2441    60
31.2541    60
31.2641    57
31.2741    62
31.2841    57
31.2941    59
31.3041    58
31.3141    52
31.3241    47
31.3341    60
31.3441    56
31.3541    57
31.3641    60
31.3741    67
31.3841    53
31.3941    58
31.4041    54
31.4141    66
31.4241    55
31.4341    65
31.4441    57
31.4541    63
31.4641    72
31.4741    58
31.4841    68
31.4941    71
31.5041    58
31.5141    59
31.5241    60
31.5341    56
31.5441    59
31.5541    64
31.5641    61
31.5741    73
31.5841    55
31.5941    68
31.6041    63
31.6141    57
31.6241    72
31.6341    63
31.6441    73
31.6541    61
31.6641    65
31.6741    73
31.6841    73
31.6941    57
31.7041    66
31.7141    68
31.7241    66
31.7341    62
31.7441    55
31.7541    62
31.7641    56
31.7741    58
31.7841    54
31.7941    74
31.8041    58
31.8141    44
31.8241    64
31.8341    55
31.8441    53
31.8541    49
31.8641    61
31.8741    72
31.8841    58
31.8941    44
31.9041    55
31.9141    59
31.9241    60
31.9341    62
31.9441    69
31.9541    72
31.9641    60
31.9741    61
31.9841    51
31.9941    56
32.0041    57
32.0141    51
32.0241    65
32.0341    58
32.0441    51
32.0541    62
32.0641    62
32.0741    50
32.0841    59
32.0941    59
32.1041    56
32.1141    63
32.1241    49
32.1341    61
32.1441    54
32.1541    65
32.1641    65
32.1741    71
32.1841    57
32.1941    57
32.2041    71
32.2141    49
32.2241    56
32.2341    58
32.2441    47
32.2541    49
32.2641    53
32.2741    52
32.2841    53
32.2941    49
32.3041    67
32.3141    54
32.3241    52
32.3341    54
32.3441    53
32.3541    57
32.3641    55
32.3741    52
32.3841    48
32.3941    51
32.4041    56
32.4141    45
32.4241    44
32.4341    50
32.4441    50
32.4541    60
32.4641    49
32.4741    43
32.4841    55
32.4941    59
32.5041    56
32.5141    44
32.5241    46
32.5341    47
32.5441    44
32.5541    40
32.5641    53
32.5741    44
32.5841    56
32.5941    47
32.6041    43
32.6141    54
32.6241    53
32.6341    45
32.6441    45
32.6541    45
32.6641    49
32.6741    52
32.6841    44
32.6941    45
32.7041    36
32.7141    41
32.7241    60
32.7341    48
32.7441    49
32.7541    48
32.7641    44
32.7741    42
32.7841    46
32.7941    45
32.8041    39
32.8141    57
32.8241    56
32.8341    65
32.8441    45
32.8541    49
32.8641    55
32.8741    62
32.8841    48
32.8941    60
32.9041    43
32.9141    41
32.9241    45
32.9341    54
32.9441    57
32.9541    61
32.9641    50
32.9741    51
32.9841    40
32.9941    41
33.0041    37
33.0141    43
33.0241    37
33.0341    35
33.0441    59
33.0541    43
33.0641    41
33.0741    49
33.0841    49
33.0941    46
33.1041    42
33.1141    52
33.1241    42
33.1341    41
33.1441    48
33.1541    48
33.1641    48
33.1741    40
33.1841    42
33.1941    34
33.2041    47
33.2141    51
33.2241    45
33.2341    35
33.2441    54
33.2541    43
33.2641    30
33.2741    49
33.2841    43
33.2941    31
33.3041    48
33.3141    39
33.3241    37
33.3341    34
33.3441    33
33.3541    47
33.3641    44
33.3741    50
33.3841    41
33.3941    43
33.4041    39
33.4141    38
33.4241    43
33.4341    47
33.4441    38
33.4541    48
33.4641    44
33.4741    42
33.4841    44
33.4941    42
33.5041    42
33.5141    40
33.5241    57
33.5341    44
33.5441    34
33.5541    43
33.5641    34
33.5741    34
33.5841    33
33.5941    32
33.6041    34
33.6141    45
33.6241    42
33.6341    46
33.6441    39
33.6541    39
33.6641    59
33.6741    50
33.6841    37
33.6941    43
33.7041    38
33.7141    51
33.7241    44
33.7341    51
33.7441    41
33.7541    43
33.7641    49
33.7741    43
33.7841    42
33.7941    47
33.8041    48
33.8141    48
33.8241    39
33.8341    32
33.8441    39
33.8541    38
33.8641    49
33.8741    31
33.8841    52
33.8941    44
33.9041    46
33.9141    32
33.9241    39
33.9341    32
33.9441    43
33.9541    41
33.9641    34
33.9741    42
33.9841    45
33.9941    38
34.0041    49
34.0141    47
34.0241    32
34.0341    35
34.0441    41
34.0541    46
34.0641    30
34.0741    49
34.0841    41
34.0941    41
34.1041    46
34.1141    28
34.1241    43
34.1341    39
34.1441    46
34.1541    35
34.1641    44
34.1741    43
34.1841    38
34.1941    41
34.2041    28
34.2141    37
34.2241    30
34.2341    32
34.2441    34
34.2541    34
34.2641    35
34.2741    34
34.2841    43
34.2941    44
34.3041    44
34.3141    35
34.3241    50
34.3341    35
34.3441    46
34.3541    29
34.3641    36
34.3741    38
34.3841    30
34.3941    35
34.4041    31
34.4141    37
34.4241    35
34.4341    39
34.4441    31
34.4541    38
34.4641    30
34.4741    26
34.4841    39
34.4941    35
34.5041    39
34.5141    39
34.5241    35
34.5341    33
34.5441    44
34.5541    27
34.5641    42
34.5741    29
34.5841    33
34.5941    42
34.6041    34
34.6141    35
34.6241    30
34.6341    32
34.6441    37
34.6541    37
34.6641    28
34.6741    32
34.6841    37
34.6941    37
34.7041    26
34.7141    34
34.7241    34
34.7341    31
34.7441    25
34.7541    31
34.7641    31
34.7741    37
34.7841    33
34.7941    28
34.8041    34
34.8141    35
34.8241    32
34.8341    30
34.8441    29
34.8541    35
34.8641    33
34.8741    30
34.8841    35
34.8941    29
34.9041    21
34.9141    22
34.9241    29
34.9341    31
34.9441    34
34.9541    34
34.9641    32
34.9741    34
34.9841    28
34.9941    36
35.0041    29
35.0141    26
35.0241    29
35.0341    32
35.0441    28
35.0541    27
35.0641    36
35.0741    25
35.0841    25
35.0941    34
35.1041    40
35.1141    29
35.1241    29
35.1341    30
35.1441    31
35.1541    40
35.1641    28
35.1741    34
35.1841    22
35.1941    33
35.2041    38
35.2141    29
35.2241    24
35.2341    23
35.2441    34
35.2541    25
35.2641    23
35.2741    31
35.2841    33
35.2941    31
35.3041    36
35.3141    35
35.3241    23
35.3341    29
35.3441    30
35.3541    28
35.3641    27
35.3741    38
35.3841    30
35.3941    37
35.4041    32
35.4141    38
35.4241    25
35.4341    32
35.4441    28
35.4541    34
35.4641    35
35.4741    36
35.4841    26
35.4941    22
35.5041    23
35.5141    34
35.5241    38
35.5341    31
35.5441    31
35.5541    41
35.5641    33
35.5741    25
35.5841    23
35.5941    31
35.6041    39
35.6141    28
35.6241    17
35.6341    26
35.6441    38
35.6541    26
35.6641    25
35.6741    30
35.6841    31
35.6941    27
35.7041    22
35.7141    31
35.7241    30
35.7341    25
35.7441    22
35.7541    34
35.7641    24
35.7741    26
35.7841    22
35.7941    28
35.8041    29
35.8141    30
35.8241    31
35.8341    29
35.8441    29
35.8541    33
35.8641    27
35.8741    24
35.8841    26
35.8941    24
35.9041    30
35.9141    25
35.9241    30
35.9341    20
35.9441    23
35.9541    33
35.9641    26
35.9741    20
35.9841    23
35.9941    34
36.0041    31
36.0141    28
36.0241    25
36.0341    33
36.0441    22
36.0541    29
36.0641    29
36.0741    29
36.0841    24
36.0941    29
36.1041    28
36.1141    37
36.1241    30
36.1341    30
36.1441    29
36.1541    30
36.1641    26
36.1741    26
36.1841    16
36.1941    28
36.2041    31
36.2141    23
36.2241    18
36.2341    19
36.2441    21
36.2541    26
36.2641    30
36.2741    31
36.2841    29
36.2941    35
36.3041    21
36.3141    21
36.3241    31
36.3341    22
36.3441    22
36.3541    23
36.3641    29
36.3741    27
36.3841    20
36.3941    34
36.4041    22
36.4141    37
36.4241    25
36.4341    24
36.4441    24
36.4541    13
36.4641    27
36.4741    19
36.4841    34
36.4941    25
36.5041    23
36.5141    23
36.5241    28
36.5341    30
36.5441    33
36.5541    20
36.5641    20
36.5741    27
36.5841    21
36.5941    24
36.6041    18
36.6141    25
36.6241    27
36.6341    21
36.6441    18
36.6541    17
36.6641    18
36.6741    26
36.6841    10
36.6941    20
36.7041    28
36.7141    25
36.7241    16
36.7341    23
36.7441    32
36.7541    22
36.7641    36
36.7741    31
36.7841    16
36.7941    21
36.8041    21
36.8141    25
36.8241    28
36.8341    23
36.8441    20
36.8541    21
36.8641    18
36.8741    17
36.8841    16
36.8941    18
36.9041    20
36.9141    23
36.9241    28
36.9341    26
36.9441    20
36.9541    22
36.9641    21
36.9741    17
36.9841    29
36.9941    17
37.0041    23
37.0141    18
37.0241    19
37.0341    19
37.0441    18
37.0541    20
37.0641    19
37.0741    18
37.0841    19
37.0941    22
37.1041    22
37.1141    23
37.1241    18
37.1341    19
37.1441    20
37.1541    30
37.1641    17
37.1741    22
37.1841    24
37.1941    21
37.2041    19
37.2141    21
37.2241    20
37.2341    17
37.2441    20
37.2541    21
37.2641    14
37.2741    15
37.2841    17
37.2941    20
37.3041    19
37.3141    17
37.3241    16
37.3341    13
37.3441    26
37.3541    18
37.3641    19
37.3741    19
37.3841    27
37.3941    15
37.4041    12
37.4141    15
37.4241    21
37.4341    26
37.4441    25
37.4541    23
37.4641    21
37.4741    25
37.4841    22
37.4941    11
37.5041    14
37.5141    14
37.5241    23
37.5341    20
37.5441    26
37.5541    14
37.5641    14
37.5741    20
37.5841    22
37.5941    15
37.6041    19
37.6141    21
37.6241    15
37.6341    19
37.6441    14
37.6541     9
37.6641    10
37.6741    16
37.6841    16
37.6941    17
37.7041    16
37.7141    12
37.7241    13
37.7341    11
37.7441    20
37.7541    21
37.7641    18
37.7741    16
37.7841    15
37.7941    24
37.8041    19
37.8141    17
37.8241    18
37.8341    14
37.8441    14
37.8541    19
37.8641    21
37.8741    21
37.8841    20
37.8941    20
37.9041    16
37.9141    18
37.9241    20
37.9341    14
37.9441    15
37.9541     6
37.9641    20
37.9741    16
37.9841    24
37.9941    19
38.0041    11
38.0141    15
38.0241    11
38.0341    14
38.0441    10
38.0541    17
38.0641    22
38.0741    24
38.0841    19
38.0941    20
38.1041    15
38.1141    22
38.1241    20
38.1341    17
38.1441    11
38.1541    22
38.1641    15
38.1741    17
38.1841    10
38.1941    11
38.2041    16
38.2141    14
38.2241    15
38.2341    19
38.2441    21
38.2541    14
38.2641    12
38.2741    15
38.2841    17
38.2941    14
38.3041    13
38.3141    14
38.3241    11
38.3341    19
38.3441    13
38.3541     9
38.3641    15
38.3741    13
38.3841    10
38.3941    16
38.4041    18
38.4141     7
38.4241    10
38.4341    13
38.4441    16
38.4541    19
38.4641     7
38.4741    15
38.4841    18
38.4941    16
38.5041    14
38.5141    10
38.5241    18
38.5341    15
38.5441    18
38.5541    19
38.5641    13
38.5741     7
38.5841    12
38.5941    15
38.6041    14
38.6141    18
38.6241    14
38.6341    20
38.6441    14
38.6541    13
38.6641    15
38.6741    18
38.6841    11
38.6941    12
38.7041    14
38.7141    15
38.7241    14
38.7341    12
38.7441    16
38.7541     9
38.7641    11
38.7741    10
38.7841    12
38.7941     8
38.8041     7
38.8141     9
38.8241    17
38.8341    10
38.8441    12
38.8541    10
38.8641     9
38.8741    19
38.8841    20
38.8941    11
38.9041    17
38.9141    16
38.9241     7
38.9341    11
38.9441    14
38.9541    13
38.9641    15
38.9741    11
38.9841    15
38.9941    11
39.0041    10
39.0141     8
39.0241     8
39.0341     8
39.0441     8
39.0541    13
39.0641    12
39.0741    15
39.0841    10
39.0941    10
39.1041    10
39.1141    15
39.1241    10
39.1341    17
39.1441    10
39.1541    12
39.1641     9
39.1741    11
39.1841    10
39.1941     8
39.2041    15
39.2141    10
39.2241    10
39.2341    20
39.2441    11
39.2541    14
39.2641     9
39.2741    12
39.2841    14
39.2941     5
39.3041    10
39.3141     8
39.3241    10
39.3341     6
39.3441    10
39.3541    10
39.3641    13
39.3741     9
39.3841    11
39.3941    15
39.4041     6
39.4141     9
39.4241     6
39.4341    10
39.4441     8
39.4541    10
39.4641     8
39.4741    10
39.4841    17
39.4941    10
39.5041    14
39.5141    12
39.5241    15
39.5341    14
39.5441    17
39.5541    12
39.5641     8
39.5741     9
39.5841    11
39.5941     9
39.6041    12
39.6141     5
39.6241     8
39.6341    11
39.6441    14
39.6541    11
39.6641    11
39.6741    10
39.6841     8
39.6941    11
39.7041     7
39.7141    11
39.7241    11
39.7341     8
39.7441     9
39.7541    10
39.7641     8
39.7741    10
39.7841     9
39.7941    11
39.8041     8
39.8141     6
39.8241     9
39.8341     6
39.8441     9
39.8541     5
39.8641     9
39.8741    15
39.8841     8
39.8941     9
39.9041    10
39.9141    13
39.9241    10
39.9341     6
39.9441     4
39.9541     7
39.9641     9
39.9741     9
39.9841     7
