Bruker Nano GmbH Berlin, Germany
Esprit 1.9

Date: 6/2/2021 1:30:17 PM
Real time: 5000
Life time: 4692
Pulse density: 87220


Detector type: XFlash 430
Window type: Custom type
Detector thickness: 0.45
Si dead layer:0.029

Calibration, lin.: 10
Calibration, abs.: -955.9
Mn FWHM: 137.05
Fano factor: 0.121
Channels: 4096

Energy Counts
-0.9559     0
-0.9459     0
-0.9359     0
-0.9259     0
-0.9159     0
-0.9059     0
-0.8959     0
-0.8859     0
-0.8759     0
-0.8659     0
-0.8559     0
-0.8459     0
-0.8359     0
-0.8259     0
-0.8159     0
-0.8059     0
-0.7959     0
-0.7859     0
-0.7759     0
-0.7659     0
-0.7559     0
-0.7459     0
-0.7359     0
-0.7259     0
-0.7159     0
-0.7059     0
-0.6959     0
-0.6859     0
-0.6759     0
-0.6659     0
-0.6559     0
-0.6459     0
-0.6359     0
-0.6259     0
-0.6159     0
-0.6059     0
-0.5959     0
-0.5859     0
-0.5759     0
-0.5659     0
-0.5559     0
-0.5459     0
-0.5359     0
-0.5259     0
-0.5159     0
-0.5059     0
-0.4959     0
-0.4859     0
-0.4759     0
-0.4659     0
-0.4559     0
-0.4459     0
-0.4359     0
-0.4259     0
-0.4159     0
-0.4059     0
-0.3959     0
-0.3859     0
-0.3759     0
-0.3659     0
-0.3559     0
-0.3459     0
-0.3359     0
-0.3259     0
-0.3159     0
-0.3059     0
-0.2959     0
-0.2859     0
-0.2759     0
-0.2659     0
-0.2559     0
-0.2459     0
-0.2359     0
-0.2259     0
-0.2159     0
-0.2059     0
-0.1959     0
-0.1859     0
-0.1759     0
-0.1659     0
-0.1559     0
-0.1459     0
-0.1359     0
-0.1259     0
-0.1159     1
-0.1059     3
-0.0959    13
-0.0859    43
-0.0759   181
-0.0659   561
-0.0559  1342
-0.0459  2993
-0.0359  5587
-0.0259  8881
-0.0159 12081
-0.0059 14455
 0.0041 14622
 0.0141 12521
 0.0241  9226
 0.0341  5703
 0.0441  3202
 0.0541  1417
 0.0641   590
 0.0741   196
 0.0841    77
 0.0941    18
 0.1041     7
 0.1141     5
 0.1241     1
 0.1341     1
 0.1441     1
 0.1541     0
 0.1641     0
 0.1741     4
 0.1841    43
 0.1941    95
 0.2041    72
 0.2141    84
 0.2241    84
 0.2341    73
 0.2441    74
 0.2541    93
 0.2641    74
 0.2741    67
 0.2841    70
 0.2941    76
 0.3041    81
 0.3141    83
 0.3241    86
 0.3341    68
 0.3441    69
 0.3541    83
 0.3641    84
 0.3741    75
 0.3841    80
 0.3941    82
 0.4041    78
 0.4141    79
 0.4241    65
 0.4341    75
 0.4441    79
 0.4541    72
 0.4641    73
 0.4741    66
 0.4841    68
 0.4941    80
 0.5041    73
 0.5141    75
 0.5241    75
 0.5341    75
 0.5441    78
 0.5541    73
 0.5641    70
 0.5741    62
 0.5841    56
 0.5941    66
 0.6041    80
 0.6141    82
 0.6241    68
 0.6341    61
 0.6441    55
 0.6541    57
 0.6641    67
 0.6741    64
 0.6841    62
 0.6941    66
 0.7041    66
 0.7141    67
 0.7241    63
 0.7341    61
 0.7441    64
 0.7541    63
 0.7641    66
 0.7741    73
 0.7841    72
 0.7941    59
 0.8041    60
 0.8141    57
 0.8241    62
 0.8341    59
 0.8441    57
 0.8541    60
 0.8641    63
 0.8741    63
 0.8841    60
 0.8941    58
 0.9041    52
 0.9141    45
 0.9241    54
 0.9341    55
 0.9441    50
 0.9541    45
 0.9641    61
 0.9741    62
 0.9841    59
 0.9941    59
 1.0041    55
 1.0141    48
 1.0241    43
 1.0341    42
 1.0441    36
 1.0541    53
 1.0641    45
 1.0741    59
 1.0841    54
 1.0941    54
 1.1041    54
 1.1141    47
 1.1241    65
 1.1341    53
 1.1441    55
 1.1541    61
 1.1641    49
 1.1741    46
 1.1841    52
 1.1941    57
 1.2041    55
 1.2141    45
 1.2241    48
 1.2341    59
 1.2441    50
 1.2541    40
 1.2641    45
 1.2741    46
 1.2841    42
 1.2941    60
 1.3041    53
 1.3141    41
 1.3241    46
 1.3341    41
 1.3441    53
 1.3541    50
 1.3641    48
 1.3741    62
 1.3841    51
 1.3941    46
 1.4041    55
 1.4141    44
 1.4241    46
 1.4341    44
 1.4441    58
 1.4541    48
 1.4641    55
 1.4741    52
 1.4841    51
 1.4941    41
 1.5041    40
 1.5141    54
 1.5241    54
 1.5341    54
 1.5441    50
 1.5541    45
 1.5641    38
 1.5741    51
 1.5841    53
 1.5941    45
 1.6041    43
 1.6141    40
 1.6241    42
 1.6341    42
 1.6441    55
 1.6541    62
 1.6641    80
 1.6741    76
 1.6841    99
 1.6941   119
 1.7041   148
 1.7141   165
 1.7241   179
 1.7341   197
 1.7441   207
 1.7541   156
 1.7641   156
 1.7741   112
 1.7841   107
 1.7941    79
 1.8041    89
 1.8141    70
 1.8241    64
 1.8341    70
 1.8441    47
 1.8541    58
 1.8641    57
 1.8741    48
 1.8841    45
 1.8941    44
 1.9041    52
 1.9141    39
 1.9241    38
 1.9341    47
 1.9441    44
 1.9541    56
 1.9641    53
 1.9741    62
 1.9841    51
 1.9941    59
 2.0041    62
 2.0141    58
 2.0241    61
 2.0341    56
 2.0441    53
 2.0541    44
 2.0641    45
 2.0741    62
 2.0841    50
 2.0941    42
 2.1041    40
 2.1141    41
 2.1241    46
 2.1341    41
 2.1441    54
 2.1541    52
 2.1641    42
 2.1741    39
 2.1841    35
 2.1941    50
 2.2041    45
 2.2141    49
 2.2241    40
 2.2341    42
 2.2441    41
 2.2541    41
 2.2641    42
 2.2741    47
 2.2841    43
 2.2941    38
 2.3041    28
 2.3141    48
 2.3241    43
 2.3341    44
 2.3441    46
 2.3541    40
 2.3641    39
 2.3741    49
 2.3841    43
 2.3941    40
 2.4041    26
 2.4141    34
 2.4241    35
 2.4341    47
 2.4441    42
 2.4541    38
 2.4641    32
 2.4741    29
 2.4841    43
 2.4941    50
 2.5041    47
 2.5141    32
 2.5241    32
 2.5341    47
 2.5441    40
 2.5541    36
 2.5641    41
 2.5741    34
 2.5841    38
 2.5941    33
 2.6041    40
 2.6141    34
 2.6241    36
 2.6341    33
 2.6441    36
 2.6541    37
 2.6641    33
 2.6741    31
 2.6841    34
 2.6941    51
 2.7041    38
 2.7141    36
 2.7241    36
 2.7341    27
 2.7441    41
 2.7541    43
 2.7641    28
 2.7741    23
 2.7841    54
 2.7941    43
 2.8041    39
 2.8141    38
 2.8241    34
 2.8341    37
 2.8441    46
 2.8541    42
 2.8641    39
 2.8741    33
 2.8841    29
 2.8941    29
 2.9041    33
 2.9141    29
 2.9241    35
 2.9341    31
 2.9441    38
 2.9541    37
 2.9641    46
 2.9741    47
 2.9841    27
 2.9941    24
 3.0041    29
 3.0141    29
 3.0241    32
 3.0341    26
 3.0441    30
 3.0541    34
 3.0641    27
 3.0741    29
 3.0841    31
 3.0941    23
 3.1041    37
 3.1141    29
 3.1241    30
 3.1341    47
 3.1441    33
 3.1541    30
 3.1641    26
 3.1741    24
 3.1841    24
 3.1941    29
 3.2041    25
 3.2141    25
 3.2241    39
 3.2341    31
 3.2441    32
 3.2541    32
 3.2641    32
 3.2741    33
 3.2841    34
 3.2941    33
 3.3041    40
 3.3141    41
 3.3241    44
 3.3341    46
 3.3441    28
 3.3541    28
 3.3641    26
 3.3741    29
 3.3841    31
 3.3941    29
 3.4041    35
 3.4141    27
 3.4241    20
 3.4341    23
 3.4441    30
 3.4541    27
 3.4641    29
 3.4741    24
 3.4841    32
 3.4941    32
 3.5041    33
 3.5141    25
 3.5241    33
 3.5341    17
 3.5441    21
 3.5541    31
 3.5641    41
 3.5741    30
 3.5841    51
 3.5941    54
 3.6041    78
 3.6141   105
 3.6241   108
 3.6341   128
 3.6441   185
 3.6541   187
 3.6641   220
 3.6741   218
 3.6841   238
 3.6941   252
 3.7041   238
 3.7141   196
 3.7241   189
 3.7341   178
 3.7441   141
 3.7541   109
 3.7641    96
 3.7741    74
 3.7841    64
 3.7941    42
 3.8041    26
 3.8141    22
 3.8241    22
 3.8341    24
 3.8441    22
 3.8541    25
 3.8641    30
 3.8741    22
 3.8841    19
 3.8941    20
 3.9041    28
 3.9141    27
 3.9241    28
 3.9341    28
 3.9441    34
 3.9541    29
 3.9641    41
 3.9741    37
 3.9841    54
 3.9941    59
 4.0041    55
 4.0141    49
 4.0241    44
 4.0341    52
 4.0441    37
 4.0541    41
 4.0641    35
 4.0741    31
 4.0841    33
 4.0941    25
 4.1041    24
 4.1141    14
 4.1241    20
 4.1341    28
 4.1441    25
 4.1541    23
 4.1641    22
 4.1741    16
 4.1841    19
 4.1941    17
 4.2041    24
 4.2141    20
 4.2241    26
 4.2341    23
 4.2441    10
 4.2541    12
 4.2641    18
 4.2741    20
 4.2841    14
 4.2941    29
 4.3041    12
 4.3141    19
 4.3241    14
 4.3341    16
 4.3441    21
 4.3541    20
 4.3641    24
 4.3741    12
 4.3841    18
 4.3941    22
 4.4041    28
 4.4141    23
 4.4241    27
 4.4341    18
 4.4441    24
 4.4541    34
 4.4641    27
 4.4741    33
 4.4841    31
 4.4941    39
 4.5041    26
 4.5141    20
 4.5241    36
 4.5341    13
 4.5441    30
 4.5541    35
 4.5641    24
 4.5741    20
 4.5841    27
 4.5941    17
 4.6041    13
 4.6141    14
 4.6241    21
 4.6341    30
 4.6441    20
 4.6541    19
 4.6641    18
 4.6741    16
 4.6841    31
 4.6941    20
 4.7041    28
 4.7141    23
 4.7241    18
 4.7341    20
 4.7441    27
 4.7541    25
 4.7641    23
 4.7741    17
 4.7841    21
 4.7941    23
 4.8041    19
 4.8141    20
 4.8241    16
 4.8341    23
 4.8441    26
 4.8541    20
 4.8641    15
 4.8741    31
 4.8841    19
 4.8941    17
 4.9041     9
 4.9141    16
 4.9241    21
 4.9341    31
 4.9441    26
 4.9541    20
 4.9641    16
 4.9741    22
 4.9841    28
 4.9941    32
 5.0041    16
 5.0141    25
 5.0241    24
 5.0341    30
 5.0441    19
 5.0541    25
 5.0641    23
 5.0741    24
 5.0841    23
 5.0941    24
 5.1041    23
 5.1141    16
 5.1241    23
 5.1341    23
 5.1441    22
 5.1541    24
 5.1641    25
 5.1741    17
 5.1841    19
 5.1941    16
 5.2041    21
 5.2141    19
 5.2241    23
 5.2341    19
 5.2441    24
 5.2541    26
 5.2641    22
 5.2741    25
 5.2841    28
 5.2941    25
 5.3041    25
 5.3141    30
 5.3241    38
 5.3341    59
 5.3441    56
 5.3541    66
 5.3641    73
 5.3741    68
 5.3841    76
 5.3941    80
 5.4041    86
 5.4141    86
 5.4241    92
 5.4341    88
 5.4441    78
 5.4541    87
 5.4641    69
 5.4741    57
 5.4841    41
 5.4941    44
 5.5041    43
 5.5141    35
 5.5241    37
 5.5341    29
 5.5441    22
 5.5541    16
 5.5641    25
 5.5741    24
 5.5841    23
 5.5941    20
 5.6041    23
 5.6141    31
 5.6241    18
 5.6341    24
 5.6441    21
 5.6541    26
 5.6641    26
 5.6741    20
 5.6841    22
 5.6941    33
 5.7041    32
 5.7141    23
 5.7241    27
 5.7341    23
 5.7441    30
 5.7541    29
 5.7641    40
 5.7741    40
 5.7841    39
 5.7941    41
 5.8041    56
 5.8141    55
 5.8241    67
 5.8341    81
 5.8441    88
 5.8541    94
 5.8641   100
 5.8741   104
 5.8841   112
 5.8941   121
 5.9041   120
 5.9141   134
 5.9241   107
 5.9341   109
 5.9441    92
 5.9541    90
 5.9641    75
 5.9741    82
 5.9841    64
 5.9941    51
 6.0041    46
 6.0141    44
 6.0241    28
 6.0341    27
 6.0441    30
 6.0541    31
 6.0641    36
 6.0741    29
 6.0841    27
 6.0941    30
 6.1041    34
 6.1141    27
 6.1241    30
 6.1341    27
 6.1441    31
 6.1541    31
 6.1641    24
 6.1741    28
 6.1841    38
 6.1941    49
 6.2041    39
 6.2141    55
 6.2241    49
 6.2341    62
 6.2441    82
 6.2541   120
 6.2641   126
 6.2741   164
 6.2841   194
 6.2941   247
 6.3041   332
 6.3141   392
 6.3241   468
 6.3341   568
 6.3441   718
 6.3541   803
 6.3641   877
 6.3741   956
 6.3841   948
 6.3941  1014
 6.4041   990
 6.4141  1009
 6.4241   907
 6.4341   829
 6.4441   766
 6.4541   606
 6.4641   600
 6.4741   512
 6.4841   370
 6.4941   302
 6.5041   236
 6.5141   173
 6.5241   133
 6.5341   121
 6.5441   107
 6.5541    87
 6.5641    52
 6.5741    44
 6.5841    43
 6.5941    38
 6.6041    35
 6.6141    34
 6.6241    42
 6.6341    38
 6.6441    36
 6.6541    35
 6.6641    38
 6.6741    29
 6.6841    31
 6.6941    42
 6.7041    41
 6.7141    43
 6.7241    27
 6.7341    22
 6.7441    43
 6.7541    35
 6.7641    32
 6.7741    40
 6.7841    38
 6.7941    33
 6.8041    42
 6.8141    45
 6.8241    48
 6.8341    43
 6.8441    43
 6.8541    32
 6.8641    43
 6.8741    47
 6.8841    42
 6.8941    59
 6.9041    57
 6.9141    72
 6.9241    53
 6.9341    67
 6.9441    88
 6.9541    75
 6.9641    99
 6.9741   124
 6.9841   127
 6.9941   152
 7.0041   164
 7.0141   167
 7.0241   185
 7.0341   178
 7.0441   224
 7.0541   192
 7.0641   201
 7.0741   194
 7.0841   197
 7.0941   157
 7.1041   156
 7.1141   144
 7.1241   123
 7.1341   123
 7.1441   109
 7.1541    89
 7.1641    82
 7.1741    63
 7.1841    66
 7.1941    88
 7.2041    62
 7.2141    55
 7.2241    61
 7.2341    52
 7.2441    50
 7.2541    49
 7.2641    44
 7.2741    59
 7.2841    42
 7.2941    68
 7.3041    60
 7.3141    72
 7.3241    68
 7.3341    80
 7.3441    79
 7.3541    95
 7.3641   113
 7.3741   109
 7.3841   143
 7.3941   145
 7.4041   146
 7.4141   154
 7.4241   163
 7.4341   172
 7.4441   195
 7.4541   201
 7.4641   184
 7.4741   194
 7.4841   180
 7.4941   187
 7.5041   184
 7.5141   153
 7.5241   138
 7.5341   130
 7.5441   115
 7.5541    96
 7.5641    96
 7.5741    97
 7.5841    89
 7.5941    75
 7.6041    83
 7.6141    72
 7.6241    60
 7.6341    57
 7.6441    49
 7.6541    66
 7.6641    60
 7.6741    52
 7.6841    60
 7.6941    65
 7.7041    63
 7.7141    65
 7.7241    65
 7.7341    50
 7.7441    70
 7.7541    71
 7.7641    58
 7.7741    64
 7.7841    57
 7.7941    65
 7.8041    66
 7.8141    71
 7.8241    77
 7.8341    72
 7.8441    70
 7.8541    76
 7.8641    68
 7.8741    92
 7.8841    83
 7.8941   101
 7.9041   105
 7.9141   104
 7.9241   103
 7.9341   123
 7.9441   115
 7.9541   118
 7.9641   113
 7.9741   148
 7.9841   157
 7.9941   145
 8.0041   157
 8.0141   165
 8.0241   195
 8.0341   213
 8.0441   201
 8.0541   235
 8.0641   266
 8.0741   278
 8.0841   271
 8.0941   277
 8.1041   295
 8.1141   317
 8.1241   342
 8.1341   359
 8.1441   394
 8.1541   381
 8.1641   374
 8.1741   411
 8.1841   396
 8.1941   412
 8.2041   404
 8.2141   425
 8.2241   421
 8.2341   447
 8.2441   433
 8.2541   472
 8.2641   485
 8.2741   517
 8.2841   526
 8.2941   594
 8.3041   687
 8.3141   710
 8.3241   703
 8.3341   754
 8.3441   850
 8.3541   897
 8.3641   847
 8.3741   929
 8.3841   946
 8.3941   924
 8.4041   873
 8.4141   861
 8.4241   847
 8.4341   805
 8.4441   682
 8.4541   608
 8.4641   565
 8.4741   479
 8.4841   421
 8.4941   340
 8.5041   286
 8.5141   254
 8.5241   197
 8.5341   192
 8.5441   165
 8.5541   132
 8.5641   131
 8.5741   101
 8.5841   102
 8.5941    91
 8.6041   104
 8.6141   103
 8.6241   104
 8.6341    83
 8.6441    87
 8.6541   104
 8.6641   101
 8.6741   110
 8.6841   103
 8.6941    94
 8.7041    96
 8.7141   110
 8.7241   102
 8.7341   115
 8.7441   105
 8.7541    99
 8.7641   100
 8.7741    86
 8.7841    80
 8.7941    88
 8.8041    97
 8.8141    95
 8.8241    97
 8.8341    93
 8.8441   103
 8.8541    99
 8.8641    85
 8.8741    92
 8.8841    94
 8.8941   104
 8.9041    92
 8.9141   106
 8.9241    86
 8.9341    91
 8.9441    95
 8.9541   106
 8.9641   106
 8.9741   109
 8.9841   125
 8.9941   126
 9.0041   103
 9.0141   127
 9.0241   114
 9.0341   105
 9.0441   117
 9.0541   120
 9.0641   135
 9.0741   132
 9.0841   135
 9.0941   138
 9.1041   146
 9.1141   123
 9.1241   149
 9.1341   153
 9.1441   185
 9.1541   203
 9.1641   197
 9.1741   171
 9.1841   186
 9.1941   203
 9.2041   219
 9.2141   229
 9.2241   235
 9.2341   236
 9.2441   252
 9.2541   273
 9.2641   257
 9.2741   289
 9.2841   295
 9.2941   303
 9.3041   329
 9.3141   332
 9.3241   348
 9.3341   364
 9.3441   353
 9.3541   359
 9.3641   359
 9.3741   335
 9.3841   375
 9.3941   402
 9.4041   400
 9.4141   394
 9.4241   434
 9.4341   433
 9.4441   416
 9.4541   437
 9.4641   459
 9.4741   409
 9.4841   448
 9.4941   471
 9.5041   495
 9.5141   512
 9.5241   507
 9.5341   534
 9.5441   501
 9.5541   540
 9.5641   559
 9.5741   614
 9.5841   663
 9.5941   676
 9.6041   739
 9.6141   774
 9.6241   809
 9.6341   829
 9.6441   888
 9.6541   868
 9.6641   884
 9.6741   912
 9.6841   854
 9.6941   841
 9.7041   804
 9.7141   770
 9.7241   717
 9.7341   657
 9.7441   638
 9.7541   550
 9.7641   530
 9.7741   498
 9.7841   470
 9.7941   430
 9.8041   416
 9.8141   394
 9.8241   387
 9.8341   349
 9.8441   344
 9.8541   337
 9.8641   353
 9.8741   340
 9.8841   365
 9.8941   388
 9.9041   362
 9.9141   385
 9.9241   416
 9.9341   443
 9.9441   394
 9.9541   396
 9.9641   419
 9.9741   421
 9.9841   367
 9.9941   334
10.0041   353
10.0141   337
10.0241   325
10.0341   280
10.0441   230
10.0541   204
10.0641   197
10.0741   178
10.0841   149
10.0941   138
10.1041   132
10.1141   125
10.1241   112
10.1341    83
10.1441    88
10.1541    84
10.1641    93
10.1741    85
10.1841    80
10.1941    78
10.2041    73
10.2141    65
10.2241    67
10.2341    73
10.2441    63
10.2541    62
10.2641    69
10.2741    60
10.2841    64
10.2941    56
10.3041    57
10.3141    59
10.3241    54
10.3341    57
10.3441    52
10.3541    52
10.3641    47
10.3741    45
10.3841    61
10.3941    56
10.4041    43
10.4141    49
10.4241    49
10.4341    51
10.4441    50
10.4541    48
10.4641    45
10.4741    46
10.4841    49
10.4941    54
10.5041    58
10.5141    63
10.5241    54
10.5341    48
10.5441    44
10.5541    55
10.5641    59
10.5741    51
10.5841    51
10.5941    63
10.6041    65
10.6141    62
10.6241    57
10.6341    53
10.6441    61
10.6541    68
10.6641    58
10.6741    62
10.6841    58
10.6941    57
10.7041    66
10.7141    64
10.7241    72
10.7341    83
10.7441    82
10.7541    81
10.7641    75
10.7741    73
10.7841    78
10.7941    84
10.8041    87
10.8141    90
10.8241    84
10.8341    94
10.8441    95
10.8541    90
10.8641    84
10.8741    83
10.8841    94
10.8941    86
10.9041    91
10.9141    88
10.9241    84
10.9341    87
10.9441    89
10.9541    88
10.9641    88
10.9741    82
10.9841    88
10.9941    86
11.0041    78
11.0141    83
11.0241    82
11.0341    81
11.0441    65
11.0541    69
11.0641    76
11.0741    79
11.0841    82
11.0941    79
11.1041    77
11.1141    79
11.1241    80
11.1341    74
11.1441    90
11.1541    94
11.1641    97
11.1741    91
11.1841    92
11.1941   104
11.2041   100
11.2141   107
11.2241   118
11.2341   111
11.2441   117
11.2541   121
11.2641   122
11.2741   122
11.2841   121
11.2941   122
11.3041   113
11.3141   118
11.3241   124
11.3341   124
11.3441   117
11.3541   102
11.3641   101
11.3741    96
11.3841    74
11.3941    83
11.4041    79
11.4141    75
11.4241    77
11.4341    66
11.4441    57
11.4541    68
11.4641    69
11.4741    65
11.4841    59
11.4941    62
11.5041    69
11.5141    67
11.5241    59
11.5341    54
11.5441    62
11.5541    73
11.5641    61
11.5741    58
11.5841    75
11.5941    82
11.6041    71
11.6141    72
11.6241    68
11.6341    61
11.6441    57
11.6541    57
11.6641    64
11.6741    64
11.6841    62
11.6941    73
11.7041    71
11.7141    61
11.7241    51
11.7341    46
11.7441    48
11.7541    54
11.7641    51
11.7741    47
11.7841    53
11.7941    54
11.8041    50
11.8141    59
11.8241    52
11.8341    46
11.8441    49
11.8541    45
11.8641    51
11.8741    45
11.8841    36
11.8941    38
11.9041    38
11.9141    44
11.9241    50
11.9341    50
11.9441    44
11.9541    46
11.9641    48
11.9741    51
11.9841    45
11.9941    49
12.0041    51
12.0141    40
12.0241    48
12.0341    45
12.0441    43
12.0541    52
12.0641    59
12.0741    51
12.0841    41
12.0941    47
12.1041    40
12.1141    49
12.1241    49
12.1341    53
12.1441    48
12.1541    41
12.1641    46
12.1741    44
12.1841    55
12.1941    53
12.2041    48
12.2141    50
12.2241    45
12.2341    51
12.2441    51
12.2541    45
12.2641    46
12.2741    50
12.2841    49
12.2941    42
12.3041    41
12.3141    49
12.3241    56
12.3341    55
12.3441    54
12.3541    52
12.3641    54
12.3741    45
12.3841    44
12.3941    45
12.4041    47
12.4141    55
12.4241    45
12.4341    40
12.4441    51
12.4541    50
12.4641    47
12.4741    45
12.4841    52
12.4941    45
12.5041    43
12.5141    43
12.5241    41
12.5341    51
12.5441    50
12.5541    43
12.5641    49
12.5741    52
12.5841    52
12.5941    53
12.6041    49
12.6141    43
12.6241    44
12.6341    41
12.6441    49
12.6541    49
12.6641    42
12.6741    52
12.6841    58
12.6941    54
12.7041    52
12.7141    49
12.7241    53
12.7341    50
12.7441    51
12.7541    51
12.7641    44
12.7741    47
12.7841    51
12.7941    51
12.8041    53
12.8141    48
12.8241    45
12.8341    48
12.8441    51
12.8541    52
12.8641    54
12.8741    50
12.8841    46
12.8941    50
12.9041    50
12.9141    50
12.9241    52
12.9341    54
12.9441    64
12.9541    62
12.9641    51
12.9741    53
12.9841    60
12.9941    56
13.0041    59
13.0141    59
13.0241    50
13.0341    53
13.0441    56
13.0541    54
13.0641    56
13.0741    52
13.0841    55
13.0941    63
13.1041    63
13.1141    57
13.1241    57
13.1341    63
13.1441    58
13.1541    52
13.1641    54
13.1741    62
13.1841    63
13.1941    60
13.2041    61
13.2141    60
13.2241    56
13.2341    58
13.2441    63
13.2541    59
13.2641    54
13.2741    54
13.2841    59
13.2941    60
13.3041    62
13.3141    66
13.3241    54
13.3341    59
13.3441    63
13.3541    54
13.3641    63
13.3741    69
13.3841    72
13.3941    72
13.4041    72
13.4141    74
13.4241    64
13.4341    58
13.4441    57
13.4541    58
13.4641    65
13.4741    59
13.4841    64
13.4941    69
13.5041    62
13.5141    62
13.5241    55
13.5341    60
13.5441    71
13.5541    70
13.5641    65
13.5741    68
13.5841    73
13.5941    62
13.6041    59
13.6141    61
13.6241    58
13.6341    60
13.6441    70
13.6541    68
13.6641    55
13.6741    63
13.6841    68
13.6941    67
13.7041    67
13.7141    65
13.7241    62
13.7341    68
13.7441    75
13.7541    63
13.7641    61
13.7741    65
13.7841    71
13.7941    76
13.8041    71
13.8141    62
13.8241    61
13.8341    66
13.8441    64
13.8541    69
13.8641    82
13.8741    82
13.8841    73
13.8941    66
13.9041    67
13.9141    76
13.9241    70
13.9341    67
13.9441    75
13.9541    81
13.9641    69
13.9741    58
13.9841    69
13.9941    66
14.0041    62
14.0141    65
14.0241    66
14.0341    67
14.0441    70
14.0541    75
14.0641    70
14.0741    74
14.0841    80
14.0941    80
14.1041    78
14.1141    77
14.1241    85
14.1341    89
14.1441    84
14.1541    79
14.1641    80
14.1741    85
14.1841    80
14.1941    71
14.2041    71
14.2141    75
14.2241    90
14.2341    96
14.2441    80
14.2541    78
14.2641    83
14.2741    82
14.2841    82
14.2941    84
14.3041    88
14.3141    82
14.3241    83
14.3341    88
14.3441    87
14.3541    83
14.3641    76
14.3741    79
14.3841    83
14.3941    78
14.4041    73
14.4141    68
14.4241    77
14.4341    82
14.4441    75
14.4541    78
14.4641    76
14.4741    83
14.4841   101
14.4941    95
14.5041    79
14.5141    76
14.5241    72
14.5341    75
14.5441    81
14.5541    82
14.5641    79
14.5741    85
14.5841    85
14.5941    81
14.6041    91
14.6141    85
14.6241    81
14.6341    82
14.6441    79
14.6541    76
14.6641    74
14.6741    80
14.6841    88
14.6941    89
14.7041    79
14.7141    85
14.7241    78
14.7341    77
14.7441    88
14.7541    89
14.7641    89
14.7741    81
14.7841    86
14.7941    93
14.8041    88
14.8141    83
14.8241    86
14.8341   100
14.8441   101
14.8541    84
14.8641    78
14.8741    91
14.8841    85
14.8941    76
14.9041    90
14.9141   106
14.9241    96
14.9341    84
14.9441    85
14.9541    89
14.9641    88
14.9741    89
14.9841    81
14.9941    76
15.0041    90
15.0141    97
15.0241    88
15.0341    78
15.0441    83
15.0541    89
15.0641    87
15.0741    93
15.0841    92
15.0941    83
15.1041    97
15.1141    92
15.1241    91
15.1341    85
15.1441    91
15.1541    92
15.1641    79
15.1741    67
15.1841    76
15.1941    99
15.2041    90
15.2141    83
15.2241    95
15.2341    90
15.2441    77
15.2541    74
15.2641    81
15.2741    95
15.2841    94
15.2941    93
15.3041   101
15.3141    94
15.3241   100
15.3341    97
15.3441    91
15.3541    93
15.3641    86
15.3741    99
15.3841   103
15.3941    97
15.4041   100
15.4141    91
15.4241    90
15.4341    99
15.4441    87
15.4541    82
15.4641    87
15.4741    91
15.4841    87
15.4941    91
15.5041    97
15.5141   104
15.5241    92
15.5341    91
15.5441    90
15.5541    89
15.5641    95
15.5741   105
15.5841   108
15.5941   113
15.6041   101
15.6141   103
15.6241   101
15.6341   108
15.6441   120
15.6541   123
15.6641   128
15.6741   124
15.6841   105
15.6941   100
15.7041   111
15.7141   120
15.7241   113
15.7341   117
15.7441   108
15.7541   122
15.7641   139
15.7741   130
15.7841   117
15.7941   105
15.8041   109
15.8141   109
15.8241   100
15.8341   109
15.8441   118
15.8541   106
15.8641   104
15.8741   110
15.8841   113
15.8941   115
15.9041   119
15.9141   110
15.9241    99
15.9341   109
15.9441   111
15.9541    98
15.9641   101
15.9741   105
15.9841   110
15.9941   109
16.0041   100
16.0141   100
16.0241   108
16.0341   109
16.0441   111
16.0541   117
16.0641   104
16.0741   100
16.0841   113
16.0941   126
16.1041   127
16.1141   114
16.1241   117
16.1341   111
16.1441   105
16.1541    94
16.1641    92
16.1741   101
16.1841   106
16.1941   111
16.2041    96
16.2141   102
16.2241   110
16.2341    98
16.2441   107
16.2541   111
16.2641   121
16.2741   121
16.2841   111
16.2941   115
16.3041   114
16.3141   117
16.3241   122
16.3341   114
16.3441   113
16.3541   127
16.3641   108
16.3741   107
16.3841   103
16.3941   106
16.4041   106
16.4141   117
16.4241   113
16.4341   107
16.4441    98
16.4541   115
16.4641   118
16.4741   117
16.4841   122
16.4941   112
16.5041   122
16.5141   120
16.5241   102
16.5341   117
16.5441   107
16.5541   109
16.5641   120
16.5741   119
16.5841   112
16.5941   111
16.6041   112
16.6141   116
16.6241   117
16.6341   128
16.6441   137
16.6541   138
16.6641   132
16.6741   124
16.6841   131
16.6941   116
16.7041   120
16.7141   125
16.7241   122
16.7341   120
16.7441   119
16.7541   119
16.7641   115
16.7741   111
16.7841   124
16.7941   116
16.8041   123
16.8141   125
16.8241   109
16.8341   113
16.8441   125
16.8541   116
16.8641   121
16.8741   135
16.8841   129
16.8941   128
16.9041   120
16.9141   125
16.9241   125
16.9341   123
16.9441   131
16.9541   130
16.9641   131
16.9741   123
16.9841   113
16.9941   129
17.0041   113
17.0141   111
17.0241   121
17.0341   124
17.0441   129
17.0541   130
17.0641   131
17.0741   124
17.0841   133
17.0941   133
17.1041   129
17.1141   129
17.1241   113
17.1341   128
17.1441   134
17.1541   118
17.1641   121
17.1741   120
17.1841   136
17.1941   132
17.2041   131
17.2141   121
17.2241   117
17.2341   135
17.2441   132
17.2541   133
17.2641   141
17.2741   145
17.2841   150
17.2941   151
17.3041   133
17.3141   136
17.3241   141
17.3341   148
17.3441   145
17.3541   147
17.3641   153
17.3741   151
17.3841   156
17.3941   155
17.4041   149
17.4141   156
17.4241   158
17.4341   158
17.4441   153
17.4541   127
17.4641   153
17.4741   148
17.4841   155
17.4941   152
17.5041   160
17.5141   161
17.5241   147
17.5341   151
17.5441   143
17.5541   148
17.5641   157
17.5741   148
17.5841   141
17.5941   140
17.6041   140
17.6141   141
17.6241   151
17.6341   145
17.6441   147
17.6541   146
17.6641   139
17.6741   144
17.6841   134
17.6941   136
17.7041   142
17.7141   132
17.7241   127
17.7341   129
17.7441   134
17.7541   134
17.7641   149
17.7741   151
17.7841   140
17.7941   129
17.8041   136
17.8141   139
17.8241   135
17.8341   144
17.8441   132
17.8541   133
17.8641   125
17.8741   149
17.8841   155
17.8941   160
17.9041   147
17.9141   125
17.9241   129
17.9341   135
17.9441   133
17.9541   133
17.9641   151
17.9741   146
17.9841   150
17.9941   137
18.0041   148
18.0141   138
18.0241   137
18.0341   145
18.0441   137
18.0541   153
18.0641   142
18.0741   141
18.0841   142
18.0941   147
18.1041   165
18.1141   139
18.1241   144
18.1341   140
18.1441   141
18.1541   126
18.1641   130
18.1741   152
18.1841   145
18.1941   133
18.2041   129
18.2141   142
18.2241   152
18.2341   136
18.2441   158
18.2541   142
18.2641   135
18.2741   151
18.2841   141
18.2941   137
18.3041   134
18.3141   147
18.3241   149
18.3341   165
18.3441   152
18.3541   146
18.3641   142
18.3741   138
18.3841   137
18.3941   155
18.4041   138
18.4141   130
18.4241   141
18.4341   161
18.4441   171
18.4541   149
18.4641   159
18.4741   159
18.4841   137
18.4941   138
18.5041   156
18.5141   159
18.5241   150
18.5341   153
18.5441   142
18.5541   138
18.5641   159
18.5741   150
18.5841   134
18.5941   152
18.6041   152
18.6141   152
18.6241   149
18.6341   148
18.6441   138
18.6541   149
18.6641   154
18.6741   147
18.6841   151
18.6941   136
18.7041   146
18.7141   156
18.7241   157
18.7341   152
18.7441   142
18.7541   156
18.7641   148
18.7741   142
18.7841   145
18.7941   143
18.8041   155
18.8141   158
18.8241   167
18.8341   159
18.8441   117
18.8541   141
18.8641   160
18.8741   180
18.8841   161
18.8941   139
18.9041   161
18.9141   137
18.9241   151
18.9341   152
18.9441   173
18.9541   138
18.9641   150
18.9741   155
18.9841   150
18.9941   167
19.0041   158
19.0141   148
19.0241   173
19.0341   178
19.0441   169
19.0541   141
19.0641   157
19.0741   161
19.0841   150
19.0941   145
19.1041   142
19.1141   139
19.1241   168
19.1341   169
19.1441   131
19.1541   148
19.1641   147
19.1741   144
19.1841   154
19.1941   159
19.2041   153
19.2141   160
19.2241   146
19.2341   153
19.2441   172
19.2541   162
19.2641   174
19.2741   149
19.2841   164
19.2941   161
19.3041   157
19.3141   143
19.3241   162
19.3341   165
19.3441   164
19.3541   158
19.3641   138
19.3741   168
19.3841   155
19.3941   143
19.4041   170
19.4141   152
19.4241   176
19.4341   179
19.4441   161
19.4541   164
19.4641   157
19.4741   167
19.4841   161
19.4941   167
19.5041   147
19.5141   155
19.5241   163
19.5341   181
19.5441   176
19.5541   174
19.5641   158
19.5741   161
19.5841   155
19.5941   143
19.6041   147
19.6141   158
19.6241   155
19.6341   161
19.6441   148
19.6541   165
19.6641   147
19.6741   167
19.6841   176
19.6941   159
19.7041   169
19.7141   169
19.7241   170
19.7341   158
19.7441   160
19.7541   164
19.7641   157
19.7741   158
19.7841   160
19.7941   164
19.8041   168
19.8141   161
19.8241   150
19.8341   165
19.8441   151
19.8541   158
19.8641   164
19.8741   156
19.8841   164
19.8941   145
19.9041   162
19.9141   158
19.9241   170
19.9341   174
19.9441   168
19.9541   156
19.9641   177
19.9741   153
19.9841   141
19.9941   169
20.0041   176
20.0141   182
20.0241   173
20.0341   187
20.0441   160
20.0541   168
20.0641   170
20.0741   170
20.0841   165
20.0941   167
20.1041   159
20.1141   157
20.1241   153
20.1341   159
20.1441   182
20.1541   183
20.1641   179
20.1741   172
20.1841   164
20.1941   180
20.2041   159
20.2141   168
20.2241   160
20.2341   168
20.2441   144
20.2541   158
20.2641   187
20.2741   173
20.2841   159
20.2941   146
20.3041   158
20.3141   170
20.3241   153
20.3341   155
20.3441   145
20.3541   156
20.3641   153
20.3741   168
20.3841   184
20.3941   154
20.4041   168
20.4141   156
20.4241   168
20.4341   149
20.4441   178
20.4541   172
20.4641   160
20.4741   153
20.4841   153
20.4941   175
20.5041   174
20.5141   183
20.5241   168
20.5341   172
20.5441   170
20.5541   150
20.5641   164
20.5741   149
20.5841   160
20.5941   168
20.6041   157
20.6141   175
20.6241   162
20.6341   151
20.6441   184
20.6541   164
20.6641   160
20.6741   155
20.6841   181
20.6941   184
20.7041   157
20.7141   174
20.7241   168
20.7341   166
20.7441   172
20.7541   170
20.7641   149
20.7741   153
20.7841   154
20.7941   163
20.8041   185
20.8141   160
20.8241   165
20.8341   160
20.8441   179
20.8541   187
20.8641   180
20.8741   183
20.8841   170
20.8941   193
20.9041   180
20.9141   201
20.9241   215
20.9341   207
20.9441   222
20.9541   167
20.9641   195
20.9741   204
20.9841   212
20.9941   222
21.0041   213
21.0141   232
21.0241   218
21.0341   208
21.0441   224
21.0541   226
21.0641   264
21.0741   236
21.0841   245
21.0941   220
21.1041   259
21.1141   257
21.1241   239
21.1341   261
21.1441   261
21.1541   253
21.1641   257
21.1741   288
21.1841   243
21.1941   229
21.2041   238
21.2141   208
21.2241   233
21.2341   219
21.2441   226
21.2541   237
21.2641   220
21.2741   218
21.2841   198
21.2941   182
21.3041   203
21.3141   208
21.3241   204
21.3341   206
21.3441   201
21.3541   179
21.3641   167
21.3741   169
21.3841   180
21.3941   158
21.4041   159
21.4141   167
21.4241   182
21.4341   157
21.4441   167
21.4541   181
21.4641   174
21.4741   155
21.4841   172
21.4941   143
21.5041   181
21.5141   177
21.5241   167
21.5341   163
21.5441   183
21.5541   150
21.5641   162
21.5741   181
21.5841   162
21.5941   165
21.6041   167
21.6141   166
21.6241   162
21.6341   166
21.6441   163
21.6541   158
21.6641   215
21.6741   183
21.6841   161
21.6941   191
21.7041   173
21.7141   169
21.7241   174
21.7341   158
21.7441   180
21.7541   168
21.7641   160
21.7741   170
21.7841   162
21.7941   168
21.8041   176
21.8141   196
21.8241   158
21.8341   185
21.8441   148
21.8541   174
21.8641   141
21.8741   194
21.8841   177
21.8941   158
21.9041   165
21.9141   151
21.9241   178
21.9341   182
21.9441   171
21.9541   154
21.9641   154
21.9741   157
21.9841   150
21.9941   141
22.0041   170
22.0141   162
22.0241   178
22.0341   147
22.0441   160
22.0541   156
22.0641   169
22.0741   163
22.0841   155
22.0941   168
22.1041   170
22.1141   149
22.1241   161
22.1341   154
22.1441   150
22.1541   156
22.1641   160
22.1741   176
22.1841   141
22.1941   166
22.2041   170
22.2141   162
22.2241   164
22.2341   155
22.2441   156
22.2541   161
22.2641   152
22.2741   154
22.2841   171
22.2941   142
22.3041   165
22.3141   168
22.3241   170
22.3341   183
22.3441   174
22.3541   154
22.3641   179
22.3741   178
22.3841   167
22.3941   173
22.4041   173
22.4141   164
22.4241   177
22.4341   161
22.4441   184
22.4541   183
22.4641   170
22.4741   149
22.4841   145
22.4941   157
22.5041   175
22.5141   175
22.5241   158
22.5341   170
22.5441   165
22.5541   158
22.5641   160
22.5741   160
22.5841   157
22.5941   169
22.6041   181
22.6141   162
22.6241   174
22.6341   165
22.6441   184
22.6541   160
22.6641   173
22.6741   160
22.6841   178
22.6941   162
22.7041   177
22.7141   165
22.7241   152
22.7341   177
22.7441   166
22.7541   153
22.7641   185
22.7741   166
22.7841   179
22.7941   151
22.8041   166
22.8141   175
22.8241   161
22.8341   159
22.8441   138
22.8541   156
22.8641   164
22.8741   163
22.8841   169
22.8941   172
22.9041   154
22.9141   144
22.9241   144
22.9341   177
22.9441   163
22.9541   172
22.9641   164
22.9741   162
22.9841   174
22.9941   172
23.0041   184
23.0141   171
23.0241   129
23.0341   131
23.0441   164
23.0541   156
23.0641   156
23.0741   153
23.0841   167
23.0941   155
23.1041   170
23.1141   154
23.1241   174
23.1341   161
23.1441   148
23.1541   144
23.1641   163
23.1741   161
23.1841   154
23.1941   189
23.2041   152
23.2141   167
23.2241   162
23.2341   177
23.2441   165
23.2541   155
23.2641   174
23.2741   142
23.2841   177
23.2941   173
23.3041   168
23.3141   151
23.3241   172
23.3341   159
23.3441   176
23.3541   186
23.3641   142
23.3741   176
23.3841   159
23.3941   171
23.4041   144
23.4141   155
23.4241   174
23.4341   145
23.4441   141
23.4541   163
23.4641   178
23.4741   162
23.4841   149
23.4941   164
23.5041   151
23.5141   165
23.5241   149
23.5341   156
23.5441   149
23.5541   146
23.5641   163
23.5741   143
23.5841   144
23.5941   140
23.6041   158
23.6141   154
23.6241   144
23.6341   169
23.6441   173
23.6541   142
23.6641   177
23.6741   170
23.6841   160
23.6941   168
23.7041   155
23.7141   187
23.7241   172
23.7341   163
23.7441   168
23.7541   177
23.7641   163
23.7741   177
23.7841   170
23.7941   170
23.8041   153
23.8141   156
23.8241   153
23.8341   154
23.8441   159
23.8541   183
23.8641   173
23.8741   162
23.8841   160
23.8941   185
23.9041   176
23.9141   167
23.9241   177
23.9341   160
23.9441   170
23.9541   159
23.9641   150
23.9741   162
23.9841   136
23.9941   167
24.0041   166
24.0141   165
24.0241   152
24.0341   152
24.0441   151
24.0541   147
24.0641   151
24.0741   163
24.0841   143
24.0941   139
24.1041   151
24.1141   139
24.1241   145
24.1341   171
24.1441   141
24.1541   139
24.1641   174
24.1741   165
24.1841   149
24.1941   160
24.2041   147
24.2141   139
24.2241   161
24.2341   174
24.2441   152
24.2541   160
24.2641   169
24.2741   148
24.2841   159
24.2941   173
24.3041   161
24.3141   137
24.3241   155
24.3341   145
24.3441   167
24.3541   144
24.3641   163
24.3741   137
24.3841   177
24.3941   140
24.4041   169
24.4141   150
24.4241   129
24.4341   155
24.4441   157
24.4541   155
24.4641   150
24.4741   145
24.4841   166
24.4941   129
24.5041   142
24.5141   152
24.5241   152
24.5341   162
24.5441   133
24.5541   128
24.5641   164
24.5741   160
24.5841   147
24.5941   147
24.6041   141
24.6141   152
24.6241   161
24.6341   157
24.6441   143
24.6541   155
24.6641   156
24.6741   143
24.6841   145
24.6941   144
24.7041   165
24.7141   142
24.7241   157
24.7341   144
24.7441   155
24.7541   130
24.7641   125
24.7741   154
24.7841   125
24.7941   149
24.8041   169
24.8141   151
24.8241   147
24.8341   159
24.8441   167
24.8541   142
24.8641   140
24.8741   131
24.8841   142
24.8941   144
24.9041   138
24.9141   147
24.9241   138
24.9341   148
24.9441   120
24.9541   128
24.9641   146
24.9741   162
24.9841   131
24.9941   161
25.0041   162
25.0141   134
25.0241   140
25.0341   155
25.0441   136
25.0541   150
25.0641   116
25.0741   164
25.0841   152
25.0941   125
25.1041   160
25.1141   148
25.1241   154
25.1341   149
25.1441   146
25.1541   150
25.1641   176
25.1741   152
25.1841   150
25.1941   148
25.2041   152
25.2141   171
25.2241   125
25.2341   149
25.2441   149
25.2541   156
25.2641   143
25.2741   151
25.2841   157
25.2941   154
25.3041   149
25.3141   145
25.3241   144
25.3341   150
25.3441   150
25.3541   113
25.3641   153
25.3741   142
25.3841   114
25.3941   143
25.4041   161
25.4141   120
25.4241   133
25.4341   152
25.4441   129
25.4541   125
25.4641   120
25.4741   146
25.4841   133
25.4941   131
25.5041   145
25.5141   127
25.5241   132
25.5341   126
25.5441   144
25.5541   129
25.5641   132
25.5741   148
25.5841   138
25.5941   137
25.6041   135
25.6141   148
25.6241   120
25.6341   134
25.6441   131
25.6541   126
25.6641   129
25.6741   150
25.6841   151
25.6941   138
25.7041   129
25.7141   138
25.7241   110
25.7341   148
25.7441   137
25.7541   134
25.7641   126
25.7741   137
25.7841   114
25.7941   131
25.8041   138
25.8141   137
25.8241   133
25.8341   130
25.8441   149
25.8541   139
25.8641   116
25.8741   138
25.8841   142
25.8941   122
25.9041   130
25.9141   131
25.9241   137
25.9341   133
25.9441   124
25.9541   112
25.9641   143
25.9741   144
25.9841   128
25.9941   129
26.0041   134
26.0141   131
26.0241   131
26.0341   138
26.0441   125
26.0541   120
26.0641   141
26.0741   114
26.0841   126
26.0941   124
26.1041   114
26.1141   146
26.1241   108
26.1341   128
26.1441   115
26.1541   120
26.1641   107
26.1741   126
26.1841   150
26.1941   123
26.2041   123
26.2141   134
26.2241   121
26.2341   138
26.2441   122
26.2541   115
26.2641   126
26.2741   115
26.2841   127
26.2941   133
26.3041   130
26.3141   133
26.3241   118
26.3341   141
26.3441   128
26.3541   121
26.3641   127
26.3741   134
26.3841   114
26.3941   118
26.4041   120
26.4141   143
26.4241   118
26.4341   137
26.4441   145
26.4541   116
26.4641   119
26.4741   120
26.4841   134
26.4941   127
26.5041   102
26.5141   132
26.5241   129
26.5341   123
26.5441   126
26.5541   126
26.5641   122
26.5741   146
26.5841   125
26.5941   118
26.6041   132
26.6141   125
26.6241   120
26.6341   117
26.6441    98
26.6541   131
26.6641   121
26.6741   115
26.6841   126
26.6941   141
26.7041   148
26.7141   113
26.7241   126
26.7341   121
26.7441   125
26.7541   117
26.7641   107
26.7741   107
26.7841   123
26.7941   118
26.8041   138
26.8141   118
26.8241   112
26.8341   120
26.8441   116
26.8541   116
26.8641   130
26.8741   146
26.8841   107
26.8941   109
26.9041   132
26.9141   116
26.9241   131
26.9341   108
26.9441   130
26.9541   121
26.9641   119
26.9741   118
26.9841   126
26.9941   118
27.0041   106
27.0141   121
27.0241   114
27.0341   103
27.0441   110
27.0541   122
27.0641   103
27.0741    99
27.0841   117
27.0941   137
27.1041   106
27.1141   122
27.1241   118
27.1341   141
27.1441   115
27.1541   116
27.1641   102
27.1741   115
27.1841   109
27.1941   117
27.2041   133
27.2141   115
27.2241   111
27.2341   111
27.2441   106
27.2541   120
27.2641   120
27.2741   113
27.2841   127
27.2941   112
27.3041   118
27.3141   115
27.3241   108
27.3341   115
27.3441   114
27.3541   104
27.3641   117
27.3741   126
27.3841   116
27.3941   100
27.4041    93
27.4141   104
27.4241   139
27.4341   140
27.4441   120
27.4541   110
27.4641   114
27.4741   111
27.4841   110
27.4941   110
27.5041   107
27.5141   121
27.5241   127
27.5341   117
27.5441   104
27.5541   111
27.5641   101
27.5741   100
27.5841   116
27.5941   113
27.6041   118
27.6141   121
27.6241   108
27.6341    91
27.6441   105
27.6541   115
27.6641   108
27.6741   123
27.6841   110
27.6941    94
27.7041   117
27.7141   119
27.7241   118
27.7341   119
27.7441   104
27.7541   121
27.7641   124
27.7741    87
27.7841    95
27.7941   101
27.8041   100
27.8141   101
27.8241   107
27.8341   100
27.8441    96
27.8541   112
27.8641   113
27.8741   115
27.8841   105
27.8941   117
27.9041   113
27.9141   117
27.9241    98
27.9341   102
27.9441   109
27.9541    94
27.9641   109
27.9741   114
27.9841    97
27.9941   102
28.0041   119
28.0141   105
28.0241    97
28.0341   101
28.0441   101
28.0541   126
28.0641   106
28.0741   110
28.0841   111
28.0941    97
28.1041   111
28.1141    84
28.1241    95
28.1341   106
28.1441    99
28.1541    86
28.1641   106
28.1741   108
28.1841    95
28.1941   112
28.2041    92
28.2141   112
28.2241   108
28.2341   100
28.2441   104
28.2541    95
28.2641   103
28.2741   107
28.2841    98
28.2941    94
28.3041   110
28.3141   106
28.3241   105
28.3341    84
28.3441   101
28.3541   104
28.3641   120
28.3741   116
28.3841    96
28.3941   114
28.4041    93
28.4141    90
28.4241    97
28.4341   112
28.4441    96
28.4541    96
28.4641   101
28.4741    93
28.4841    97
28.4941    97
28.5041    92
28.5141    92
28.5241    80
28.5341   101
28.5441   112
28.5541   105
28.5641   106
28.5741   116
28.5841   105
28.5941   101
28.6041   105
28.6141    94
28.6241   101
28.6341    97
28.6441    93
28.6541    81
28.6641    99
28.6741   112
28.6841    97
28.6941    98
28.7041    98
28.7141   109
28.7241   117
28.7341    84
28.7441    96
28.7541   105
28.7641    96
28.7741    93
28.7841    78
28.7941    98
28.8041    90
28.8141   103
28.8241   103
28.8341   124
28.8441    92
28.8541    92
28.8641    90
28.8741    93
28.8841    87
28.8941    88
28.9041   106
28.9141    84
28.9241    93
28.9341    90
28.9441    97
28.9541    93
28.9641    98
28.9741    94
28.9841    92
28.9941    83
29.0041    83
29.0141    80
29.0241    98
29.0341    92
29.0441    90
29.0541    85
29.0641    89
29.0741    84
29.0841    93
29.0941    89
29.1041   104
29.1141    89
29.1241    85
29.1341    95
29.1441   117
29.1541    97
29.1641    83
29.1741    77
29.1841    79
29.1941    96
29.2041    99
29.2141   101
29.2241    80
29.2341    80
29.2441    96
29.2541    81
29.2641    97
29.2741   104
29.2841    97
29.2941    83
29.3041    89
29.3141    72
29.3241    75
29.3341    82
29.3441    81
29.3541    72
29.3641    79
29.3741    91
29.3841   103
29.3941    83
29.4041    90
29.4141   104
29.4241    89
29.4341    97
29.4441    93
29.4541    90
29.4641    96
29.4741    98
29.4841    93
29.4941    81
29.5041    78
29.5141    84
29.5241    88
29.5341    84
29.5441    79
29.5541    75
29.5641    84
29.5741    76
29.5841   102
29.5941    91
29.6041    99
29.6141    87
29.6241    92
29.6341    73
29.6441   100
29.6541   100
29.6641    98
29.6741    90
29.6841    85
29.6941    76
29.7041    92
29.7141    81
29.7241    75
29.7341    96
29.7441    90
29.7541    65
29.7641    69
29.7741    98
29.7841    90
29.7941    79
29.8041    84
29.8141    84
29.8241    85
29.8341    86
29.8441    76
29.8541    92
29.8641    76
29.8741    86
29.8841    82
29.8941    91
29.9041   101
29.9141    89
29.9241    71
29.9341    86
29.9441    93
29.9541    91
29.9641    98
29.9741    81
29.9841    85
29.9941    72
30.0041    74
30.0141    66
30.0241    76
30.0341    71
30.0441    84
30.0541    91
30.0641    79
30.0741    80
30.0841    74
30.0941    75
30.1041    89
30.1141    73
30.1241    82
30.1341    67
30.1441    72
30.1541    79
30.1641    88
30.1741    72
30.1841    79
30.1941    68
30.2041    85
30.2141    69
30.2241    77
30.2341    63
30.2441    71
30.2541    65
30.2641    80
30.2741    73
30.2841    83
30.2941    71
30.3041    88
30.3141    86
30.3241    81
30.3341    81
30.3441    81
30.3541    95
30.3641    81
30.3741    78
30.3841    72
30.3941    70
30.4041    82
30.4141    88
30.4241    71
30.4341    80
30.4441    77
30.4541    72
30.4641    71
30.4741    84
30.4841    73
30.4941    69
30.5041    73
30.5141    74
30.5241    60
30.5341    81
30.5441    66
30.5541    63
30.5641    71
30.5741    69
30.5841    57
30.5941    59
30.6041    63
30.6141    59
30.6241    65
30.6341    75
30.6441    81
30.6541    73
30.6641    66
30.6741    71
30.6841    72
30.6941    64
30.7041    66
30.7141    81
30.7241    77
30.7341    71
30.7441    80
30.7541    68
30.7641    73
30.7741    80
30.7841    87
30.7941    70
30.8041    63
30.8141    60
30.8241    77
30.8341    76
30.8441    72
30.8541    66
30.8641    67
30.8741    79
30.8841    56
30.8941    70
30.9041    68
30.9141    74
30.9241    77
30.9341    63
30.9441    60
30.9541    62
30.9641    71
30.9741    83
30.9841    72
30.9941    77
31.0041    55
31.0141    65
31.0241    76
31.0341    70
31.0441    72
31.0541    73
31.0641    88
31.0741    70
31.0841    63
31.0941    77
31.1041    77
31.1141    59
31.1241    72
31.1341    70
31.1441    87
31.1541    85
31.1641    65
31.1741    69
31.1841    60
31.1941    75
31.2041    62
31.2141    67
31.2241    77
31.2341    55
31.2441    77
31.2541    69
31.2641    65
31.2741    69
31.2841    51
31.2941    59
31.3041    67
31.3141    54
31.3241    71
31.3341    89
31.3441    57
31.3541    60
31.3641    57
31.3741    67
31.3841    62
31.3941    65
31.4041    59
31.4141    61
31.4241    61
31.4341    68
31.4441    46
31.4541    64
31.4641    69
31.4741    63
31.4841    69
31.4941    64
31.5041    58
31.5141    74
31.5241    65
31.5341    78
31.5441    66
31.5541    82
31.5641    59
31.5741    61
31.5841    66
31.5941    63
31.6041    56
31.6141    65
31.6241    51
31.6341    69
31.6441    64
31.6541    60
31.6641    56
31.6741    56
31.6841    72
31.6941    75
31.7041    78
31.7141    52
31.7241    68
31.7341    56
31.7441    62
31.7541    66
31.7641    73
31.7741    71
31.7841    66
31.7941    61
31.8041    66
31.8141    55
31.8241    75
31.8341    73
31.8441    72
31.8541    52
31.8641    54
31.8741    63
31.8841    53
31.8941    69
31.9041    51
31.9141    63
31.9241    57
31.9341    56
31.9441    46
31.9541    75
31.9641    64
31.9741    61
31.9841    70
31.9941    62
32.0041    69
32.0141    75
32.0241    73
32.0341    60
32.0441    62
32.0541    58
32.0641    56
32.0741    60
32.0841    52
32.0941    50
32.1041    57
32.1141    47
32.1241    53
32.1341    63
32.1441    68
32.1541    64
32.1641    65
32.1741    60
32.1841    52
32.1941    57
32.2041    51
32.2141    72
32.2241    60
32.2341    61
32.2441    60
32.2541    54
32.2641    65
32.2741    68
32.2841    62
32.2941    53
32.3041    66
32.3141    50
32.3241    48
32.3341    48
32.3441    67
32.3541    52
32.3641    59
32.3741    56
32.3841    60
32.3941    49
32.4041    49
32.4141    68
32.4241    60
32.4341    65
32.4441    61
32.4541    63
32.4641    58
32.4741    61
32.4841    56
32.4941    46
32.5041    59
32.5141    58
32.5241    58
32.5341    57
32.5441    44
32.5541    51
32.5641    48
32.5741    57
32.5841    59
32.5941    53
32.6041    49
32.6141    53
32.6241    59
32.6341    48
32.6441    49
32.6541    47
32.6641    48
32.6741    68
32.6841    59
32.6941    45
32.7041    55
32.7141    50
32.7241    55
32.7341    52
32.7441    53
32.7541    60
32.7641    44
32.7741    49
32.7841    54
32.7941    57
32.8041    46
32.8141    46
32.8241    53
32.8341    57
32.8441    56
32.8541    47
32.8641    54
32.8741    48
32.8841    45
32.8941    43
32.9041    50
32.9141    52
32.9241    57
32.9341    56
32.9441    45
32.9541    55
32.9641    46
32.9741    58
32.9841    48
32.9941    54
33.0041    50
33.0141    41
33.0241    54
33.0341    37
33.0441    51
33.0541    52
33.0641    51
33.0741    52
33.0841    46
33.0941    43
33.1041    64
33.1141    50
33.1241    51
33.1341    44
33.1441    44
33.1541    53
33.1641    53
33.1741    47
33.1841    46
33.1941    48
33.2041    41
33.2141    39
33.2241    48
33.2341    45
33.2441    48
33.2541    45
33.2641    46
33.2741    37
33.2841    35
33.2941    46
33.3041    48
33.3141    50
33.3241    48
33.3341    67
33.3441    52
33.3541    52
33.3641    50
33.3741    34
33.3841    37
33.3941    42
33.4041    43
33.4141    36
33.4241    44
33.4341    40
33.4441    61
33.4541    37
33.4641    40
33.4741    45
33.4841    41
33.4941    51
33.5041    36
33.5141    38
33.5241    37
33.5341    42
33.5441    35
33.5541    49
33.5641    51
33.5741    38
33.5841    50
33.5941    39
33.6041    33
33.6141    42
33.6241    51
33.6341    41
33.6441    42
33.6541    50
33.6641    51
33.6741    53
33.6841    40
33.6941    43
33.7041    36
33.7141    43
33.7241    35
33.7341    39
33.7441    53
33.7541    52
33.7641    35
33.7741    47
33.7841    45
33.7941    45
33.8041    40
33.8141    45
33.8241    46
33.8341    42
33.8441    43
33.8541    54
33.8641    51
33.8741    37
33.8841    53
33.8941    48
33.9041    47
33.9141    42
33.9241    42
33.9341    54
33.9441    36
33.9541    31
33.9641    49
33.9741    57
33.9841    58
33.9941    49
34.0041    46
34.0141    51
34.0241    46
34.0341    39
34.0441    43
34.0541    37
34.0641    35
34.0741    33
34.0841    39
34.0941    44
34.1041    38
34.1141    41
34.1241    49
34.1341    52
34.1441    44
34.1541    47
34.1641    44
34.1741    35
34.1841    43
34.1941    36
34.2041    43
34.2141    48
34.2241    47
34.2341    48
34.2441    42
34.2541    47
34.2641    44
34.2741    37
34.2841    46
34.2941    50
34.3041    41
34.3141    43
34.3241    45
34.3341    46
34.3441    42
34.3541    41
34.3641    33
34.3741    41
34.3841    39
34.3941    33
34.4041    38
34.4141    37
34.4241    34
34.4341    22
34.4441    51
34.4541    33
34.4641    38
34.4741    32
34.4841    40
34.4941    48
34.5041    38
34.5141    35
34.5241    42
34.5341    33
34.5441    34
34.5541    39
34.5641    32
34.5741    37
34.5841    41
34.5941    40
34.6041    37
34.6141    32
34.6241    38
34.6341    30
34.6441    33
34.6541    33
34.6641    31
34.6741    30
34.6841    33
34.6941    34
34.7041    44
34.7141    39
34.7241    36
34.7341    37
34.7441    42
34.7541    38
34.7641    34
34.7741    33
34.7841    37
34.7941    39
34.8041    37
34.8141    30
34.8241    38
34.8341    35
34.8441    45
34.8541    40
34.8641    39
34.8741    37
34.8841    44
34.8941    35
34.9041    36
34.9141    43
34.9241    36
34.9341    38
34.9441    31
34.9541    27
34.9641    32
34.9741    40
34.9841    29
34.9941    29
35.0041    33
35.0141    30
35.0241    47
35.0341    30
35.0441    36
35.0541    28
35.0641    43
35.0741    37
35.0841    37
35.0941    39
35.1041    37
35.1141    36
35.1241    26
35.1341    28
35.1441    33
35.1541    29
35.1641    34
35.1741    33
35.1841    38
35.1941    35
35.2041    28
35.2141    31
35.2241    38
35.2341    34
35.2441    37
35.2541    28
35.2641    27
35.2741    31
35.2841    29
35.2941    36
35.3041    28
35.3141    34
35.3241    37
35.3341    29
35.3441    35
35.3541    20
35.3641    24
35.3741    25
35.3841    21
35.3941    23
35.4041    19
35.4141    41
35.4241    33
35.4341    30
35.4441    28
35.4541    32
35.4641    37
35.4741    25
35.4841    39
35.4941    29
35.5041    35
35.5141    39
35.5241    30
35.5341    33
35.5441    25
35.5541    29
35.5641    30
35.5741    23
35.5841    40
35.5941    37
35.6041    29
35.6141    31
35.6241    34
35.6341    31
35.6441    23
35.6541    24
35.6641    36
35.6741    21
35.6841    29
35.6941    28
35.7041    23
35.7141    31
35.7241    30
35.7341    26
35.7441    30
35.7541    29
35.7641    37
35.7741    27
35.7841    41
35.7941    29
35.8041    30
35.8141    28
35.8241    22
35.8341    25
35.8441    31
35.8541    26
35.8641    34
35.8741    26
35.8841    25
35.8941    24
35.9041    24
35.9141    36
35.9241    37
35.9341    24
35.9441    24
35.9541    30
35.9641    30
35.9741    23
35.9841    23
35.9941    28
36.0041    27
36.0141    18
36.0241    37
36.0341    33
36.0441    27
36.0541    17
36.0641    32
36.0741    25
36.0841    21
36.0941    26
36.1041    32
36.1141    27
36.1241    26
36.1341    35
36.1441    27
36.1541    28
36.1641    27
36.1741    26
36.1841    26
36.1941    23
36.2041    23
36.2141    28
36.2241    35
36.2341    27
36.2441    23
36.2541    32
36.2641    24
36.2741    32
36.2841    30
36.2941    28
36.3041    18
36.3141    33
36.3241    29
36.3341    24
36.3441    31
36.3541    25
36.3641    33
36.3741    25
36.3841    24
36.3941    21
36.4041    32
36.4141    20
36.4241    23
36.4341    23
36.4441    19
36.4541    26
36.4641    22
36.4741    20
36.4841    28
36.4941    21
36.5041    24
36.5141    21
36.5241    26
36.5341    29
36.5441    25
36.5541    24
36.5641    28
36.5741    23
36.5841    21
36.5941    20
36.6041    27
36.6141    24
36.6241    23
36.6341    27
36.6441    18
36.6541    21
36.6641    26
36.6741    24
36.6841    24
36.6941    17
36.7041    25
36.7141    21
36.7241    17
36.7341    22
36.7441    20
36.7541    19
36.7641    19
36.7741    29
36.7841    20
36.7941    22
36.8041    18
36.8141    18
36.8241    15
36.8341    36
36.8441    20
36.8541    21
36.8641    18
36.8741    22
36.8841    26
36.8941    27
36.9041    27
36.9141    16
36.9241    21
36.9341    23
36.9441    17
36.9541    21
36.9641    16
36.9741    25
36.9841    18
36.9941    23
37.0041    22
37.0141    18
37.0241    27
37.0341    24
37.0441    18
37.0541    16
37.0641    18
37.0741    28
37.0841    18
37.0941    23
37.1041    22
37.1141    20
37.1241    29
37.1341    22
37.1441    19
37.1541    15
37.1641    22
37.1741    20
37.1841    17
37.1941    31
37.2041    23
37.2141    16
37.2241    28
37.2341    20
37.2441    11
37.2541    16
37.2641    22
37.2741    17
37.2841    26
37.2941    18
37.3041    25
37.3141    20
37.3241    22
37.3341    17
37.3441    18
37.3541    17
37.3641    27
37.3741    21
37.3841    22
37.3941    18
37.4041    20
37.4141    26
37.4241    23
37.4341    22
37.4441    21
37.4541    17
37.4641    15
37.4741     9
37.4841    16
37.4941    23
37.5041    20
37.5141    29
37.5241    22
37.5341    15
37.5441    24
37.5541    29
37.5641    16
37.5741    19
37.5841    24
37.5941    21
37.6041    16
37.6141    21
37.6241    13
37.6341    28
37.6441    13
37.6541    22
37.6641    14
37.6741    19
37.6841    21
37.6941    12
37.7041    22
37.7141    19
37.7241    23
37.7341    15
37.7441    20
37.7541    10
37.7641    20
37.7741    16
37.7841    13
37.7941    25
37.8041    21
37.8141    13
37.8241    21
37.8341    21
37.8441    29
37.8541    17
37.8641    24
37.8741    16
37.8841    12
37.8941    17
37.9041    16
37.9141    22
37.9241    16
37.9341    18
37.9441    17
37.9541     9
37.9641    15
37.9741    16
37.9841    11
37.9941    20
38.0041    24
38.0141    18
38.0241    15
38.0341    22
38.0441    11
38.0541    13
38.0641    11
38.0741    23
38.0841    18
38.0941    16
38.1041    10
38.1141    18
38.1241    20
38.1341    16
38.1441    22
38.1541    18
38.1641    20
38.1741    11
38.1841    18
38.1941    18
38.2041    12
38.2141    20
38.2241    17
38.2341    18
38.2441    14
38.2541    19
38.2641    13
38.2741    13
38.2841    21
38.2941    12
38.3041    22
38.3141    13
38.3241    30
38.3341    21
38.3441    13
38.3541    16
38.3641    18
38.3741    15
38.3841    16
38.3941    20
38.4041    19
38.4141    11
38.4241    16
38.4341    14
38.4441    21
38.4541    15
38.4641    20
38.4741    13
38.4841    17
38.4941    19
38.5041    16
38.5141     9
38.5241    11
38.5341    14
38.5441    15
38.5541    11
38.5641    13
38.5741    11
38.5841    20
38.5941    16
38.6041    16
38.6141    11
38.6241    15
38.6341    10
38.6441    15
38.6541    18
38.6641    15
38.6741    16
38.6841    14
38.6941    13
38.7041    16
38.7141    16
38.7241    19
38.7341    14
38.7441    13
38.7541    11
38.7641    18
38.7741    15
38.7841     5
38.7941    15
38.8041    14
38.8141    13
38.8241    18
38.8341    23
38.8441    14
38.8541    20
38.8641     9
38.8741    10
38.8841     9
38.8941     9
38.9041    12
38.9141    13
38.9241    15
38.9341    15
38.9441    19
38.9541    13
38.9641    11
38.9741    17
38.9841    10
38.9941    10
39.0041    12
39.0141    14
39.0241    15
39.0341    19
39.0441     7
39.0541    12
39.0641    12
39.0741    13
39.0841     9
39.0941    19
39.1041    10
39.1141    10
39.1241    18
39.1341     6
39.1441    10
39.1541    11
39.1641    12
39.1741    13
39.1841    10
39.1941    21
39.2041    16
39.2141    10
39.2241    12
39.2341     5
39.2441     8
39.2541     7
39.2641     9
39.2741    10
39.2841     6
39.2941    14
39.3041     5
39.3141    13
39.3241    10
39.3341    13
39.3441     9
39.3541    14
39.3641    14
39.3741     6
39.3841    11
39.3941     9
39.4041    12
39.4141     8
39.4241    15
39.4341     8
39.4441     8
39.4541    11
39.4641     9
39.4741    10
39.4841    17
39.4941    12
39.5041    10
39.5141    14
39.5241    15
39.5341     9
39.5441    12
39.5541    11
39.5641    10
39.5741    10
39.5841    13
39.5941    12
39.6041    12
39.6141     9
39.6241    12
39.6341     4
39.6441     6
39.6541     6
39.6641     7
39.6741    10
39.6841    11
39.6941    12
39.7041     7
39.7141     9
39.7241     5
39.7341     5
39.7441    12
39.7541    10
39.7641     6
39.7741     9
39.7841    11
39.7941    14
39.8041    10
39.8141     7
39.8241    14
39.8341    12
39.8441    14
39.8541    15
39.8641    10
39.8741     8
39.8841     7
39.8941     9
39.9041     9
39.9141    14
39.9241     8
39.9341    16
39.9441    10
39.9541    10
39.9641    11
39.9741    10
39.9841     5
39.9941     7
