Bruker Nano GmbH Berlin, Germany
Esprit 1.9

Date: 6/2/2021 1:10:15 PM
Real time: 5000
Life time: 4710
Pulse density: 85131


Detector type: XFlash 430
Window type: Custom type
Detector thickness: 0.45
Si dead layer:0.029

Calibration, lin.: 10
Calibration, abs.: -955.9
Mn FWHM: 137.05
Fano factor: 0.121
Channels: 4096

Energy Counts
-0.9559     0
-0.9459     0
-0.9359     0
-0.9259     0
-0.9159     0
-0.9059     0
-0.8959     0
-0.8859     0
-0.8759     0
-0.8659     0
-0.8559     0
-0.8459     0
-0.8359     0
-0.8259     0
-0.8159     0
-0.8059     0
-0.7959     0
-0.7859     0
-0.7759     0
-0.7659     0
-0.7559     0
-0.7459     0
-0.7359     0
-0.7259     0
-0.7159     0
-0.7059     0
-0.6959     0
-0.6859     0
-0.6759     0
-0.6659     0
-0.6559     0
-0.6459     0
-0.6359     0
-0.6259     0
-0.6159     0
-0.6059     0
-0.5959     0
-0.5859     0
-0.5759     0
-0.5659     0
-0.5559     0
-0.5459     0
-0.5359     0
-0.5259     0
-0.5159     0
-0.5059     0
-0.4959     0
-0.4859     0
-0.4759     0
-0.4659     0
-0.4559     0
-0.4459     0
-0.4359     0
-0.4259     0
-0.4159     0
-0.4059     0
-0.3959     0
-0.3859     0
-0.3759     0
-0.3659     0
-0.3559     0
-0.3459     0
-0.3359     0
-0.3259     0
-0.3159     0
-0.3059     0
-0.2959     0
-0.2859     0
-0.2759     0
-0.2659     0
-0.2559     0
-0.2459     0
-0.2359     0
-0.2259     0
-0.2159     0
-0.2059     0
-0.1959     0
-0.1859     0
-0.1759     0
-0.1659     0
-0.1559     0
-0.1459     0
-0.1359     0
-0.1259     0
-0.1159     0
-0.1059     2
-0.0959    10
-0.0859    60
-0.0759   178
-0.0659   548
-0.0559  1272
-0.0459  2959
-0.0359  5543
-0.0259  9097
-0.0159 12260
-0.0059 14544
 0.0041 14619
 0.0141 12358
 0.0241  9289
 0.0341  5819
 0.0441  3194
 0.0541  1439
 0.0641   594
 0.0741   209
 0.0841    65
 0.0941    16
 0.1041     3
 0.1141     0
 0.1241     3
 0.1341     1
 0.1441     0
 0.1541     0
 0.1641     0
 0.1741     0
 0.1841    35
 0.1941    61
 0.2041    68
 0.2141    73
 0.2241    57
 0.2341    69
 0.2441    75
 0.2541    76
 0.2641    75
 0.2741    73
 0.2841    68
 0.2941    48
 0.3041    61
 0.3141    53
 0.3241    68
 0.3341    57
 0.3441    68
 0.3541    61
 0.3641    64
 0.3741    61
 0.3841    53
 0.3941    58
 0.4041    63
 0.4141    53
 0.4241    56
 0.4341    60
 0.4441    58
 0.4541    49
 0.4641    44
 0.4741    58
 0.4841    51
 0.4941    54
 0.5041    57
 0.5141    55
 0.5241    55
 0.5341    54
 0.5441    56
 0.5541    58
 0.5641    56
 0.5741    55
 0.5841    58
 0.5941    55
 0.6041    42
 0.6141    46
 0.6241    50
 0.6341    49
 0.6441    51
 0.6541    54
 0.6641    51
 0.6741    55
 0.6841    49
 0.6941    44
 0.7041    54
 0.7141    58
 0.7241    56
 0.7341    53
 0.7441    44
 0.7541    43
 0.7641    56
 0.7741    53
 0.7841    47
 0.7941    46
 0.8041    40
 0.8141    49
 0.8241    54
 0.8341    48
 0.8441    41
 0.8541    52
 0.8641    54
 0.8741    50
 0.8841    48
 0.8941    44
 0.9041    43
 0.9141    46
 0.9241    44
 0.9341    53
 0.9441    53
 0.9541    46
 0.9641    40
 0.9741    40
 0.9841    41
 0.9941    48
 1.0041    52
 1.0141    41
 1.0241    42
 1.0341    40
 1.0441    42
 1.0541    46
 1.0641    45
 1.0741    41
 1.0841    36
 1.0941    43
 1.1041    49
 1.1141    34
 1.1241    34
 1.1341    40
 1.1441    33
 1.1541    40
 1.1641    40
 1.1741    39
 1.1841    41
 1.1941    44
 1.2041    34
 1.2141    43
 1.2241    46
 1.2341    39
 1.2441    38
 1.2541    39
 1.2641    38
 1.2741    36
 1.2841    35
 1.2941    28
 1.3041    39
 1.3141    45
 1.3241    44
 1.3341    42
 1.3441    38
 1.3541    35
 1.3641    33
 1.3741    47
 1.3841    35
 1.3941    38
 1.4041    38
 1.4141    42
 1.4241    35
 1.4341    42
 1.4441    46
 1.4541    48
 1.4641    30
 1.4741    35
 1.4841    37
 1.4941    30
 1.5041    36
 1.5141    35
 1.5241    33
 1.5341    40
 1.5441    44
 1.5541    31
 1.5641    37
 1.5741    43
 1.5841    44
 1.5941    38
 1.6041    37
 1.6141    40
 1.6241    35
 1.6341    43
 1.6441    49
 1.6541    54
 1.6641    68
 1.6741    68
 1.6841    91
 1.6941   111
 1.7041   126
 1.7141   149
 1.7241   158
 1.7341   149
 1.7441   172
 1.7541   172
 1.7641   142
 1.7741   140
 1.7841   107
 1.7941    77
 1.8041    63
 1.8141    58
 1.8241    62
 1.8341    38
 1.8441    37
 1.8541    43
 1.8641    41
 1.8741    42
 1.8841    38
 1.8941    46
 1.9041    44
 1.9141    28
 1.9241    35
 1.9341    34
 1.9441    36
 1.9541    41
 1.9641    57
 1.9741    33
 1.9841    57
 1.9941    66
 2.0041    51
 2.0141    51
 2.0241    49
 2.0341    50
 2.0441    32
 2.0541    40
 2.0641    47
 2.0741    50
 2.0841    44
 2.0941    33
 2.1041    39
 2.1141    31
 2.1241    32
 2.1341    35
 2.1441    41
 2.1541    36
 2.1641    35
 2.1741    29
 2.1841    27
 2.1941    47
 2.2041    40
 2.2141    33
 2.2241    38
 2.2341    38
 2.2441    28
 2.2541    32
 2.2641    26
 2.2741    34
 2.2841    38
 2.2941    38
 2.3041    36
 2.3141    30
 2.3241    38
 2.3341    35
 2.3441    40
 2.3541    35
 2.3641    35
 2.3741    37
 2.3841    31
 2.3941    43
 2.4041    29
 2.4141    22
 2.4241    37
 2.4341    37
 2.4441    34
 2.4541    30
 2.4641    28
 2.4741    30
 2.4841    31
 2.4941    25
 2.5041    19
 2.5141    33
 2.5241    26
 2.5341    30
 2.5441    37
 2.5541    21
 2.5641    32
 2.5741    35
 2.5841    30
 2.5941    19
 2.6041    29
 2.6141    32
 2.6241    28
 2.6341    37
 2.6441    28
 2.6541    32
 2.6641    28
 2.6741    40
 2.6841    24
 2.6941    28
 2.7041    38
 2.7141    22
 2.7241    29
 2.7341    38
 2.7441    30
 2.7541    33
 2.7641    28
 2.7741    36
 2.7841    36
 2.7941    33
 2.8041    27
 2.8141    35
 2.8241    44
 2.8341    30
 2.8441    28
 2.8541    26
 2.8641    37
 2.8741    29
 2.8841    25
 2.8941    36
 2.9041    26
 2.9141    21
 2.9241    20
 2.9341    25
 2.9441    31
 2.9541    26
 2.9641    28
 2.9741    28
 2.9841    31
 2.9941    26
 3.0041    26
 3.0141    22
 3.0241    25
 3.0341    25
 3.0441    18
 3.0541    26
 3.0641    37
 3.0741    17
 3.0841    35
 3.0941    32
 3.1041    20
 3.1141    29
 3.1241    29
 3.1341    27
 3.1441    19
 3.1541    22
 3.1641    24
 3.1741    29
 3.1841    22
 3.1941    19
 3.2041    22
 3.2141    19
 3.2241    21
 3.2341    35
 3.2441    29
 3.2541    32
 3.2641    39
 3.2741    39
 3.2841    56
 3.2941    51
 3.3041    56
 3.3141    53
 3.3241    53
 3.3341    39
 3.3441    47
 3.3541    45
 3.3641    38
 3.3741    40
 3.3841    41
 3.3941    33
 3.4041    21
 3.4141    21
 3.4241    22
 3.4341    20
 3.4441    32
 3.4541    18
 3.4641    21
 3.4741    23
 3.4841    22
 3.4941    29
 3.5041    25
 3.5141    13
 3.5241    24
 3.5341    35
 3.5441    23
 3.5541    33
 3.5641    38
 3.5741    44
 3.5841    65
 3.5941    82
 3.6041   106
 3.6141   127
 3.6241   152
 3.6341   195
 3.6441   262
 3.6541   276
 3.6641   324
 3.6741   349
 3.6841   353
 3.6941   358
 3.7041   338
 3.7141   316
 3.7241   281
 3.7341   225
 3.7441   195
 3.7541   158
 3.7641   111
 3.7741    97
 3.7841    65
 3.7941    41
 3.8041    32
 3.8141    21
 3.8241    25
 3.8341    32
 3.8441    23
 3.8541    19
 3.8641    26
 3.8741    21
 3.8841    29
 3.8941    24
 3.9041    28
 3.9141    26
 3.9241    30
 3.9341    43
 3.9441    39
 3.9541    56
 3.9641    60
 3.9741    66
 3.9841    57
 3.9941    63
 4.0041    68
 4.0141    61
 4.0241    67
 4.0341    66
 4.0441    56
 4.0541    47
 4.0641    62
 4.0741    37
 4.0841    36
 4.0941    32
 4.1041    31
 4.1141    28
 4.1241    21
 4.1341    18
 4.1441    21
 4.1541    19
 4.1641    25
 4.1741    20
 4.1841    17
 4.1941    16
 4.2041    23
 4.2141    17
 4.2241    14
 4.2341    20
 4.2441    13
 4.2541    18
 4.2641    15
 4.2741    21
 4.2841    15
 4.2941    20
 4.3041    17
 4.3141    19
 4.3241    24
 4.3341    29
 4.3441    21
 4.3541    21
 4.3641    23
 4.3741    22
 4.3841    22
 4.3941    32
 4.4041    27
 4.4141    46
 4.4241    44
 4.4341    44
 4.4441    64
 4.4541    68
 4.4641    87
 4.4741    87
 4.4841    92
 4.4941   100
 4.5041   105
 4.5141   114
 4.5241    97
 4.5341    94
 4.5441    78
 4.5541    74
 4.5641    67
 4.5741    48
 4.5841    60
 4.5941    37
 4.6041    39
 4.6141    24
 4.6241    37
 4.6341    33
 4.6441    33
 4.6541    22
 4.6641    17
 4.6741    28
 4.6841    14
 4.6941    23
 4.7041    15
 4.7141    18
 4.7241    25
 4.7341    22
 4.7441    22
 4.7541    19
 4.7641    23
 4.7741    25
 4.7841    24
 4.7941    31
 4.8041    25
 4.8141    23
 4.8241    35
 4.8341    34
 4.8441    25
 4.8541    30
 4.8641    24
 4.8741    31
 4.8841    47
 4.8941    40
 4.9041    45
 4.9141    39
 4.9241    33
 4.9341    45
 4.9441    39
 4.9541    42
 4.9641    44
 4.9741    30
 4.9841    30
 4.9941    26
 5.0041    31
 5.0141    22
 5.0241    24
 5.0341    16
 5.0441    22
 5.0541    27
 5.0641    20
 5.0741    23
 5.0841    32
 5.0941    28
 5.1041    22
 5.1141    17
 5.1241    17
 5.1341    24
 5.1441    15
 5.1541    24
 5.1641    20
 5.1741    15
 5.1841    23
 5.1941    22
 5.2041    24
 5.2141    22
 5.2241    21
 5.2341    13
 5.2441    21
 5.2541    16
 5.2641    23
 5.2741    26
 5.2841    19
 5.2941    25
 5.3041    23
 5.3141    24
 5.3241    30
 5.3341    24
 5.3441    31
 5.3541    31
 5.3641    36
 5.3741    24
 5.3841    43
 5.3941    28
 5.4041    37
 5.4141    38
 5.4241    29
 5.4341    32
 5.4441    35
 5.4541    31
 5.4641    28
 5.4741    30
 5.4841    29
 5.4941    26
 5.5041    19
 5.5141    30
 5.5241    22
 5.5341    24
 5.5441    28
 5.5541    26
 5.5641    19
 5.5741    28
 5.5841    22
 5.5941    17
 5.6041    20
 5.6141    15
 5.6241    26
 5.6341    18
 5.6441    30
 5.6541    17
 5.6641    26
 5.6741    27
 5.6841    21
 5.6941    30
 5.7041    25
 5.7141    21
 5.7241    25
 5.7341    21
 5.7441    26
 5.7541    31
 5.7641    28
 5.7741    31
 5.7841    43
 5.7941    57
 5.8041    54
 5.8141    48
 5.8241    74
 5.8341    80
 5.8441    84
 5.8541    98
 5.8641   110
 5.8741    94
 5.8841   101
 5.8941   108
 5.9041   111
 5.9141   101
 5.9241    92
 5.9341   103
 5.9441    72
 5.9541    82
 5.9641    58
 5.9741    56
 5.9841    54
 5.9941    43
 6.0041    36
 6.0141    33
 6.0241    23
 6.0341    32
 6.0441    27
 6.0541    31
 6.0641    36
 6.0741    26
 6.0841    50
 6.0941    43
 6.1041    19
 6.1141    34
 6.1241    40
 6.1341    40
 6.1441    44
 6.1541    36
 6.1641    45
 6.1741    37
 6.1841    48
 6.1941    58
 6.2041   101
 6.2141   127
 6.2241   150
 6.2341   203
 6.2441   298
 6.2541   393
 6.2641   534
 6.2741   747
 6.2841   998
 6.2941  1242
 6.3041  1628
 6.3141  2114
 6.3241  2687
 6.3341  3094
 6.3441  3618
 6.3541  4044
 6.3641  4487
 6.3741  4872
 6.3841  5053
 6.3941  5136
 6.4041  5129
 6.4141  4924
 6.4241  4563
 6.4341  4223
 6.4441  3664
 6.4541  3227
 6.4641  2650
 6.4741  2161
 6.4841  1728
 6.4941  1335
 6.5041  1001
 6.5141   746
 6.5241   551
 6.5341   410
 6.5441   269
 6.5541   210
 6.5641   153
 6.5741    93
 6.5841    75
 6.5941    64
 6.6041    55
 6.6141    43
 6.6241    43
 6.6341    49
 6.6441    52
 6.6541    47
 6.6641    40
 6.6741    44
 6.6841    34
 6.6941    40
 6.7041    31
 6.7141    37
 6.7241    34
 6.7341    40
 6.7441    46
 6.7541    34
 6.7641    46
 6.7741    41
 6.7841    62
 6.7941    52
 6.8041    40
 6.8141    53
 6.8241    49
 6.8341    56
 6.8441    66
 6.8541    54
 6.8641    80
 6.8741    86
 6.8841    98
 6.8941    94
 6.9041   111
 6.9141   146
 6.9241   176
 6.9341   227
 6.9441   294
 6.9541   312
 6.9641   396
 6.9741   457
 6.9841   552
 6.9941   617
 7.0041   678
 7.0141   743
 7.0241   835
 7.0341   830
 7.0441   873
 7.0541   868
 7.0641   833
 7.0741   854
 7.0841   771
 7.0941   647
 7.1041   620
 7.1141   560
 7.1241   496
 7.1341   372
 7.1441   339
 7.1541   263
 7.1641   211
 7.1741   149
 7.1841   142
 7.1941   114
 7.2041    75
 7.2141    81
 7.2241    76
 7.2341    61
 7.2441    59
 7.2541    42
 7.2641    45
 7.2741    55
 7.2841    50
 7.2941    48
 7.3041    48
 7.3141    63
 7.3241    71
 7.3341    58
 7.3441    62
 7.3541    57
 7.3641    64
 7.3741    66
 7.3841    71
 7.3941    57
 7.4041    68
 7.4141    76
 7.4241    84
 7.4341    94
 7.4441    87
 7.4541    79
 7.4641    68
 7.4741    76
 7.4841    68
 7.4941    60
 7.5041    81
 7.5141    69
 7.5241    55
 7.5341    57
 7.5441    60
 7.5541    63
 7.5641    53
 7.5741    48
 7.5841    62
 7.5941    54
 7.6041    42
 7.6141    57
 7.6241    48
 7.6341    55
 7.6441    58
 7.6541    49
 7.6641    45
 7.6741    48
 7.6841    52
 7.6941    56
 7.7041    54
 7.7141    37
 7.7241    58
 7.7341    51
 7.7441    59
 7.7541    59
 7.7641    52
 7.7741    57
 7.7841    59
 7.7941    70
 7.8041    64
 7.8141    63
 7.8241    64
 7.8341    74
 7.8441    64
 7.8541    68
 7.8641    56
 7.8741    77
 7.8841    66
 7.8941    81
 7.9041   100
 7.9141    89
 7.9241   108
 7.9341   109
 7.9441   116
 7.9541   121
 7.9641   139
 7.9741   139
 7.9841   133
 7.9941   151
 8.0041   152
 8.0141   176
 8.0241   185
 8.0341   195
 8.0441   202
 8.0541   197
 8.0641   214
 8.0741   220
 8.0841   252
 8.0941   246
 8.1041   311
 8.1141   285
 8.1241   309
 8.1341   336
 8.1441   312
 8.1541   305
 8.1641   318
 8.1741   324
 8.1841   345
 8.1941   362
 8.2041   336
 8.2141   388
 8.2241   389
 8.2341   335
 8.2441   401
 8.2541   407
 8.2641   413
 8.2741   410
 8.2841   402
 8.2941   479
 8.3041   540
 8.3141   557
 8.3241   589
 8.3341   646
 8.3441   655
 8.3541   696
 8.3641   770
 8.3741   763
 8.3841   726
 8.3941   801
 8.4041   712
 8.4141   684
 8.4241   683
 8.4341   550
 8.4441   556
 8.4541   476
 8.4641   433
 8.4741   412
 8.4841   342
 8.4941   294
 8.5041   263
 8.5141   207
 8.5241   178
 8.5341   151
 8.5441   137
 8.5541   124
 8.5641   124
 8.5741   102
 8.5841   114
 8.5941    95
 8.6041    92
 8.6141   108
 8.6241   108
 8.6341   100
 8.6441   110
 8.6541   108
 8.6641    85
 8.6741   112
 8.6841   103
 8.6941   101
 8.7041    84
 8.7141    98
 8.7241    89
 8.7341   101
 8.7441    84
 8.7541    85
 8.7641    85
 8.7741    74
 8.7841    72
 8.7941    85
 8.8041    91
 8.8141    69
 8.8241    81
 8.8341    72
 8.8441    92
 8.8541    86
 8.8641    75
 8.8741    90
 8.8841    76
 8.8941    88
 8.9041    84
 8.9141    86
 8.9241    86
 8.9341    86
 8.9441    83
 8.9541    81
 8.9641    78
 8.9741    82
 8.9841   104
 8.9941    85
 9.0041    97
 9.0141    98
 9.0241   100
 9.0341   101
 9.0441   117
 9.0541   116
 9.0641   116
 9.0741   123
 9.0841   104
 9.0941   125
 9.1041   132
 9.1141   123
 9.1241   134
 9.1341   132
 9.1441   122
 9.1541   126
 9.1641   151
 9.1741   180
 9.1841   152
 9.1941   200
 9.2041   202
 9.2141   215
 9.2241   212
 9.2341   203
 9.2441   207
 9.2541   224
 9.2641   253
 9.2741   246
 9.2841   272
 9.2941   266
 9.3041   292
 9.3141   285
 9.3241   295
 9.3341   291
 9.3441   346
 9.3541   337
 9.3641   347
 9.3741   345
 9.3841   345
 9.3941   353
 9.4041   314
 9.4141   354
 9.4241   368
 9.4341   345
 9.4441   337
 9.4541   344
 9.4641   378
 9.4741   375
 9.4841   378
 9.4941   366
 9.5041   397
 9.5141   372
 9.5241   403
 9.5341   414
 9.5441   465
 9.5541   457
 9.5641   531
 9.5741   543
 9.5841   542
 9.5941   546
 9.6041   618
 9.6141   620
 9.6241   634
 9.6341   701
 9.6441   721
 9.6541   723
 9.6641   717
 9.6741   753
 9.6841   733
 9.6941   709
 9.7041   634
 9.7141   603
 9.7241   577
 9.7341   553
 9.7441   550
 9.7541   504
 9.7641   474
 9.7741   402
 9.7841   409
 9.7941   369
 9.8041   313
 9.8141   346
 9.8241   323
 9.8341   316
 9.8441   291
 9.8541   305
 9.8641   291
 9.8741   299
 9.8841   319
 9.8941   296
 9.9041   311
 9.9141   338
 9.9241   326
 9.9341   311
 9.9441   329
 9.9541   350
 9.9641   345
 9.9741   315
 9.9841   303
 9.9941   276
10.0041   259
10.0141   258
10.0241   249
10.0341   204
10.0441   196
10.0541   200
10.0641   141
10.0741   120
10.0841   128
10.0941   102
10.1041   105
10.1141   101
10.1241    85
10.1341    83
10.1441    78
10.1541    70
10.1641    57
10.1741    65
10.1841    54
10.1941    60
10.2041    61
10.2141    61
10.2241    51
10.2341    51
10.2441    60
10.2541    57
10.2641    56
10.2741    58
10.2841    44
10.2941    49
10.3041    44
10.3141    43
10.3241    50
10.3341    40
10.3441    41
10.3541    47
10.3641    41
10.3741    45
10.3841    45
10.3941    41
10.4041    48
10.4141    47
10.4241    52
10.4341    43
10.4441    35
10.4541    38
10.4641    45
10.4741    48
10.4841    46
10.4941    46
10.5041    44
10.5141    51
10.5241    43
10.5341    34
10.5441    31
10.5541    40
10.5641    56
10.5741    55
10.5841    43
10.5941    53
10.6041    45
10.6141    45
10.6241    43
10.6341    46
10.6441    48
10.6541    59
10.6641    41
10.6741    42
10.6841    55
10.6941    61
10.7041    60
10.7141    57
10.7241    66
10.7341    63
10.7441    68
10.7541    71
10.7641    67
10.7741    59
10.7841    63
10.7941    74
10.8041    70
10.8141    67
10.8241    76
10.8341    76
10.8441    81
10.8541    77
10.8641    66
10.8741    71
10.8841    82
10.8941    78
10.9041    85
10.9141    87
10.9241    77
10.9341    74
10.9441    71
10.9541    77
10.9641    77
10.9741    72
10.9841    69
10.9941    64
11.0041    73
11.0141    75
11.0241    70
11.0341    71
11.0441    65
11.0541    68
11.0641    60
11.0741    60
11.0841    67
11.0941    65
11.1041    69
11.1141    74
11.1241    64
11.1341    78
11.1441    74
11.1541    77
11.1641    76
11.1741    68
11.1841    61
11.1941    76
11.2041    91
11.2141    97
11.2241    99
11.2341    93
11.2441   100
11.2541    98
11.2641    97
11.2741    97
11.2841   102
11.2941   110
11.3041   106
11.3141   104
11.3241   109
11.3341    90
11.3441    81
11.3541    97
11.3641    82
11.3741    86
11.3841    71
11.3941    60
11.4041    62
11.4141    62
11.4241    49
11.4341    46
11.4441    55
11.4541    56
11.4641    52
11.4741    58
11.4841    55
11.4941    50
11.5041    54
11.5141    66
11.5241    55
11.5341    55
11.5441    55
11.5541    50
11.5641    55
11.5741    65
11.5841    56
11.5941    56
11.6041    61
11.6141    63
11.6241    66
11.6341    62
11.6441    52
11.6541    55
11.6641    54
11.6741    52
11.6841    46
11.6941    51
11.7041    60
11.7141    59
11.7241    50
11.7341    47
11.7441    44
11.7541    43
11.7641    46
11.7741    42
11.7841    43
11.7941    39
11.8041    39
11.8141    35
11.8241    37
11.8341    35
11.8441    39
11.8541    38
11.8641    34
11.8741    36
11.8841    35
11.8941    45
11.9041    35
11.9141    32
11.9241    34
11.9341    39
11.9441    41
11.9541    48
11.9641    42
11.9741    40
11.9841    41
11.9941    39
12.0041    41
12.0141    39
12.0241    37
12.0341    40
12.0441    45
12.0541    43
12.0641    47
12.0741    45
12.0841    43
12.0941    40
12.1041    38
12.1141    34
12.1241    39
12.1341    38
12.1441    47
12.1541    41
12.1641    37
12.1741    39
12.1841    38
12.1941    42
12.2041    44
12.2141    37
12.2241    32
12.2341    36
12.2441    35
12.2541    37
12.2641    43
12.2741    40
12.2841    33
12.2941    37
12.3041    38
12.3141    46
12.3241    45
12.3341    41
12.3441    41
12.3541    43
12.3641    36
12.3741    34
12.3841    36
12.3941    34
12.4041    30
12.4141    42
12.4241    37
12.4341    38
12.4441    37
12.4541    43
12.4641    37
12.4741    37
12.4841    36
12.4941    37
12.5041    37
12.5141    30
12.5241    35
12.5341    45
12.5441    46
12.5541    43
12.5641    39
12.5741    37
12.5841    37
12.5941    43
12.6041    48
12.6141    48
12.6241    49
12.6341    49
12.6441    49
12.6541    44
12.6641    39
12.6741    39
12.6841    50
12.6941    53
12.7041    48
12.7141    43
12.7241    45
12.7341    43
12.7441    40
12.7541    44
12.7641    37
12.7741    41
12.7841    44
12.7941    39
12.8041    44
12.8141    44
12.8241    41
12.8341    41
12.8441    44
12.8541    43
12.8641    50
12.8741    45
12.8841    42
12.8941    43
12.9041    46
12.9141    48
12.9241    45
12.9341    42
12.9441    39
12.9541    46
12.9641    40
12.9741    46
12.9841    49
12.9941    45
13.0041    42
13.0141    41
13.0241    44
13.0341    46
13.0441    47
13.0541    47
13.0641    49
13.0741    50
13.0841    46
13.0941    41
13.1041    39
13.1141    41
13.1241    46
13.1341    46
13.1441    42
13.1541    45
13.1641    46
13.1741    47
13.1841    45
13.1941    42
13.2041    47
13.2141    52
13.2241    49
13.2341    55
13.2441    56
13.2541    53
13.2641    60
13.2741    57
13.2841    52
13.2941    48
13.3041    58
13.3141    57
13.3241    60
13.3341    67
13.3441    63
13.3541    65
13.3641    67
13.3741    63
13.3841    65
13.3941    72
13.4041    70
13.4141    66
13.4241    63
13.4341    59
13.4441    58
13.4541    61
13.4641    67
13.4741    69
13.4841    64
13.4941    58
13.5041    51
13.5141    53
13.5241    61
13.5341    61
13.5441    57
13.5541    50
13.5641    58
13.5741    59
13.5841    57
13.5941    54
13.6041    50
13.6141    52
13.6241    60
13.6341    60
13.6441    57
13.6541    56
13.6641    48
13.6741    51
13.6841    57
13.6941    50
13.7041    49
13.7141    54
13.7241    43
13.7341    37
13.7441    44
13.7541    50
13.7641    50
13.7741    49
13.7841    59
13.7941    62
13.8041    49
13.8141    55
13.8241    58
13.8341    58
13.8441    58
13.8541    46
13.8641    52
13.8741    61
13.8841    63
13.8941    61
13.9041    58
13.9141    61
13.9241    58
13.9341    56
13.9441    60
13.9541    66
13.9641    76
13.9741    80
13.9841    79
13.9941    87
14.0041   101
14.0141   107
14.0241   109
14.0341   118
14.0441   135
14.0541   137
14.0641   142
14.0741   156
14.0841   171
14.0941   174
14.1041   179
14.1141   179
14.1241   169
14.1341   166
14.1441   158
14.1541   164
14.1641   180
14.1741   175
14.1841   152
14.1941   152
14.2041   148
14.2141   135
14.2241   133
14.2341   130
14.2441   114
14.2541   105
14.2641   108
14.2741    98
14.2841    88
14.2941    85
14.3041    88
14.3141    79
14.3241    68
14.3341    61
14.3441    62
14.3541    63
14.3641    60
14.3741    54
14.3841    46
14.3941    54
14.4041    59
14.4141    50
14.4241    48
14.4341    53
14.4441    59
14.4541    57
14.4641    59
14.4741    73
14.4841    69
14.4941    57
14.5041    59
14.5141    58
14.5241    60
14.5341    63
14.5441    63
14.5541    55
14.5641    42
14.5741    54
14.5841    58
14.5941    54
14.6041    62
14.6141    67
14.6241    64
14.6341    61
14.6441    62
14.6541    69
14.6641    71
14.6741    67
14.6841    64
14.6941    62
14.7041    57
14.7141    57
14.7241    66
14.7341    71
14.7441    67
14.7541    59
14.7641    61
14.7741    69
14.7841    67
14.7941    58
14.8041    63
14.8141    68
14.8241    65
14.8341    64
14.8441    66
14.8541    65
14.8641    69
14.8741    70
14.8841    72
14.8941    71
14.9041    66
14.9141    76
14.9241    72
14.9341    68
14.9441    73
14.9541    78
14.9641    76
14.9741    72
14.9841    75
14.9941    60
15.0041    66
15.0141    68
15.0241    59
15.0341    63
15.0441    66
15.0541    71
15.0641    78
15.0741    73
15.0841    73
15.0941    67
15.1041    71
15.1141    66
15.1241    63
15.1341    69
15.1441    68
15.1541    68
15.1641    76
15.1741    74
15.1841    64
15.1941    62
15.2041    68
15.2141    62
15.2241    60
15.2341    75
15.2441    76
15.2541    60
15.2641    68
15.2741    73
15.2841    71
15.2941    72
15.3041    68
15.3141    69
15.3241    77
15.3341    74
15.3441    76
15.3541    79
15.3641    67
15.3741    69
15.3841    72
15.3941    68
15.4041    67
15.4141    75
15.4241    71
15.4341    68
15.4441    72
15.4541    75
15.4641    66
15.4741    69
15.4841    73
15.4941    69
15.5041    69
15.5141    67
15.5241    73
15.5341    72
15.5441    76
15.5541    86
15.5641    73
15.5741    58
15.5841    63
15.5941    76
15.6041    73
15.6141    76
15.6241    93
15.6341    95
15.6441    97
15.6541    98
15.6641   105
15.6741   122
15.6841   118
15.6941   117
15.7041   122
15.7141   127
15.7241   136
15.7341   124
15.7441   121
15.7541   118
15.7641   119
15.7741   119
15.7841   121
15.7941   134
15.8041   123
15.8141   111
15.8241   116
15.8341   121
15.8441   110
15.8541   117
15.8641   105
15.8741   102
15.8841    98
15.8941    99
15.9041    98
15.9141    90
15.9241    89
15.9341    98
15.9441   103
15.9541    84
15.9641    86
15.9741    83
15.9841    79
15.9941    71
16.0041    74
16.0141    82
16.0241    75
16.0341    76
16.0441    81
16.0541    67
16.0641    73
16.0741    83
16.0841    86
16.0941    85
16.1041    89
16.1141    78
16.1241    71
16.1341    78
16.1441    80
16.1541    82
16.1641    79
16.1741    75
16.1841    74
16.1941    77
16.2041    74
16.2141    80
16.2241    71
16.2341    77
16.2441    81
16.2541    81
16.2641    91
16.2741    84
16.2841    77
16.2941    75
16.3041    69
16.3141    78
16.3241    78
16.3341    71
16.3441    79
16.3541    85
16.3641    76
16.3741    73
16.3841    68
16.3941    68
16.4041    84
16.4141    89
16.4241    70
16.4341    78
16.4441    73
16.4541    77
16.4641    72
16.4741    69
16.4841    81
16.4941    83
16.5041    85
16.5141    85
16.5241    81
16.5341    87
16.5441    82
16.5541    77
16.5641    66
16.5741    84
16.5841    92
16.5941    86
16.6041    93
16.6141    88
16.6241    95
16.6341    93
16.6441    94
16.6541    98
16.6641    86
16.6741    76
16.6841    77
16.6941    77
16.7041    75
16.7141    84
16.7241    79
16.7341    72
16.7441    75
16.7541    83
16.7641    64
16.7741    70
16.7841    78
16.7941    72
16.8041    75
16.8141    89
16.8241    81
16.8341    84
16.8441    97
16.8541    94
16.8641    85
16.8741    84
16.8841    85
16.8941    78
16.9041    86
16.9141    98
16.9241    88
16.9341    92
16.9441    89
16.9541    82
16.9641    82
16.9741    87
16.9841    78
16.9941    73
17.0041    73
17.0141    86
17.0241    88
17.0341    64
17.0441    71
17.0541    80
17.0641    79
17.0741    80
17.0841    83
17.0941    88
17.1041    81
17.1141    85
17.1241    92
17.1341    90
17.1441    88
17.1541    82
17.1641    76
17.1741    82
17.1841    84
17.1941    82
17.2041    79
17.2141    88
17.2241    93
17.2341    90
17.2441    74
17.2541    82
17.2641    88
17.2741    75
17.2841    74
17.2941    78
17.3041    98
17.3141    99
17.3241    91
17.3341    96
17.3441    91
17.3541    85
17.3641    85
17.3741    74
17.3841    84
17.3941    88
17.4041    90
17.4141    96
17.4241    93
17.4341    86
17.4441    90
17.4541    96
17.4641    98
17.4741    84
17.4841    88
17.4941    98
17.5041    91
17.5141    84
17.5241    89
17.5341    97
17.5441    85
17.5541    85
17.5641    94
17.5741    94
17.5841    98
17.5941   109
17.6041    97
17.6141    95
17.6241    97
17.6341    97
17.6441   108
17.6541   108
17.6641   110
17.6741   103
17.6841    95
17.6941    94
17.7041   104
17.7141   110
17.7241   112
17.7341    91
17.7441   108
17.7541   115
17.7641    99
17.7741    95
17.7841    97
17.7941    98
17.8041    96
17.8141    94
17.8241    90
17.8341    99
17.8441    99
17.8541    87
17.8641    88
17.8741    97
17.8841   100
17.8941    97
17.9041   104
17.9141   100
17.9241    88
17.9341    95
17.9441    85
17.9541    87
17.9641    90
17.9741   100
17.9841   111
17.9941    94
18.0041   115
18.0141   110
18.0241    99
18.0341    97
18.0441    99
18.0541    96
18.0641    94
18.0741    99
18.0841    95
18.0941    85
18.1041    96
18.1141   106
18.1241    86
18.1341    93
18.1441    94
18.1541    89
18.1641   110
18.1741   102
18.1841    89
18.1941    89
18.2041   102
18.2141   102
18.2241   101
18.2341   102
18.2441   106
18.2541   100
18.2641    97
18.2741    96
18.2841   105
18.2941   107
18.3041   106
18.3141    98
18.3241   105
18.3341   101
18.3441    99
18.3541    94
18.3641    94
18.3741   102
18.3841    93
18.3941    98
18.4041    91
18.4141    97
18.4241    99
18.4341    98
18.4441    96
18.4541   110
18.4641   107
18.4741   105
18.4841   107
18.4941    96
18.5041    97
18.5141   108
18.5241   102
18.5341   114
18.5441   102
18.5541    95
18.5641    88
18.5741    87
18.5841   104
18.5941    99
18.6041   116
18.6141   117
18.6241    97
18.6341    96
18.6441   111
18.6541   110
18.6641   106
18.6741   101
18.6841   101
18.6941    95
18.7041    92
18.7141    98
18.7241   113
18.7341   111
18.7441   118
18.7541   109
18.7641   113
18.7741   114
18.7841    91
18.7941   117
18.8041   115
18.8141   106
18.8241    96
18.8341   114
18.8441   109
18.8541   116
18.8641   111
18.8741   114
18.8841    94
18.8941    92
18.9041   108
18.9141    96
18.9241    98
18.9341   116
18.9441   106
18.9541   102
18.9641   101
18.9741   112
18.9841   109
18.9941    97
19.0041   111
19.0141   101
19.0241   107
19.0341   105
19.0441   113
19.0541   104
19.0641   124
19.0741   112
19.0841   106
19.0941   117
19.1041   112
19.1141   120
19.1241   111
19.1341   107
19.1441   104
19.1541   106
19.1641   111
19.1741   103
19.1841   101
19.1941   117
19.2041   104
19.2141   110
19.2241   125
19.2341    98
19.2441   112
19.2541   123
19.2641   108
19.2741   101
19.2841    96
19.2941    93
19.3041   105
19.3141    90
19.3241   109
19.3341   109
19.3441   104
19.3541   114
19.3641   115
19.3741   127
19.3841   119
19.3941   109
19.4041    95
19.4141    97
19.4241    99
19.4341   115
19.4441   108
19.4541   107
19.4641   121
19.4741   103
19.4841   108
19.4941   119
19.5041   114
19.5141    98
19.5241   109
19.5341    95
19.5441   122
19.5541   113
19.5641   108
19.5741   104
19.5841   129
19.5941   120
19.6041   128
19.6141   109
19.6241   103
19.6341   109
19.6441   113
19.6541   104
19.6641   103
19.6741   103
19.6841   120
19.6941   111
19.7041   108
19.7141   118
19.7241   107
19.7341   115
19.7441   103
19.7541    98
19.7641   105
19.7741   114
19.7841   114
19.7941   113
19.8041    98
19.8141   125
19.8241   105
19.8341   109
19.8441   114
19.8541   119
19.8641   106
19.8741   105
19.8841   102
19.8941   109
19.9041   102
19.9141   103
19.9241   126
19.9341   122
19.9441   110
19.9541   113
19.9641   113
19.9741   115
19.9841   113
19.9941   139
20.0041   120
20.0141   117
20.0241   117
20.0341   129
20.0441   121
20.0541   125
20.0641   111
20.0741   107
20.0841   113
20.0941   124
20.1041   106
20.1141   114
20.1241   122
20.1341   119
20.1441   120
20.1541   111
20.1641   114
20.1741   116
20.1841   106
20.1941   100
20.2041   101
20.2141    94
20.2241   103
20.2341   110
20.2441   106
20.2541   115
20.2641   117
20.2741   118
20.2841   105
20.2941   114
20.3041   116
20.3141   109
20.3241   112
20.3341   131
20.3441   132
20.3541   134
20.3641   112
20.3741   110
20.3841   108
20.3941   112
20.4041   111
20.4141   123
20.4241   125
20.4341   105
20.4441   115
20.4541   110
20.4641   127
20.4741   116
20.4841   114
20.4941   110
20.5041   127
20.5141   111
20.5241   116
20.5341   124
20.5441   124
20.5541   123
20.5641   119
20.5741   124
20.5841   131
20.5941   116
20.6041   120
20.6141   122
20.6241   122
20.6341   112
20.6441   113
20.6541   114
20.6641   117
20.6741   128
20.6841   116
20.6941   103
20.7041   109
20.7141   119
20.7241   112
20.7341   125
20.7441   123
20.7541   119
20.7641   117
20.7741   116
20.7841   129
20.7941   118
20.8041   121
20.8141   104
20.8241   133
20.8341   129
20.8441   125
20.8541   128
20.8641   139
20.8741   147
20.8841   117
20.8941   146
20.9041   136
20.9141   141
20.9241   136
20.9341   119
20.9441   186
20.9541   147
20.9641   149
20.9741   136
20.9841   155
20.9941   154
21.0041   156
21.0141   156
21.0241   149
21.0341   148
21.0441   168
21.0541   160
21.0641   158
21.0741   165
21.0841   186
21.0941   192
21.1041   181
21.1141   181
21.1241   187
21.1341   183
21.1441   193
21.1541   163
21.1641   168
21.1741   179
21.1841   166
21.1941   174
21.2041   168
21.2141   181
21.2241   156
21.2341   169
21.2441   159
21.2541   151
21.2641   161
21.2741   164
21.2841   138
21.2941   136
21.3041   135
21.3141   155
21.3241   118
21.3341   115
21.3441   124
21.3541   146
21.3641   118
21.3741   130
21.3841   111
21.3941   122
21.4041   139
21.4141   110
21.4241   115
21.4341   106
21.4441   138
21.4541   119
21.4641   120
21.4741   116
21.4841   111
21.4941   122
21.5041   118
21.5141   115
21.5241   138
21.5341   102
21.5441   112
21.5541   139
21.5641   112
21.5741   119
21.5841   128
21.5941   126
21.6041   115
21.6141   119
21.6241   115
21.6341   121
21.6441   113
21.6541   117
21.6641   121
21.6741   102
21.6841   115
21.6941   123
21.7041   118
21.7141   113
21.7241   132
21.7341   103
21.7441   122
21.7541   126
21.7641   103
21.7741   116
21.7841   108
21.7941   111
21.8041   108
21.8141   129
21.8241   109
21.8341   110
21.8441   106
21.8541   113
21.8641   125
21.8741   137
21.8841   137
21.8941    99
21.9041   115
21.9141   124
21.9241   119
21.9341   137
21.9441   109
21.9541   105
21.9641   136
21.9741   131
21.9841   108
21.9941   110
22.0041   113
22.0141   129
22.0241   122
22.0341   120
22.0441   126
22.0541   127
22.0641   105
22.0741   114
22.0841   120
22.0941   135
22.1041   107
22.1141   103
22.1241   117
22.1341   120
22.1441   112
22.1541   118
22.1641   119
22.1741   126
22.1841   124
22.1941   139
22.2041   128
22.2141   107
22.2241   114
22.2341   130
22.2441   136
22.2541   120
22.2641   118
22.2741   140
22.2841   116
22.2941   118
22.3041   128
22.3141   120
22.3241   108
22.3341   114
22.3441   115
22.3541   109
22.3641   128
22.3741   123
22.3841   108
22.3941   107
22.4041   133
22.4141   126
22.4241   107
22.4341   118
22.4441   130
22.4541   108
22.4641   119
22.4741   127
22.4841   107
22.4941   111
22.5041   111
22.5141   104
22.5241   119
22.5341   126
22.5441   112
22.5541    95
22.5641   115
22.5741   127
22.5841   130
22.5941   100
22.6041   122
22.6141   118
22.6241   115
22.6341   121
22.6441   104
22.6541   116
22.6641   133
22.6741   129
22.6841   118
22.6941   119
22.7041   118
22.7141   121
22.7241   117
22.7341   113
22.7441   105
22.7541   115
22.7641   113
22.7741   111
22.7841   105
22.7941   108
22.8041   111
22.8141   131
22.8241   118
22.8341   121
22.8441   116
22.8541   108
22.8641    98
22.8741   122
22.8841   122
22.8941   128
22.9041   126
22.9141   126
22.9241   124
22.9341   120
22.9441   119
22.9541   116
22.9641   110
22.9741   120
22.9841   115
22.9941   110
23.0041   107
23.0141   116
23.0241   118
23.0341   107
23.0441   131
23.0541   111
23.0641   115
23.0741   116
23.0841   111
23.0941   112
23.1041   107
23.1141    98
23.1241   114
23.1341   135
23.1441   100
23.1541   119
23.1641   122
23.1741   104
23.1841   127
23.1941   121
23.2041   115
23.2141   121
23.2241   106
23.2341   100
23.2441    98
23.2541   115
23.2641   130
23.2741   135
23.2841   122
23.2941   109
23.3041   125
23.3141   119
23.3241    87
23.3341   123
23.3441   111
23.3541   125
23.3641   110
23.3741   122
23.3841   107
23.3941    99
23.4041   131
23.4141   132
23.4241   114
23.4341   128
23.4441   115
23.4541   103
23.4641   143
23.4741   118
23.4841   121
23.4941   115
23.5041   101
23.5141   112
23.5241   109
23.5341   109
23.5441   115
23.5541   119
23.5641    97
23.5741   130
23.5841   133
23.5941   126
23.6041   112
23.6141   126
23.6241   123
23.6341   118
23.6441   137
23.6541   125
23.6641   103
23.6741   106
23.6841   127
23.6941   134
23.7041   123
23.7141   120
23.7241   118
23.7341   114
23.7441   126
23.7541   121
23.7641   125
23.7741   133
23.7841   130
23.7941   117
23.8041   118
23.8141   127
23.8241   119
23.8341   132
23.8441   132
23.8541   129
23.8641   111
23.8741   141
23.8841   117
23.8941   131
23.9041   114
23.9141   103
23.9241   114
23.9341   106
23.9441   123
23.9541   135
23.9641   106
23.9741   119
23.9841   108
23.9941   106
24.0041   104
24.0141   123
24.0241   109
24.0341   106
24.0441   103
24.0541   115
24.0641   122
24.0741   117
24.0841   120
24.0941   107
24.1041   108
24.1141   117
24.1241   105
24.1341   118
24.1441   116
24.1541   118
24.1641   103
24.1741   112
24.1841    96
24.1941    98
24.2041   128
24.2141   109
24.2241   136
24.2341    98
24.2441   125
24.2541   102
24.2641   117
24.2741   112
24.2841   100
24.2941   102
24.3041   110
24.3141   110
24.3241   118
24.3341   105
24.3441   111
24.3541   103
24.3641   130
24.3741   102
24.3841   111
24.3941   131
24.4041   109
24.4141   109
24.4241    99
24.4341   104
24.4441   120
24.4541    94
24.4641   107
24.4741   115
24.4841   101
24.4941   113
24.5041   133
24.5141   104
24.5241   121
24.5341   121
24.5441   105
24.5541   111
24.5641   133
24.5741   113
24.5841   109
24.5941   113
24.6041   117
24.6141   127
24.6241   104
24.6341   126
24.6441    97
24.6541   105
24.6641   106
24.6741   104
24.6841   120
24.6941    99
24.7041   100
24.7141   107
24.7241   102
24.7341   111
24.7441   103
24.7541   114
24.7641   105
24.7741   107
24.7841   102
24.7941   101
24.8041   108
24.8141   107
24.8241   113
24.8341   112
24.8441   102
24.8541    92
24.8641   106
24.8741   112
24.8841   100
24.8941    90
24.9041   108
24.9141   107
24.9241   104
24.9341   103
24.9441   102
24.9541   102
24.9641   112
24.9741    93
24.9841   125
24.9941    90
25.0041   108
25.0141   113
25.0241   102
25.0341   129
25.0441   120
25.0541   124
25.0641   107
25.0741    99
25.0841   121
25.0941   117
25.1041   109
25.1141    93
25.1241   130
25.1341   105
25.1441    96
25.1541    98
25.1641   100
25.1741    97
25.1841   109
25.1941   117
25.2041   122
25.2141   115
25.2241   119
25.2341   115
25.2441    89
25.2541    87
25.2641   101
25.2741   118
25.2841   120
25.2941   113
25.3041   113
25.3141   123
25.3241   119
25.3341    98
25.3441    92
25.3541   101
25.3641   106
25.3741   108
25.3841   110
25.3941   105
25.4041   100
25.4141    84
25.4241   114
25.4341    98
25.4441    93
25.4541   121
25.4641   104
25.4741    91
25.4841    98
25.4941   109
25.5041   130
25.5141    90
25.5241    89
25.5341    93
25.5441    94
25.5541   102
25.5641   118
25.5741   108
25.5841    98
25.5941   111
25.6041   100
25.6141   104
25.6241   115
25.6341    85
25.6441   104
25.6541   104
25.6641    91
25.6741   103
25.6841    85
25.6941    92
25.7041    88
25.7141    90
25.7241   106
25.7341    90
25.7441   103
25.7541   107
25.7641   103
25.7741   122
25.7841    96
25.7941    98
25.8041   106
25.8141    98
25.8241    86
25.8341   118
25.8441   115
25.8541    89
25.8641    87
25.8741    92
25.8841    98
25.8941    99
25.9041   105
25.9141    93
25.9241    97
25.9341    98
25.9441    97
25.9541    94
25.9641    87
25.9741   111
25.9841   109
25.9941   103
26.0041   102
26.0141    87
26.0241    99
26.0341   111
26.0441   109
26.0541    94
26.0641    96
26.0741   103
26.0841    94
26.0941    94
26.1041   103
26.1141    96
26.1241    92
26.1341    88
26.1441   109
26.1541   100
26.1641   104
26.1741    97
26.1841    84
26.1941   103
26.2041    91
26.2141   102
26.2241    88
26.2341    85
26.2441    90
26.2541    98
26.2641    85
26.2741    85
26.2841   114
26.2941   100
26.3041    97
26.3141    89
26.3241    98
26.3341   111
26.3441   110
26.3541    90
26.3641    99
26.3741   104
26.3841    92
26.3941    95
26.4041    92
26.4141    80
26.4241   106
26.4341    95
26.4441   106
26.4541    84
26.4641    91
26.4741    86
26.4841    88
26.4941   108
26.5041   101
26.5141    87
26.5241   117
26.5341   105
26.5441    89
26.5541    97
26.5641    91
26.5741    90
26.5841   111
26.5941   108
26.6041    96
26.6141    83
26.6241    95
26.6341   100
26.6441    90
26.6541    92
26.6641    97
26.6741    88
26.6841    85
26.6941   103
26.7041   110
26.7141    92
26.7241    85
26.7341   101
26.7441    91
26.7541    88
26.7641    99
26.7741    95
26.7841   109
26.7941   103
26.8041    82
26.8141    92
26.8241    99
26.8341    92
26.8441    73
26.8541    89
26.8641    91
26.8741    96
26.8841    93
26.8941    98
26.9041    82
26.9141    99
26.9241    92
26.9341    95
26.9441    94
26.9541   113
26.9641    90
26.9741    78
26.9841    94
26.9941    92
27.0041    87
27.0141    85
27.0241    87
27.0341    87
27.0441    99
27.0541    94
27.0641    81
27.0741    75
27.0841   101
27.0941    93
27.1041    88
27.1141    75
27.1241   100
27.1341    76
27.1441    93
27.1541    89
27.1641    95
27.1741    89
27.1841   111
27.1941    94
27.2041    77
27.2141    87
27.2241    84
27.2341    93
27.2441    83
27.2541    79
27.2641   107
27.2741    96
27.2841   108
27.2941   103
27.3041    91
27.3141    75
27.3241    78
27.3341    85
27.3441   102
27.3541    79
27.3641    95
27.3741    88
27.3841    98
27.3941    84
27.4041   101
27.4141   103
27.4241    83
27.4341    74
27.4441   102
27.4541    90
27.4641    83
27.4741    95
27.4841    90
27.4941    79
27.5041   101
27.5141    89
27.5241    85
27.5341    99
27.5441    86
27.5541    76
27.5641    72
27.5741    93
27.5841    78
27.5941    98
27.6041    90
27.6141    93
27.6241    79
27.6341    77
27.6441    75
27.6541    84
27.6641    84
27.6741    79
27.6841    90
27.6941    75
27.7041    96
27.7141    95
27.7241    87
27.7341    81
27.7441    98
27.7541    85
27.7641    72
27.7741    76
27.7841    95
27.7941    86
27.8041    72
27.8141    89
27.8241    95
27.8341    69
27.8441    71
27.8541    92
27.8641    94
27.8741    99
27.8841   101
27.8941    93
27.9041    77
27.9141    84
27.9241    67
27.9341    87
27.9441    84
27.9541    79
27.9641    86
27.9741    84
27.9841    83
27.9941    88
28.0041    79
28.0141    77
28.0241    80
28.0341    85
28.0441    62
28.0541    75
28.0641    65
28.0741    76
28.0841    67
28.0941    89
28.1041    82
28.1141    77
28.1241    96
28.1341    68
28.1441    81
28.1541    78
28.1641    81
28.1741    77
28.1841    73
28.1941    84
28.2041    68
28.2141    66
28.2241    84
28.2341    86
28.2441    93
28.2541    74
28.2641    87
28.2741    79
28.2841    90
28.2941    86
28.3041    89
28.3141    75
28.3241    74
28.3341    90
28.3441    88
28.3541    71
28.3641    81
28.3741    91
28.3841    67
28.3941    71
28.4041    66
28.4141    75
28.4241    61
28.4341    80
28.4441    83
28.4541    68
28.4641    77
28.4741    85
28.4841    67
28.4941    62
28.5041    86
28.5141    68
28.5241    72
28.5341    71
28.5441    76
28.5541    91
28.5641    71
28.5741    85
28.5841    83
28.5941    75
28.6041    69
28.6141    73
28.6241    68
28.6341    64
28.6441    92
28.6541    63
28.6641    76
28.6741    73
28.6841    66
28.6941    87
28.7041    74
28.7141    71
28.7241    64
28.7341    60
28.7441    64
28.7541    63
28.7641    75
28.7741    80
28.7841    80
28.7941    84
28.8041    78
28.8141    78
28.8241    71
28.8341    84
28.8441    86
28.8541    70
28.8641    74
28.8741    65
28.8841    70
28.8941    81
28.9041    78
28.9141    68
28.9241    89
28.9341    68
28.9441    81
28.9541    74
28.9641    72
28.9741    63
28.9841    63
28.9941    66
29.0041    61
29.0141    76
29.0241    67
29.0341    62
29.0441    79
29.0541    72
29.0641    79
29.0741    87
29.0841    72
29.0941    82
29.1041    87
29.1141    72
29.1241    65
29.1341    72
29.1441    83
29.1541    87
29.1641    77
29.1741    74
29.1841    80
29.1941    80
29.2041    73
29.2141    79
29.2241    86
29.2341    66
29.2441    64
29.2541    79
29.2641    66
29.2741    60
29.2841    69
29.2941    80
29.3041    74
29.3141    76
29.3241    76
29.3341    62
29.3441    63
29.3541    58
29.3641    71
29.3741    60
29.3841    61
29.3941    59
29.4041    89
29.4141    80
29.4241    67
29.4341    66
29.4441    62
29.4541    62
29.4641    78
29.4741    74
29.4841    76
29.4941    65
29.5041    63
29.5141    52
29.5241    58
29.5341    66
29.5441    55
29.5541    86
29.5641    68
29.5741    63
29.5841    62
29.5941    61
29.6041    66
29.6141    72
29.6241    71
29.6341    80
29.6441    76
29.6541    61
29.6641    52
29.6741    55
29.6841    56
29.6941    72
29.7041    69
29.7141    65
29.7241    75
29.7341    61
29.7441    58
29.7541    66
29.7641    73
29.7741    73
29.7841    66
29.7941    60
29.8041    49
29.8141    54
29.8241    72
29.8341    85
29.8441    63
29.8541    50
29.8641    75
29.8741    74
29.8841    75
29.8941    62
29.9041    64
29.9141    60
29.9241    65
29.9341    56
29.9441    72
29.9541    55
29.9641    63
29.9741    58
29.9841    76
29.9941    69
30.0041    60
30.0141    69
30.0241    53
30.0341    56
30.0441    52
30.0541    50
30.0641    67
30.0741    77
30.0841    64
30.0941    63
30.1041    58
30.1141    70
30.1241    54
30.1341    58
30.1441    47
30.1541    63
30.1641    66
30.1741    82
30.1841    59
30.1941    62
30.2041    69
30.2141    52
30.2241    57
30.2341    64
30.2441    61
30.2541    63
30.2641    56
30.2741    53
30.2841    59
30.2941    79
30.3041    66
30.3141    62
30.3241    60
30.3341    60
30.3441    69
30.3541    61
30.3641    50
30.3741    59
30.3841    54
30.3941    45
30.4041    55
30.4141    60
30.4241    56
30.4341    60
30.4441    52
30.4541    51
30.4641    55
30.4741    59
30.4841    65
30.4941    51
30.5041    69
30.5141    61
30.5241    64
30.5341    62
30.5441    54
30.5541    58
30.5641    65
30.5741    61
30.5841    64
30.5941    40
30.6041    55
30.6141    52
30.6241    63
30.6341    57
30.6441    60
30.6541    58
30.6641    47
30.6741    54
30.6841    65
30.6941    62
30.7041    57
30.7141    54
30.7241    62
30.7341    51
30.7441    46
30.7541    48
30.7641    47
30.7741    60
30.7841    57
30.7941    62
30.8041    50
30.8141    53
30.8241    60
30.8341    64
30.8441    56
30.8541    45
30.8641    46
30.8741    56
30.8841    74
30.8941    60
30.9041    53
30.9141    53
30.9241    65
30.9341    60
30.9441    56
30.9541    58
30.9641    59
30.9741    55
30.9841    58
30.9941    53
31.0041    69
31.0141    60
31.0241    65
31.0341    48
31.0441    63
31.0541    46
31.0641    33
31.0741    47
31.0841    62
31.0941    47
31.1041    51
31.1141    58
31.1241    57
31.1341    51
31.1441    43
31.1541    52
31.1641    53
31.1741    60
31.1841    65
31.1941    49
31.2041    57
31.2141    51
31.2241    44
31.2341    56
31.2441    47
31.2541    52
31.2641    57
31.2741    55
31.2841    48
31.2941    60
31.3041    54
31.3141    40
31.3241    43
31.3341    48
31.3441    50
31.3541    44
31.3641    55
31.3741    41
31.3841    52
31.3941    45
31.4041    47
31.4141    55
31.4241    62
31.4341    59
31.4441    47
31.4541    52
31.4641    51
31.4741    45
31.4841    53
31.4941    47
31.5041    64
31.5141    48
31.5241    42
31.5341    57
31.5441    43
31.5541    49
31.5641    50
31.5741    54
31.5841    46
31.5941    37
31.6041    47
31.6141    55
31.6241    46
31.6341    51
31.6441    54
31.6541    51
31.6641    47
31.6741    54
31.6841    48
31.6941    52
31.7041    60
31.7141    56
31.7241    49
31.7341    53
31.7441    38
31.7541    69
31.7641    51
31.7741    65
31.7841    58
31.7941    48
31.8041    57
31.8141    51
31.8241    59
31.8341    41
31.8441    45
31.8541    43
31.8641    55
31.8741    61
31.8841    49
31.8941    47
31.9041    56
31.9141    41
31.9241    48
31.9341    47
31.9441    56
31.9541    53
31.9641    58
31.9741    37
31.9841    56
31.9941    41
32.0041    52
32.0141    48
32.0241    45
32.0341    54
32.0441    45
32.0541    52
32.0641    53
32.0741    39
32.0841    49
32.0941    57
32.1041    56
32.1141    55
32.1241    57
32.1341    56
32.1441    43
32.1541    62
32.1641    44
32.1741    50
32.1841    68
32.1941    44
32.2041    49
32.2141    48
32.2241    45
32.2341    43
32.2441    54
32.2541    64
32.2641    49
32.2741    55
32.2841    54
32.2941    47
32.3041    40
32.3141    46
32.3241    40
32.3341    39
32.3441    46
32.3541    54
32.3641    45
32.3741    39
32.3841    46
32.3941    57
32.4041    45
32.4141    39
32.4241    48
32.4341    52
32.4441    44
32.4541    44
32.4641    39
32.4741    43
32.4841    42
32.4941    35
32.5041    41
32.5141    38
32.5241    31
32.5341    56
32.5441    49
32.5541    45
32.5641    48
32.5741    39
32.5841    43
32.5941    50
32.6041    48
32.6141    40
32.6241    46
32.6341    36
32.6441    40
32.6541    38
32.6641    31
32.6741    37
32.6841    48
32.6941    53
32.7041    43
32.7141    37
32.7241    37
32.7341    41
32.7441    38
32.7541    47
32.7641    45
32.7741    46
32.7841    40
32.7941    33
32.8041    46
32.8141    49
32.8241    36
32.8341    38
32.8441    43
32.8541    37
32.8641    40
32.8741    45
32.8841    41
32.8941    48
32.9041    48
32.9141    36
32.9241    39
32.9341    50
32.9441    47
32.9541    41
32.9641    57
32.9741    38
32.9841    45
32.9941    30
33.0041    43
33.0141    40
33.0241    35
33.0341    39
33.0441    41
33.0541    40
33.0641    47
33.0741    37
33.0841    42
33.0941    42
33.1041    37
33.1141    46
33.1241    41
33.1341    30
33.1441    43
33.1541    45
33.1641    42
33.1741    33
33.1841    38
33.1941    42
33.2041    49
33.2141    26
33.2241    40
33.2341    34
33.2441    41
33.2541    37
33.2641    27
33.2741    37
33.2841    35
33.2941    46
33.3041    40
33.3141    45
33.3241    30
33.3341    34
33.3441    33
33.3541    35
33.3641    39
33.3741    49
33.3841    42
33.3941    40
33.4041    31
33.4141    41
33.4241    40
33.4341    42
33.4441    35
33.4541    27
33.4641    40
33.4741    38
33.4841    31
33.4941    45
33.5041    35
33.5141    37
33.5241    30
33.5341    42
33.5441    32
33.5541    33
33.5641    31
33.5741    40
33.5841    39
33.5941    50
33.6041    37
33.6141    44
33.6241    30
33.6341    33
33.6441    44
33.6541    45
33.6641    38
33.6741    32
33.6841    34
33.6941    40
33.7041    39
33.7141    46
33.7241    31
33.7341    24
33.7441    31
33.7541    26
33.7641    31
33.7741    46
33.7841    40
33.7941    37
33.8041    35
33.8141    27
33.8241    35
33.8341    30
33.8441    36
33.8541    24
33.8641    32
33.8741    38
33.8841    32
33.8941    42
33.9041    38
33.9141    40
33.9241    33
33.9341    30
33.9441    32
33.9541    34
33.9641    29
33.9741    29
33.9841    36
33.9941    34
34.0041    31
34.0141    38
34.0241    43
34.0341    31
34.0441    38
34.0541    21
34.0641    39
34.0741    33
34.0841    41
34.0941    29
34.1041    37
34.1141    37
34.1241    30
34.1341    28
34.1441    37
34.1541    30
34.1641    31
34.1741    34
34.1841    40
34.1941    31
34.2041    36
34.2141    32
34.2241    35
34.2341    41
34.2441    30
34.2541    30
34.2641    36
34.2741    29
34.2841    30
34.2941    31
34.3041    28
34.3141    28
34.3241    38
34.3341    39
34.3441    23
34.3541    37
34.3641    48
34.3741    32
34.3841    31
34.3941    29
34.4041    23
34.4141    33
34.4241    30
34.4341    22
34.4441    29
34.4541    47
34.4641    27
34.4741    28
34.4841    28
34.4941    28
34.5041    36
34.5141    31
34.5241    26
34.5341    39
34.5441    31
34.5541    29
34.5641    23
34.5741    19
34.5841    26
34.5941    35
34.6041    22
34.6141    29
34.6241    35
34.6341    28
34.6441    35
34.6541    35
34.6641    25
34.6741    33
34.6841    29
34.6941    27
34.7041    35
34.7141    28
34.7241    26
34.7341    39
34.7441    33
34.7541    29
34.7641    24
34.7741    28
34.7841    30
34.7941    30
34.8041    40
34.8141    31
34.8241    30
34.8341    22
34.8441    36
34.8541    36
34.8641    31
34.8741    26
34.8841    27
34.8941    28
34.9041    31
34.9141    36
34.9241    30
34.9341    30
34.9441    36
34.9541    34
34.9641    22
34.9741    27
34.9841    24
34.9941    26
35.0041    32
35.0141    35
35.0241    34
35.0341    33
35.0441    26
35.0541    21
35.0641    29
35.0741    30
35.0841    30
35.0941    17
35.1041    18
35.1141    35
35.1241    23
35.1341    29
35.1441    24
35.1541    21
35.1641    25
35.1741    25
35.1841    38
35.1941    28
35.2041    21
35.2141    33
35.2241    28
35.2341    32
35.2441    26
35.2541    22
35.2641    28
35.2741    23
35.2841    28
35.2941    27
35.3041    21
35.3141    29
35.3241    21
35.3341    28
35.3441    21
35.3541    22
35.3641    19
35.3741    27
35.3841    22
35.3941    21
35.4041    25
35.4141    31
35.4241    23
35.4341    26
35.4441    31
35.4541    18
35.4641    25
35.4741    16
35.4841    23
35.4941    29
35.5041    27
35.5141    28
35.5241    28
35.5341    23
35.5441    23
35.5541    20
35.5641    27
35.5741    28
35.5841    26
35.5941    25
35.6041    34
35.6141    21
35.6241    19
35.6341    25
35.6441    31
35.6541    21
35.6641    25
35.6741    27
35.6841    21
35.6941    13
35.7041    23
35.7141    18
35.7241    29
35.7341    17
35.7441    29
35.7541    19
35.7641    25
35.7741    21
35.7841    27
35.7941    23
35.8041    25
35.8141    20
35.8241    15
35.8341    24
35.8441    18
35.8541    31
35.8641    18
35.8741    28
35.8841    19
35.8941    16
35.9041    17
35.9141    25
35.9241    19
35.9341    27
35.9441    27
35.9541    15
35.9641    27
35.9741    22
35.9841    16
35.9941    13
36.0041    24
36.0141    36
36.0241    25
36.0341    19
36.0441    22
36.0541    18
36.0641    20
36.0741    17
36.0841    17
36.0941    14
36.1041    21
36.1141    27
36.1241    21
36.1341    27
36.1441    19
36.1541    19
36.1641    23
36.1741    26
36.1841    23
36.1941    17
36.2041    18
36.2141    23
36.2241    17
36.2341    20
36.2441    28
36.2541    20
36.2641    21
36.2741    20
36.2841    23
36.2941    17
36.3041    25
36.3141    23
36.3241    20
36.3341    17
36.3441    23
36.3541    15
36.3641    20
36.3741    22
36.3841    17
36.3941    26
36.4041    21
36.4141    19
36.4241    25
36.4341    19
36.4441    24
36.4541    27
36.4641    24
36.4741    19
36.4841    13
36.4941    14
36.5041    18
36.5141    17
36.5241    23
36.5341    15
36.5441    21
36.5541    20
36.5641    19
36.5741    22
36.5841    22
36.5941    30
36.6041    22
36.6141    16
36.6241    14
36.6341    26
36.6441    18
36.6541    21
36.6641    23
36.6741    13
36.6841    21
36.6941    14
36.7041    21
36.7141    14
36.7241    15
36.7341    24
36.7441    18
36.7541    19
36.7641    14
36.7741    20
36.7841    18
36.7941    12
36.8041    15
36.8141    24
36.8241    28
36.8341    19
36.8441    28
36.8541    19
36.8641    14
36.8741    22
36.8841    17
36.8941    22
36.9041    15
36.9141    24
36.9241    15
36.9341    17
36.9441    15
36.9541    24
36.9641    18
36.9741    23
36.9841    15
36.9941    24
37.0041    11
37.0141    15
37.0241    20
37.0341    18
37.0441    18
37.0541    11
37.0641    20
37.0741    25
37.0841    15
37.0941    22
37.1041    18
37.1141    19
37.1241    14
37.1341    13
37.1441    24
37.1541    23
37.1641    16
37.1741    19
37.1841    20
37.1941    18
37.2041    15
37.2141    20
37.2241    26
37.2341    15
37.2441    16
37.2541    21
37.2641    17
37.2741    11
37.2841    20
37.2941    13
37.3041    17
37.3141    18
37.3241    11
37.3341    11
37.3441    20
37.3541    22
37.3641    16
37.3741    15
37.3841    12
37.3941    19
37.4041    18
37.4141    17
37.4241    23
37.4341    16
37.4441    13
37.4541    15
37.4641    14
37.4741    20
37.4841    15
37.4941     9
37.5041    18
37.5141    21
37.5241    16
37.5341    10
37.5441    12
37.5541    20
37.5641    14
37.5741    16
37.5841    11
37.5941    11
37.6041    12
37.6141    17
37.6241    14
37.6341     8
37.6441    15
37.6541    11
37.6641    17
37.6741    19
37.6841    26
37.6941    13
37.7041    16
37.7141    15
37.7241    21
37.7341    15
37.7441    11
37.7541    13
37.7641    18
37.7741    17
37.7841    12
37.7941    21
37.8041    13
37.8141    13
37.8241    21
37.8341    17
37.8441    21
37.8541    16
37.8641    13
37.8741    13
37.8841    15
37.8941    15
37.9041    13
37.9141    14
37.9241    15
37.9341    14
37.9441    14
37.9541    19
37.9641    11
37.9741    13
37.9841    16
37.9941    14
38.0041    12
38.0141    10
38.0241    10
38.0341    12
38.0441    18
38.0541    13
38.0641    17
38.0741    11
38.0841    15
38.0941    16
38.1041     9
38.1141    11
38.1241    16
38.1341    16
38.1441    13
38.1541     7
38.1641    10
38.1741    11
38.1841    14
38.1941    21
38.2041    17
38.2141    15
38.2241     6
38.2341    18
38.2441    19
38.2541    14
38.2641    14
38.2741    10
38.2841    11
38.2941     7
38.3041    12
38.3141     8
38.3241    11
38.3341    11
38.3441    11
38.3541     9
38.3641    10
38.3741    17
38.3841    13
38.3941     8
38.4041    13
38.4141     6
38.4241    10
38.4341    16
38.4441    10
38.4541    13
38.4641    24
38.4741    10
38.4841     5
38.4941    15
38.5041    15
38.5141    11
38.5241    10
38.5341    10
38.5441    12
38.5541    11
38.5641    10
38.5741    14
38.5841    14
38.5941    11
38.6041    21
38.6141     7
38.6241     9
38.6341    12
38.6441     9
38.6541     8
38.6641    12
38.6741    10
38.6841     5
38.6941    10
38.7041    16
38.7141     8
38.7241     7
38.7341    11
38.7441    10
38.7541     9
38.7641     8
38.7741    13
38.7841     6
38.7941    18
38.8041    15
38.8141     7
38.8241    19
38.8341    10
38.8441     8
38.8541    14
38.8641     7
38.8741    10
38.8841     7
38.8941     8
38.9041    11
38.9141    12
38.9241     9
38.9341    10
38.9441    17
38.9541    15
38.9641     8
38.9741    12
38.9841    13
38.9941    10
39.0041    19
39.0141     8
39.0241    13
39.0341    16
39.0441     9
39.0541    15
39.0641     6
39.0741     6
39.0841     8
39.0941    10
39.1041     8
39.1141    12
39.1241     7
39.1341    10
39.1441     7
39.1541     7
39.1641    11
39.1741     7
39.1841    10
39.1941    12
39.2041    10
39.2141     7
39.2241     4
39.2341    12
39.2441     7
39.2541    22
39.2641    11
39.2741    10
39.2841     9
39.2941    10
39.3041     9
39.3141     8
39.3241     6
39.3341    13
39.3441    11
39.3541     6
39.3641    11
39.3741    11
39.3841     5
39.3941    10
39.4041     7
39.4141    12
39.4241     7
39.4341     6
39.4441     8
39.4541     3
39.4641     9
39.4741    11
39.4841    13
39.4941    10
39.5041    10
39.5141    10
39.5241     6
39.5341    13
39.5441     8
39.5541     7
39.5641    15
39.5741     9
39.5841     9
39.5941    11
39.6041    11
39.6141    11
39.6241     4
39.6341     8
39.6441     5
39.6541     6
39.6641    11
39.6741    11
39.6841     5
39.6941     5
39.7041    10
39.7141     9
39.7241    10
39.7341     4
39.7441     7
39.7541     9
39.7641     9
39.7741     5
39.7841     6
39.7941     6
39.8041    11
39.8141     8
39.8241     6
39.8341     6
39.8441     6
39.8541     7
39.8641     8
39.8741     5
39.8841     8
39.8941     8
39.9041    12
39.9141     7
39.9241     8
39.9341     9
39.9441     5
39.9541     5
39.9641     6
39.9741     4
39.9841     7
39.9941     5
