Bruker Nano GmbH Berlin, Germany
Esprit 1.9

Date: 4/21/2021 1:34:31 PM
Real time: 15232
Life time: 14097
Pulse density: 112831


Detector type: XFlash 430
Window type: Custom type
Detector thickness: 0.45
Si dead layer:0.029

Calibration, lin.: 10
Calibration, abs.: -955.9
Mn FWHM: 137.05
Fano factor: 0.121
Channels: 4095

Energy Counts
-0.9559     0
-0.9459     0
-0.9359     0
-0.9259     0
-0.9159     0
-0.9059     0
-0.8959     0
-0.8859     0
-0.8759     0
-0.8659     0
-0.8559     0
-0.8459     0
-0.8359     0
-0.8259     0
-0.8159     0
-0.8059     0
-0.7959     0
-0.7859     0
-0.7759     0
-0.7659     0
-0.7559     0
-0.7459     0
-0.7359     0
-0.7259     0
-0.7159     0
-0.7059     0
-0.6959     0
-0.6859     0
-0.6759     0
-0.6659     0
-0.6559     0
-0.6459     0
-0.6359     0
-0.6259     0
-0.6159     0
-0.6059     0
-0.5959     0
-0.5859     0
-0.5759     0
-0.5659     0
-0.5559     0
-0.5459     0
-0.5359     0
-0.5259     0
-0.5159     0
-0.5059     0
-0.4959     0
-0.4859     0
-0.4759     0
-0.4659     0
-0.4559     0
-0.4459     0
-0.4359     0
-0.4259     0
-0.4159     0
-0.4059     0
-0.3959     0
-0.3859     0
-0.3759     0
-0.3659     0
-0.3559     0
-0.3459     0
-0.3359     0
-0.3259     0
-0.3159     0
-0.3059     0
-0.2959     0
-0.2859     0
-0.2759     0
-0.2659     0
-0.2559     0
-0.2459     0
-0.2359     0
-0.2259     0
-0.2159     0
-0.2059     0
-0.1959     0
-0.1859     0
-0.1759     0
-0.1659     0
-0.1559     0
-0.1459     0
-0.1359     0
-0.1259     1
-0.1159     2
-0.1059    15
-0.0959    40
-0.0859   173
-0.0759   502
-0.0659  1546
-0.0559  4116
-0.0459  8897
-0.0359 16796
-0.0259 26866
-0.0159 37181
-0.0059 43002
 0.0041 43425
 0.0141 37346
 0.0241 27606
 0.0341 17366
 0.0441  9579
 0.0541  4439
 0.0641  1768
 0.0741   573
 0.0841   207
 0.0941    67
 0.1041    18
 0.1141     6
 0.1241     4
 0.1341     6
 0.1441     0
 0.1541     2
 0.1641     3
 0.1741    12
 0.1841   122
 0.1941   223
 0.2041   227
 0.2141   214
 0.2241   196
 0.2341   215
 0.2441   229
 0.2541   224
 0.2641   215
 0.2741   206
 0.2841   191
 0.2941   198
 0.3041   199
 0.3141   186
 0.3241   189
 0.3341   205
 0.3441   204
 0.3541   173
 0.3641   178
 0.3741   184
 0.3841   200
 0.3941   188
 0.4041   179
 0.4141   181
 0.4241   170
 0.4341   185
 0.4441   190
 0.4541   177
 0.4641   186
 0.4741   191
 0.4841   176
 0.4941   173
 0.5041   191
 0.5141   188
 0.5241   166
 0.5341   177
 0.5441   150
 0.5541   153
 0.5641   161
 0.5741   166
 0.5841   163
 0.5941   161
 0.6041   160
 0.6141   168
 0.6241   168
 0.6341   156
 0.6441   155
 0.6541   155
 0.6641   158
 0.6741   156
 0.6841   147
 0.6941   154
 0.7041   141
 0.7141   140
 0.7241   152
 0.7341   147
 0.7441   147
 0.7541   153
 0.7641   143
 0.7741   149
 0.7841   159
 0.7941   154
 0.8041   147
 0.8141   148
 0.8241   150
 0.8341   145
 0.8441   153
 0.8541   132
 0.8641   139
 0.8741   147
 0.8841   137
 0.8941   130
 0.9041   123
 0.9141   140
 0.9241   130
 0.9341   140
 0.9441   145
 0.9541   143
 0.9641   145
 0.9741   144
 0.9841   137
 0.9941   134
 1.0041   139
 1.0141   137
 1.0241   125
 1.0341   122
 1.0441   119
 1.0541   121
 1.0641   132
 1.0741   120
 1.0841   123
 1.0941   139
 1.1041   132
 1.1141   133
 1.1241   139
 1.1341   130
 1.1441   140
 1.1541   142
 1.1641   125
 1.1741   148
 1.1841   120
 1.1941   120
 1.2041   131
 1.2141   135
 1.2241   129
 1.2341   118
 1.2441   123
 1.2541   128
 1.2641   125
 1.2741   128
 1.2841   146
 1.2941   134
 1.3041   140
 1.3141   125
 1.3241   127
 1.3341   122
 1.3441   121
 1.3541   131
 1.3641   130
 1.3741   123
 1.3841   133
 1.3941   126
 1.4041   105
 1.4141   116
 1.4241   108
 1.4341   129
 1.4441   123
 1.4541   129
 1.4641   132
 1.4741   135
 1.4841   123
 1.4941   137
 1.5041   125
 1.5141   123
 1.5241   128
 1.5341   123
 1.5441   116
 1.5541   132
 1.5641   129
 1.5741   123
 1.5841   113
 1.5941   124
 1.6041   134
 1.6141   115
 1.6241   115
 1.6341   130
 1.6441   130
 1.6541   154
 1.6641   174
 1.6741   213
 1.6841   279
 1.6941   333
 1.7041   428
 1.7141   525
 1.7241   532
 1.7341   619
 1.7441   593
 1.7541   551
 1.7641   460
 1.7741   370
 1.7841   350
 1.7941   300
 1.8041   245
 1.8141   220
 1.8241   199
 1.8341   192
 1.8441   165
 1.8541   166
 1.8641   142
 1.8741   146
 1.8841   128
 1.8941   115
 1.9041   133
 1.9141   126
 1.9241   130
 1.9341   102
 1.9441   108
 1.9541   150
 1.9641   140
 1.9741   157
 1.9841   144
 1.9941   140
 2.0041   161
 2.0141   149
 2.0241   148
 2.0341   145
 2.0441   151
 2.0541   133
 2.0641   122
 2.0741   124
 2.0841   123
 2.0941   111
 2.1041   117
 2.1141    97
 2.1241   108
 2.1341   106
 2.1441   119
 2.1541   117
 2.1641    96
 2.1741   104
 2.1841    84
 2.1941    99
 2.2041   101
 2.2141   102
 2.2241   103
 2.2341    98
 2.2441    92
 2.2541   100
 2.2641   100
 2.2741    99
 2.2841   100
 2.2941   110
 2.3041    97
 2.3141   107
 2.3241   114
 2.3341    98
 2.3441   108
 2.3541   102
 2.3641   119
 2.3741    95
 2.3841   107
 2.3941   112
 2.4041   104
 2.4141    94
 2.4241    95
 2.4341    90
 2.4441    83
 2.4541   104
 2.4641    91
 2.4741   103
 2.4841   108
 2.4941    91
 2.5041   107
 2.5141    90
 2.5241    93
 2.5341    72
 2.5441    87
 2.5541    95
 2.5641    95
 2.5741    86
 2.5841   107
 2.5941    99
 2.6041    76
 2.6141    82
 2.6241    75
 2.6341    80
 2.6441   113
 2.6541   111
 2.6641    98
 2.6741    77
 2.6841   114
 2.6941    87
 2.7041    98
 2.7141    78
 2.7241    84
 2.7341    78
 2.7441    81
 2.7541    82
 2.7641   107
 2.7741   100
 2.7841    93
 2.7941   107
 2.8041    86
 2.8141   113
 2.8241    83
 2.8341   102
 2.8441    85
 2.8541    91
 2.8641    88
 2.8741    89
 2.8841    88
 2.8941   111
 2.9041    92
 2.9141    93
 2.9241    92
 2.9341    71
 2.9441    89
 2.9541    80
 2.9641    96
 2.9741    87
 2.9841    92
 2.9941   100
 3.0041    87
 3.0141    81
 3.0241    84
 3.0341    81
 3.0441    85
 3.0541    79
 3.0641    80
 3.0741    74
 3.0841    74
 3.0941    84
 3.1041    96
 3.1141    72
 3.1241    72
 3.1341    59
 3.1441    80
 3.1541    96
 3.1641    87
 3.1741    79
 3.1841    80
 3.1941    80
 3.2041    80
 3.2141    69
 3.2241    88
 3.2341    87
 3.2441    99
 3.2541   107
 3.2641   117
 3.2741   131
 3.2841   131
 3.2941   147
 3.3041   132
 3.3141   167
 3.3241   120
 3.3341   145
 3.3441   139
 3.3541   121
 3.3641   108
 3.3741    94
 3.3841    86
 3.3941    78
 3.4041    85
 3.4141    95
 3.4241    72
 3.4341    72
 3.4441    65
 3.4541    75
 3.4641    69
 3.4741    83
 3.4841    82
 3.4941    73
 3.5041    68
 3.5141    73
 3.5241    80
 3.5341    83
 3.5441    84
 3.5541   120
 3.5641   115
 3.5741   127
 3.5841   147
 3.5941   194
 3.6041   224
 3.6141   296
 3.6241   372
 3.6341   440
 3.6441   526
 3.6541   594
 3.6641   678
 3.6741   766
 3.6841   776
 3.6941   791
 3.7041   762
 3.7141   681
 3.7241   587
 3.7341   540
 3.7441   434
 3.7541   349
 3.7641   269
 3.7741   222
 3.7841   165
 3.7941   128
 3.8041   114
 3.8141    84
 3.8241    70
 3.8341    70
 3.8441    64
 3.8541    68
 3.8641    74
 3.8741    70
 3.8841    68
 3.8941    63
 3.9041    82
 3.9141    70
 3.9241    83
 3.9341    78
 3.9441   100
 3.9541   126
 3.9641   119
 3.9741   136
 3.9841   138
 3.9941   143
 4.0041   140
 4.0141   144
 4.0241   160
 4.0341   129
 4.0441   139
 4.0541   136
 4.0641   126
 4.0741    98
 4.0841    96
 4.0941    81
 4.1041    76
 4.1141    82
 4.1241    71
 4.1341    59
 4.1441    63
 4.1541    59
 4.1641    61
 4.1741    68
 4.1841    70
 4.1941    56
 4.2041    63
 4.2141    41
 4.2241    52
 4.2341    61
 4.2441    58
 4.2541    49
 4.2641    64
 4.2741    50
 4.2841    52
 4.2941    51
 4.3041    56
 4.3141    55
 4.3241    62
 4.3341    65
 4.3441    76
 4.3541    68
 4.3641    70
 4.3741    67
 4.3841    77
 4.3941    96
 4.4041   126
 4.4141   149
 4.4241   179
 4.4341   192
 4.4441   219
 4.4541   273
 4.4641   278
 4.4741   350
 4.4841   372
 4.4941   377
 4.5041   351
 4.5141   386
 4.5241   398
 4.5341   336
 4.5441   256
 4.5541   262
 4.5641   236
 4.5741   214
 4.5841   186
 4.5941   134
 4.6041   135
 4.6141   102
 4.6241    94
 4.6341    90
 4.6441    72
 4.6541    70
 4.6641    62
 4.6741    65
 4.6841    62
 4.6941    67
 4.7041    76
 4.7141    70
 4.7241    84
 4.7341    83
 4.7441    74
 4.7541    74
 4.7641    83
 4.7741    84
 4.7841    85
 4.7941    82
 4.8041    90
 4.8141   105
 4.8241   104
 4.8341   120
 4.8441   123
 4.8541   118
 4.8641   135
 4.8741   140
 4.8841   116
 4.8941   131
 4.9041   132
 4.9141   121
 4.9241   138
 4.9341   121
 4.9441   121
 4.9541   140
 4.9641   114
 4.9741   125
 4.9841   125
 4.9941   115
 5.0041   125
 5.0141    93
 5.0241    99
 5.0341    99
 5.0441    79
 5.0541    84
 5.0641    80
 5.0741    70
 5.0841    92
 5.0941    83
 5.1041    82
 5.1141    88
 5.1241    70
 5.1341    90
 5.1441    84
 5.1541    78
 5.1641    75
 5.1741    75
 5.1841    81
 5.1941    80
 5.2041    85
 5.2141    63
 5.2241    71
 5.2341    75
 5.2441    79
 5.2541    84
 5.2641    78
 5.2741    80
 5.2841    76
 5.2941    87
 5.3041    83
 5.3141    68
 5.3241    93
 5.3341   102
 5.3441    99
 5.3541    80
 5.3641   113
 5.3741   106
 5.3841   112
 5.3941   117
 5.4041   124
 5.4141   124
 5.4241   126
 5.4341   114
 5.4441   106
 5.4541   102
 5.4641   104
 5.4741   103
 5.4841   110
 5.4941   114
 5.5041   103
 5.5141   102
 5.5241    89
 5.5341   100
 5.5441    67
 5.5541    82
 5.5641    96
 5.5741    83
 5.5841    87
 5.5941    96
 5.6041    88
 5.6141    93
 5.6241    78
 5.6341    89
 5.6441   100
 5.6541    97
 5.6641   102
 5.6741   103
 5.6841   110
 5.6941   114
 5.7041   122
 5.7141   159
 5.7241   159
 5.7341   211
 5.7441   258
 5.7541   391
 5.7641   487
 5.7741   658
 5.7841   901
 5.7941  1131
 5.8041  1528
 5.8141  1909
 5.8241  2267
 5.8341  2810
 5.8441  3354
 5.8541  3648
 5.8641  3996
 5.8741  4306
 5.8841  4593
 5.8941  4738
 5.9041  4673
 5.9141  4561
 5.9241  4074
 5.9341  3745
 5.9441  3309
 5.9541  2760
 5.9641  2299
 5.9741  1859
 5.9841  1450
 5.9941  1124
 6.0041   843
 6.0141   665
 6.0241   484
 6.0341   378
 6.0441   290
 6.0541   227
 6.0641   167
 6.0741   155
 6.0841   132
 6.0941   158
 6.1041   151
 6.1141   127
 6.1241   157
 6.1341   149
 6.1441   159
 6.1541   191
 6.1641   197
 6.1741   231
 6.1841   307
 6.1941   357
 6.2041   419
 6.2141   574
 6.2241   729
 6.2341  1071
 6.2441  1493
 6.2541  2098
 6.2641  2998
 6.2741  3988
 6.2841  5526
 6.2941  7443
 6.3041  9555
 6.3141 11851
 6.3241 14862
 6.3341 17854
 6.3441 21227
 6.3541 24082
 6.3641 26303
 6.3741 29067
 6.3841 30285
 6.3941 31302
 6.4041 31072
 6.4141 30182
 6.4241 28899
 6.4341 26721
 6.4441 23828
 6.4541 20587
 6.4641 17712
 6.4741 14698
 6.4841 12215
 6.4941  9345
 6.5041  7418
 6.5141  5515
 6.5241  4080
 6.5341  3085
 6.5441  2230
 6.5541  1643
 6.5641  1218
 6.5741   856
 6.5841   598
 6.5941   489
 6.6041   353
 6.6141   261
 6.6241   237
 6.6341   209
 6.6441   180
 6.6541   179
 6.6641   178
 6.6741   185
 6.6841   172
 6.6941   155
 6.7041   159
 6.7141   163
 6.7241   161
 6.7341   146
 6.7441   162
 6.7541   167
 6.7641   139
 6.7741   137
 6.7841   158
 6.7941   190
 6.8041   202
 6.8141   200
 6.8241   211
 6.8341   203
 6.8441   243
 6.8541   250
 6.8641   342
 6.8741   328
 6.8841   406
 6.8941   510
 6.9041   581
 6.9141   748
 6.9241   929
 6.9341  1120
 6.9441  1350
 6.9541  1687
 6.9641  1942
 6.9741  2363
 6.9841  2841
 6.9941  3351
 7.0041  3720
 7.0141  4005
 7.0241  4400
 7.0341  4638
 7.0441  4902
 7.0541  4954
 7.0641  4950
 7.0741  4709
 7.0841  4388
 7.0941  4088
 7.1041  3650
 7.1141  3162
 7.1241  2680
 7.1341  2323
 7.1441  1849
 7.1541  1487
 7.1641  1127
 7.1741   901
 7.1841   685
 7.1941   542
 7.2041   444
 7.2141   346
 7.2241   273
 7.2341   218
 7.2441   201
 7.2541   169
 7.2641   186
 7.2741   174
 7.2841   151
 7.2941   146
 7.3041   171
 7.3141   172
 7.3241   150
 7.3341   176
 7.3441   163
 7.3541   199
 7.3641   207
 7.3741   173
 7.3841   219
 7.3941   223
 7.4041   242
 7.4141   252
 7.4241   243
 7.4341   234
 7.4441   240
 7.4541   239
 7.4641   242
 7.4741   237
 7.4841   238
 7.4941   224
 7.5041   201
 7.5141   196
 7.5241   202
 7.5341   191
 7.5441   191
 7.5541   171
 7.5641   164
 7.5741   162
 7.5841   153
 7.5941   142
 7.6041   136
 7.6141   164
 7.6241   183
 7.6341   173
 7.6441   149
 7.6541   147
 7.6641   162
 7.6741   171
 7.6841   153
 7.6941   138
 7.7041   166
 7.7141   156
 7.7241   142
 7.7341   162
 7.7441   174
 7.7541   159
 7.7641   165
 7.7741   189
 7.7841   165
 7.7941   188
 7.8041   190
 7.8141   178
 7.8241   202
 7.8341   191
 7.8441   188
 7.8541   214
 7.8641   224
 7.8741   234
 7.8841   211
 7.8941   220
 7.9041   240
 7.9141   240
 7.9241   265
 7.9341   250
 7.9441   251
 7.9541   313
 7.9641   337
 7.9741   352
 7.9841   375
 7.9941   409
 8.0041   402
 8.0141   435
 8.0241   505
 8.0341   517
 8.0441   552
 8.0541   607
 8.0641   658
 8.0741   694
 8.0841   776
 8.0941   776
 8.1041   800
 8.1141   820
 8.1241   888
 8.1341   909
 8.1441   913
 8.1541   899
 8.1641   972
 8.1741  1000
 8.1841  1015
 8.1941  1008
 8.2041   992
 8.2141  1002
 8.2241  1019
 8.2341   994
 8.2441   997
 8.2541  1131
 8.2641  1165
 8.2741  1234
 8.2841  1368
 8.2941  1445
 8.3041  1527
 8.3141  1648
 8.3241  1773
 8.3341  1882
 8.3441  1959
 8.3541  2197
 8.3641  2235
 8.3741  2331
 8.3841  2298
 8.3941  2351
 8.4041  2234
 8.4141  2238
 8.4241  2095
 8.4341  1912
 8.4441  1746
 8.4541  1666
 8.4641  1434
 8.4741  1269
 8.4841  1105
 8.4941   935
 8.5041   822
 8.5141   670
 8.5241   605
 8.5341   516
 8.5441   528
 8.5541   440
 8.5641   409
 8.5741   400
 8.5841   403
 8.5941   391
 8.6041   403
 8.6141   439
 8.6241   369
 8.6341   415
 8.6441   384
 8.6541   357
 8.6641   378
 8.6741   371
 8.6841   365
 8.6941   339
 8.7041   331
 8.7141   305
 8.7241   281
 8.7341   250
 8.7441   282
 8.7541   257
 8.7641   238
 8.7741   240
 8.7841   235
 8.7941   220
 8.8041   224
 8.8141   202
 8.8241   207
 8.8341   206
 8.8441   209
 8.8541   207
 8.8641   223
 8.8741   222
 8.8841   211
 8.8941   225
 8.9041   224
 8.9141   219
 8.9241   235
 8.9341   238
 8.9441   242
 8.9541   231
 8.9641   232
 8.9741   237
 8.9841   242
 8.9941   222
 9.0041   247
 9.0141   249
 9.0241   254
 9.0341   278
 9.0441   282
 9.0541   268
 9.0641   277
 9.0741   302
 9.0841   303
 9.0941   319
 9.1041   348
 9.1141   337
 9.1241   337
 9.1341   377
 9.1441   377
 9.1541   372
 9.1641   437
 9.1741   485
 9.1841   473
 9.1941   511
 9.2041   485
 9.2141   536
 9.2241   587
 9.2341   590
 9.2441   635
 9.2541   626
 9.2641   645
 9.2741   702
 9.2841   762
 9.2941   738
 9.3041   773
 9.3141   813
 9.3241   829
 9.3341   820
 9.3441   877
 9.3541   899
 9.3641   879
 9.3741   872
 9.3841   930
 9.3941   921
 9.4041   939
 9.4141   989
 9.4241  1033
 9.4341   982
 9.4441  1015
 9.4541  1002
 9.4641  1010
 9.4741  1039
 9.4841  1075
 9.4941  1058
 9.5041  1134
 9.5141  1151
 9.5241  1176
 9.5341  1246
 9.5441  1270
 9.5541  1298
 9.5641  1387
 9.5741  1489
 9.5841  1516
 9.5941  1635
 9.6041  1761
 9.6141  1855
 9.6241  1898
 9.6341  1987
 9.6441  1989
 9.6541  2024
 9.6641  2043
 9.6741  2080
 9.6841  2018
 9.6941  1940
 9.7041  1915
 9.7141  1820
 9.7241  1747
 9.7341  1634
 9.7441  1391
 9.7541  1345
 9.7641  1262
 9.7741  1194
 9.7841  1098
 9.7941  1045
 9.8041   981
 9.8141   901
 9.8241   903
 9.8341   847
 9.8441   846
 9.8541   814
 9.8641   800
 9.8741   858
 9.8841   896
 9.8941   880
 9.9041   910
 9.9141   923
 9.9241   911
 9.9341   903
 9.9441   917
 9.9541   911
 9.9641   908
 9.9741   876
 9.9841   846
 9.9941   809
10.0041   731
10.0141   704
10.0241   641
10.0341   555
10.0441   519
10.0541   514
10.0641   442
10.0741   370
10.0841   337
10.0941   287
10.1041   276
10.1141   273
10.1241   244
10.1341   214
10.1441   221
10.1541   208
10.1641   204
10.1741   189
10.1841   179
10.1941   174
10.2041   187
10.2141   165
10.2241   136
10.2341   152
10.2441   145
10.2541   133
10.2641   138
10.2741   130
10.2841   141
10.2941   140
10.3041   125
10.3141   128
10.3241   122
10.3341   123
10.3441   144
10.3541   123
10.3641   113
10.3741   104
10.3841   120
10.3941   101
10.4041   120
10.4141   125
10.4241   115
10.4341   129
10.4441   114
10.4541   110
10.4641   116
10.4741   121
10.4841   127
10.4941   127
10.5041   144
10.5141   136
10.5241   124
10.5341   132
10.5441   132
10.5541   145
10.5641   128
10.5741   121
10.5841   119
10.5941   129
10.6041   137
10.6141   139
10.6241   145
10.6341   160
10.6441   141
10.6541   135
10.6641   151
10.6741   139
10.6841   153
10.6941   154
10.7041   141
10.7141   168
10.7241   158
10.7341   172
10.7441   185
10.7541   180
10.7641   189
10.7741   188
10.7841   175
10.7941   201
10.8041   197
10.8141   188
10.8241   197
10.8341   203
10.8441   216
10.8541   217
10.8641   222
10.8741   213
10.8841   201
10.8941   205
10.9041   183
10.9141   207
10.9241   233
10.9341   225
10.9441   208
10.9541   228
10.9641   197
10.9741   178
10.9841   194
10.9941   204
11.0041   207
11.0141   206
11.0241   205
11.0341   196
11.0441   198
11.0541   182
11.0641   189
11.0741   210
11.0841   183
11.0941   144
11.1041   173
11.1141   206
11.1241   191
11.1341   171
11.1441   182
11.1541   198
11.1641   201
11.1741   199
11.1841   223
11.1941   224
11.2041   232
11.2141   227
11.2241   231
11.2341   265
11.2441   255
11.2541   276
11.2641   275
11.2741   279
11.2841   300
11.2941   284
11.3041   288
11.3141   266
11.3241   256
11.3341   268
11.3441   258
11.3541   247
11.3641   225
11.3741   217
11.3841   205
11.3941   191
11.4041   178
11.4141   185
11.4241   181
11.4341   162
11.4441   140
11.4541   146
11.4641   150
11.4741   141
11.4841   137
11.4941   138
11.5041   143
11.5141   152
11.5241   151
11.5341   149
11.5441   145
11.5541   123
11.5641   143
11.5741   168
11.5841   165
11.5941   155
11.6041   150
11.6141   148
11.6241   164
11.6341   160
11.6441   168
11.6541   174
11.6641   160
11.6741   164
11.6841   142
11.6941   147
11.7041   152
11.7141   135
11.7241   136
11.7341   130
11.7441   140
11.7541   127
11.7641   124
11.7741   137
11.7841   127
11.7941   111
11.8041   110
11.8141   102
11.8241   118
11.8341   119
11.8441   122
11.8541   103
11.8641    99
11.8741    95
11.8841    95
11.8941   114
11.9041   127
11.9141   126
11.9241   123
11.9341   118
11.9441   113
11.9541   121
11.9641   111
11.9741   111
11.9841   122
11.9941   134
12.0041   114
12.0141   112
12.0241   123
12.0341   119
12.0441   118
12.0541   117
12.0641   106
12.0741   118
12.0841   114
12.0941   109
12.1041   111
12.1141   110
12.1241   109
12.1341   103
12.1441    96
12.1541   110
12.1641   118
12.1741   118
12.1841   116
12.1941   117
12.2041   118
12.2141   114
12.2241   111
12.2341   113
12.2441   115
12.2541   116
12.2641   114
12.2741   110
12.2841   107
12.2941   106
12.3041   111
12.3141   114
12.3241   114
12.3341   113
12.3441   111
12.3541   107
12.3641   110
12.3741   118
12.3841   115
12.3941   106
12.4041   104
12.4141   105
12.4241   108
12.4341   110
12.4441   110
12.4541   107
12.4641   106
12.4741   116
12.4841   108
12.4941   104
12.5041   116
12.5141   114
12.5241   117
12.5341   112
12.5441   105
12.5541   105
12.5641   112
12.5741   120
12.5841   128
12.5941   126
12.6041   117
12.6141   121
12.6241   115
12.6341   105
12.6441   107
12.6541   109
12.6641   108
12.6741   109
12.6841   109
12.6941   111
12.7041   112
12.7141   111
12.7241   112
12.7341   120
12.7441   127
12.7541   130
12.7641   128
12.7741   118
12.7841   110
12.7941   111
12.8041   114
12.8141   116
12.8241   122
12.8341   128
12.8441   130
12.8541   127
12.8641   121
12.8741   120
12.8841   120
12.8941   117
12.9041   115
12.9141   116
12.9241   118
12.9341   122
12.9441   124
12.9541   123
12.9641   119
12.9741   117
12.9841   127
12.9941   129
13.0041   122
13.0141   127
13.0241   135
13.0341   142
13.0441   145
13.0541   146
13.0641   134
13.0741   128
13.0841   126
13.0941   117
13.1041   123
13.1141   130
13.1241   140
13.1341   142
13.1441   133
13.1541   134
13.1641   150
13.1741   147
13.1841   141
13.1941   149
13.2041   137
13.2141   128
13.2241   140
13.2341   155
13.2441   158
13.2541   159
13.2641   146
13.2741   142
13.2841   153
13.2941   162
13.3041   153
13.3141   149
13.3241   166
13.3341   175
13.3441   171
13.3541   167
13.3641   169
13.3741   167
13.3841   165
13.3941   172
13.4041   178
13.4141   171
13.4241   169
13.4341   176
13.4441   177
13.4541   175
13.4641   173
13.4741   171
13.4841   171
13.4941   165
13.5041   155
13.5141   152
13.5241   147
13.5341   149
13.5441   162
13.5541   167
13.5641   160
13.5741   155
13.5841   159
13.5941   159
13.6041   154
13.6141   154
13.6241   159
13.6341   162
13.6441   163
13.6541   166
13.6641   164
13.6741   155
13.6841   149
13.6941   150
13.7041   158
13.7141   162
13.7241   158
13.7341   151
13.7441   143
13.7541   141
13.7641   154
13.7741   162
13.7841   156
13.7941   164
13.8041   163
13.8141   144
13.8241   145
13.8341   157
13.8441   161
13.8541   156
13.8641   152
13.8741   151
13.8841   155
13.8941   167
13.9041   163
13.9141   165
13.9241   169
13.9341   159
13.9441   165
13.9541   183
13.9641   175
13.9741   156
13.9841   163
13.9941   173
14.0041   173
14.0141   174
14.0241   179
14.0341   202
14.0441   207
14.0541   194
14.0641   183
14.0741   181
14.0841   198
14.0941   219
14.1041   219
14.1141   206
14.1241   210
14.1341   209
14.1441   203
14.1541   212
14.1641   217
14.1741   224
14.1841   217
14.1941   208
14.2041   208
14.2141   216
14.2241   213
14.2341   204
14.2441   207
14.2541   203
14.2641   204
14.2741   197
14.2841   184
14.2941   182
14.3041   187
14.3141   183
14.3241   180
14.3341   188
14.3441   180
14.3541   178
14.3641   172
14.3741   163
14.3841   169
14.3941   187
14.4041   192
14.4141   178
14.4241   182
14.4341   184
14.4441   175
14.4541   176
14.4641   189
14.4741   183
14.4841   180
14.4941   162
14.5041   164
14.5141   194
14.5241   191
14.5341   189
14.5441   175
14.5541   190
14.5641   207
14.5741   194
14.5841   174
14.5941   161
14.6041   168
14.6141   185
14.6241   189
14.6341   186
14.6441   199
14.6541   193
14.6641   182
14.6741   188
14.6841   186
14.6941   186
14.7041   170
14.7141   172
14.7241   183
14.7341   199
14.7441   206
14.7541   207
14.7641   211
14.7741   210
14.7841   207
14.7941   202
14.8041   222
14.8141   209
14.8241   191
14.8341   202
14.8441   197
14.8541   208
14.8641   224
14.8741   224
14.8841   211
14.8941   212
14.9041   223
14.9141   237
14.9241   238
14.9341   226
14.9441   223
14.9541   235
14.9641   233
14.9741   219
14.9841   200
14.9941   217
15.0041   242
15.0141   221
15.0241   195
15.0341   203
15.0441   215
15.0541   220
15.0641   213
15.0741   201
15.0841   219
15.0941   194
15.1041   183
15.1141   216
15.1241   214
15.1341   221
15.1441   219
15.1541   200
15.1641   198
15.1741   189
15.1841   204
15.1941   215
15.2041   218
15.2141   210
15.2241   202
15.2341   214
15.2441   211
15.2541   225
15.2641   241
15.2741   235
15.2841   206
15.2941   217
15.3041   210
15.3141   195
15.3241   205
15.3341   218
15.3441   205
15.3541   181
15.3641   190
15.3741   198
15.3841   207
15.3941   196
15.4041   207
15.4141   220
15.4241   229
15.4341   246
15.4441   239
15.4541   228
15.4641   211
15.4741   211
15.4841   221
15.4941   245
15.5041   243
15.5141   242
15.5241   233
15.5341   242
15.5441   252
15.5541   262
15.5641   275
15.5741   260
15.5841   260
15.5941   277
15.6041   264
15.6141   265
15.6241   285
15.6341   312
15.6441   317
15.6541   315
15.6641   328
15.6741   334
15.6841   343
15.6941   333
15.7041   349
15.7141   352
15.7241   345
15.7341   376
15.7441   402
15.7541   404
15.7641   391
15.7741   367
15.7841   374
15.7941   372
15.8041   384
15.8141   374
15.8241   354
15.8341   354
15.8441   325
15.8541   322
15.8641   327
15.8741   295
15.8841   280
15.8941   280
15.9041   295
15.9141   286
15.9241   270
15.9341   268
15.9441   264
15.9541   246
15.9641   236
15.9741   243
15.9841   254
15.9941   280
16.0041   272
16.0141   256
16.0241   247
16.0341   237
16.0441   226
16.0541   230
16.0641   242
16.0741   231
16.0841   247
16.0941   262
16.1041   237
16.1141   239
16.1241   238
16.1341   241
16.1441   260
16.1541   265
16.1641   254
16.1741   247
16.1841   256
16.1941   259
16.2041   249
16.2141   234
16.2241   243
16.2341   244
16.2441   239
16.2541   253
16.2641   247
16.2741   273
16.2841   260
16.2941   251
16.3041   252
16.3141   249
16.3241   236
16.3341   234
16.3441   256
16.3541   240
16.3641   270
16.3741   282
16.3841   265
16.3941   265
16.4041   266
16.4141   270
16.4241   270
16.4341   256
16.4441   265
16.4541   268
16.4641   282
16.4741   260
16.4841   244
16.4941   274
16.5041   279
16.5141   278
16.5241   266
16.5341   292
16.5441   276
16.5541   260
16.5641   277
16.5741   290
16.5841   275
16.5941   278
16.6041   286
16.6141   272
16.6241   286
16.6341   281
16.6441   296
16.6541   285
16.6641   276
16.6741   270
16.6841   282
16.6941   279
16.7041   278
16.7141   264
16.7241   268
16.7341   278
16.7441   300
16.7541   276
16.7641   275
16.7741   266
16.7841   258
16.7941   274
16.8041   275
16.8141   301
16.8241   292
16.8341   296
16.8441   290
16.8541   269
16.8641   264
16.8741   285
16.8841   292
16.8941   293
16.9041   282
16.9141   284
16.9241   287
16.9341   290
16.9441   343
16.9541   320
16.9641   264
16.9741   278
16.9841   285
16.9941   272
17.0041   285
17.0141   296
17.0241   302
17.0341   297
17.0441   296
17.0541   311
17.0641   294
17.0741   296
17.0841   290
17.0941   281
17.1041   274
17.1141   281
17.1241   279
17.1341   308
17.1441   299
17.1541   293
17.1641   303
17.1741   306
17.1841   306
17.1941   308
17.2041   286
17.2141   279
17.2241   287
17.2341   293
17.2441   316
17.2541   301
17.2641   303
17.2741   300
17.2841   323
17.2941   311
17.3041   296
17.3141   284
17.3241   303
17.3341   306
17.3441   314
17.3541   321
17.3641   312
17.3741   312
17.3841   293
17.3941   317
17.4041   301
17.4141   306
17.4241   328
17.4341   327
17.4441   302
17.4541   309
17.4641   310
17.4741   323
17.4841   331
17.4941   318
17.5041   337
17.5141   334
17.5241   329
17.5341   313
17.5441   315
17.5541   345
17.5641   346
17.5741   346
17.5841   338
17.5941   347
17.6041   350
17.6141   326
17.6241   352
17.6341   329
17.6441   343
17.6541   334
17.6641   338
17.6741   355
17.6841   341
17.6941   351
17.7041   348
17.7141   331
17.7241   342
17.7341   361
17.7441   355
17.7541   335
17.7641   317
17.7741   342
17.7841   357
17.7941   354
17.8041   344
17.8141   358
17.8241   341
17.8341   312
17.8441   328
17.8541   327
17.8641   327
17.8741   345
17.8841   348
17.8941   338
17.9041   338
17.9141   330
17.9241   347
17.9341   349
17.9441   324
17.9541   335
17.9641   343
17.9741   350
17.9841   361
17.9941   363
18.0041   347
18.0141   345
18.0241   362
18.0341   332
18.0441   330
18.0541   328
18.0641   335
18.0741   363
18.0841   377
18.0941   349
18.1041   355
18.1141   344
18.1241   346
18.1341   336
18.1441   329
18.1541   342
18.1641   334
18.1741   328
18.1841   323
18.1941   342
18.2041   366
18.2141   383
18.2241   359
18.2341   349
18.2441   344
18.2541   341
18.2641   344
18.2741   350
18.2841   355
18.2941   354
18.3041   334
18.3141   345
18.3241   329
18.3341   327
18.3441   353
18.3541   353
18.3641   334
18.3741   346
18.3841   369
18.3941   358
18.4041   366
18.4141   357
18.4241   363
18.4341   332
18.4441   339
18.4541   317
18.4641   335
18.4741   347
18.4841   349
18.4941   350
18.5041   349
18.5141   368
18.5241   326
18.5341   353
18.5441   376
18.5541   374
18.5641   363
18.5741   367
18.5841   337
18.5941   356
18.6041   364
18.6141   366
18.6241   376
18.6341   368
18.6441   336
18.6541   355
18.6641   355
18.6741   361
18.6841   360
18.6941   388
18.7041   362
18.7141   366
18.7241   349
18.7341   359
18.7441   379
18.7541   376
18.7641   356
18.7741   379
18.7841   392
18.7941   359
18.8041   377
18.8141   353
18.8241   369
18.8341   400
18.8441   408
18.8541   393
18.8641   385
18.8741   394
18.8841   382
18.8941   387
18.9041   366
18.9141   363
18.9241   353
18.9341   354
18.9441   406
18.9541   374
18.9641   390
18.9741   374
18.9841   363
18.9941   344
19.0041   381
19.0141   359
19.0241   338
19.0341   358
19.0441   372
19.0541   387
19.0641   395
19.0741   389
19.0841   356
19.0941   361
19.1041   398
19.1141   413
19.1241   376
19.1341   389
19.1441   371
19.1541   374
19.1641   391
19.1741   383
19.1841   345
19.1941   360
19.2041   396
19.2141   409
19.2241   402
19.2341   376
19.2441   388
19.2541   380
19.2641   363
19.2741   394
19.2841   369
19.2941   430
19.3041   381
19.3141   363
19.3241   364
19.3341   345
19.3441   354
19.3541   400
19.3641   406
19.3741   390
19.3841   379
19.3941   386
19.4041   362
19.4141   363
19.4241   343
19.4341   354
19.4441   391
19.4541   390
19.4641   375
19.4741   386
19.4841   428
19.4941   393
19.5041   371
19.5141   368
19.5241   391
19.5341   378
19.5441   375
19.5541   398
19.5641   377
19.5741   387
19.5841   406
19.5941   388
19.6041   383
19.6141   399
19.6241   387
19.6341   399
19.6441   413
19.6541   398
19.6641   401
19.6741   382
19.6841   342
19.6941   363
19.7041   386
19.7141   377
19.7241   373
19.7341   381
19.7441   390
19.7541   391
19.7641   363
19.7741   407
19.7841   374
19.7941   406
19.8041   395
19.8141   377
19.8241   402
19.8341   383
19.8441   387
19.8541   387
19.8641   395
19.8741   428
19.8841   398
19.8941   424
19.9041   400
19.9141   404
19.9241   419
19.9341   406
19.9441   380
19.9541   394
19.9641   402
19.9741   375
19.9841   393
19.9941   387
20.0041   385
20.0141   375
20.0241   399
20.0341   405
20.0441   397
20.0541   438
20.0641   403
20.0741   434
20.0841   401
20.0941   393
20.1041   408
20.1141   375
20.1241   361
20.1341   405
20.1441   379
20.1541   405
20.1641   430
20.1741   395
20.1841   391
20.1941   404
20.2041   372
20.2141   377
20.2241   405
20.2341   390
20.2441   403
20.2541   383
20.2641   404
20.2741   398
20.2841   416
20.2941   403
20.3041   404
20.3141   418
20.3241   362
20.3341   377
20.3441   386
20.3541   419
20.3641   388
20.3741   416
20.3841   406
20.3941   415
20.4041   404
20.4141   413
20.4241   423
20.4341   380
20.4441   389
20.4541   394
20.4641   422
20.4741   397
20.4841   395
20.4941   379
20.5041   399
20.5141   388
20.5241   394
20.5341   392
20.5441   404
20.5541   402
20.5641   399
20.5741   408
20.5841   367
20.5941   401
20.6041   377
20.6141   382
20.6241   402
20.6341   408
20.6441   418
20.6541   410
20.6641   400
20.6741   435
20.6841   417
20.6941   413
20.7041   400
20.7141   416
20.7241   403
20.7341   387
20.7441   410
20.7541   428
20.7641   403
20.7741   376
20.7841   409
20.7941   445
20.8041   409
20.8141   402
20.8241   410
20.8341   419
20.8441   428
20.8541   423
20.8641   415
20.8741   423
20.8841   463
20.8941   470
20.9041   457
20.9141   430
20.9241   463
20.9341   466
20.9441   479
20.9541   507
20.9641   497
20.9741   535
20.9841   514
20.9941   502
21.0041   504
21.0141   545
21.0241   539
21.0341   570
21.0441   561
21.0541   572
21.0641   568
21.0741   566
21.0841   587
21.0941   601
21.1041   564
21.1141   587
21.1241   594
21.1341   566
21.1441   579
21.1541   571
21.1641   584
21.1741   566
21.1841   620
21.1941   586
21.2041   605
21.2141   580
21.2241   555
21.2341   575
21.2441   563
21.2541   515
21.2641   512
21.2741   486
21.2841   499
21.2941   484
21.3041   500
21.3141   409
21.3241   427
21.3341   410
21.3441   431
21.3541   434
21.3641   436
21.3741   446
21.3841   456
21.3941   414
21.4041   396
21.4141   419
21.4241   410
21.4341   415
21.4441   412
21.4541   392
21.4641   405
21.4741   400
21.4841   398
21.4941   380
21.5041   394
21.5141   412
21.5241   393
21.5341   419
21.5441   415
21.5541   415
21.5641   420
21.5741   430
21.5841   412
21.5941   415
21.6041   448
21.6141   420
21.6241   409
21.6341   400
21.6441   426
21.6541   418
21.6641   411
21.6741   419
21.6841   403
21.6941   390
21.7041   433
21.7141   415
21.7241   426
21.7341   418
21.7441   428
21.7541   415
21.7641   397
21.7741   427
21.7841   401
21.7941   403
21.8041   432
21.8141   403
21.8241   414
21.8341   383
21.8441   422
21.8541   397
21.8641   380
21.8741   390
21.8841   411
21.8941   422
21.9041   396
21.9141   403
21.9241   407
21.9341   402
21.9441   392
21.9541   411
21.9641   386
21.9741   421
21.9841   442
21.9941   414
22.0041   395
22.0141   371
22.0241   414
22.0341   410
22.0441   403
22.0541   396
22.0641   400
22.0741   370
22.0841   398
22.0941   395
22.1041   404
22.1141   394
22.1241   430
22.1341   407
22.1441   430
22.1541   426
22.1641   396
22.1741   366
22.1841   398
22.1941   388
22.2041   390
22.2141   359
22.2241   410
22.2341   419
22.2441   380
22.2541   386
22.2641   410
22.2741   394
22.2841   422
22.2941   401
22.3041   394
22.3141   424
22.3241   426
22.3341   409
22.3441   377
22.3541   435
22.3641   430
22.3741   409
22.3841   388
22.3941   388
22.4041   407
22.4141   416
22.4241   422
22.4341   394
22.4441   419
22.4541   445
22.4641   434
22.4741   388
22.4841   423
22.4941   380
22.5041   404
22.5141   379
22.5241   426
22.5341   367
22.5441   380
22.5541   360
22.5641   396
22.5741   387
22.5841   434
22.5941   376
22.6041   387
22.6141   381
22.6241   382
22.6341   377
22.6441   401
22.6541   396
22.6641   401
22.6741   412
22.6841   411
22.6941   406
22.7041   376
22.7141   348
22.7241   416
22.7341   424
22.7441   401
22.7541   409
22.7641   416
22.7741   390
22.7841   417
22.7941   408
22.8041   412
22.8141   400
22.8241   397
22.8341   366
22.8441   397
22.8541   374
22.8641   441
22.8741   421
22.8841   366
22.8941   404
22.9041   392
22.9141   408
22.9241   372
22.9341   412
22.9441   382
22.9541   415
22.9641   385
22.9741   433
22.9841   388
22.9941   386
23.0041   405
23.0141   372
23.0241   382
23.0341   392
23.0441   401
23.0541   361
23.0641   366
23.0741   372
23.0841   399
23.0941   374
23.1041   401
23.1141   388
23.1241   397
23.1341   392
23.1441   396
23.1541   362
23.1641   421
23.1741   387
23.1841   418
23.1941   378
23.2041   370
23.2141   385
23.2241   361
23.2341   394
23.2441   392
23.2541   358
23.2641   350
23.2741   357
23.2841   415
23.2941   377
23.3041   411
23.3141   376
23.3241   369
23.3341   388
23.3441   374
23.3541   366
23.3641   359
23.3741   422
23.3841   411
23.3941   383
23.4041   387
23.4141   361
23.4241   364
23.4341   392
23.4441   407
23.4541   413
23.4641   359
23.4741   389
23.4841   362
23.4941   363
23.5041   349
23.5141   370
23.5241   367
23.5341   380
23.5441   397
23.5541   352
23.5641   381
23.5741   370
23.5841   395
23.5941   332
23.6041   401
23.6141   410
23.6241   397
23.6341   391
23.6441   365
23.6541   367
23.6641   402
23.6741   390
23.6841   369
23.6941   398
23.7041   379
23.7141   433
23.7241   378
23.7341   415
23.7441   383
23.7541   412
23.7641   381
23.7741   397
23.7841   419
23.7941   441
23.8041   409
23.8141   441
23.8241   383
23.8341   446
23.8441   432
23.8541   365
23.8641   394
23.8741   355
23.8841   373
23.8941   447
23.9041   397
23.9141   407
23.9241   376
23.9341   364
23.9441   375
23.9541   417
23.9641   372
23.9741   380
23.9841   398
23.9941   405
24.0041   369
24.0141   356
24.0241   388
24.0341   388
24.0441   333
24.0541   403
24.0641   373
24.0741   394
24.0841   355
24.0941   406
24.1041   383
24.1141   343
24.1241   365
24.1341   356
24.1441   379
24.1541   389
24.1641   367
24.1741   349
24.1841   364
24.1941   362
24.2041   404
24.2141   375
24.2241   332
24.2341   372
24.2441   345
24.2541   365
24.2641   375
24.2741   372
24.2841   390
24.2941   365
24.3041   411
24.3141   393
24.3241   380
24.3341   370
24.3441   394
24.3541   422
24.3641   384
24.3741   372
24.3841   371
24.3941   363
24.4041   382
24.4141   338
24.4241   357
24.4341   359
24.4441   326
24.4541   337
24.4641   370
24.4741   361
24.4841   374
24.4941   339
24.5041   338
24.5141   376
24.5241   349
24.5341   374
24.5441   335
24.5541   331
24.5641   306
24.5741   357
24.5841   392
24.5941   365
24.6041   358
24.6141   380
24.6241   366
24.6341   340
24.6441   331
24.6541   356
24.6641   340
24.6741   375
24.6841   366
24.6941   346
24.7041   346
24.7141   355
24.7241   358
24.7341   330
24.7441   369
24.7541   376
24.7641   336
24.7741   327
24.7841   384
24.7941   337
24.8041   388
24.8141   324
24.8241   358
24.8341   343
24.8441   363
24.8541   353
24.8641   335
24.8741   371
24.8841   370
24.8941   328
24.9041   321
24.9141   328
24.9241   321
24.9341   343
24.9441   368
24.9541   315
24.9641   357
24.9741   313
24.9841   345
24.9941   354
25.0041   328
25.0141   353
25.0241   358
25.0341   336
25.0441   360
25.0541   344
25.0641   345
25.0741   338
25.0841   341
25.0941   346
25.1041   316
25.1141   343
25.1241   343
25.1341   344
25.1441   335
25.1541   349
25.1641   382
25.1741   338
25.1841   363
25.1941   321
25.2041   343
25.2141   346
25.2241   356
25.2341   329
25.2441   352
25.2541   350
25.2641   343
25.2741   351
25.2841   363
25.2941   334
25.3041   338
25.3141   331
25.3241   342
25.3341   330
25.3441   317
25.3541   351
25.3641   317
25.3741   324
25.3841   330
25.3941   333
25.4041   357
25.4141   335
25.4241   329
25.4341   370
25.4441   366
25.4541   325
25.4641   334
25.4741   331
25.4841   342
25.4941   351
25.5041   323
25.5141   307
25.5241   305
25.5341   317
25.5441   296
25.5541   321
25.5641   329
25.5741   323
25.5841   320
25.5941   319
25.6041   349
25.6141   345
25.6241   327
25.6341   319
25.6441   314
25.6541   316
25.6641   334
25.6741   323
25.6841   323
25.6941   337
25.7041   339
25.7141   339
25.7241   317
25.7341   333
25.7441   341
25.7541   316
25.7641   357
25.7741   334
25.7841   331
25.7941   326
25.8041   316
25.8141   304
25.8241   336
25.8341   297
25.8441   307
25.8541   309
25.8641   305
25.8741   307
25.8841   319
25.8941   334
25.9041   308
25.9141   340
25.9241   360
25.9341   322
25.9441   294
25.9541   308
25.9641   306
25.9741   295
25.9841   311
25.9941   298
26.0041   331
26.0141   329
26.0241   329
26.0341   313
26.0441   298
26.0541   294
26.0641   318
26.0741   284
26.0841   321
26.0941   305
26.1041   315
26.1141   325
26.1241   320
26.1341   343
26.1441   312
26.1541   294
26.1641   276
26.1741   316
26.1841   310
26.1941   332
26.2041   295
26.2141   314
26.2241   314
26.2341   290
26.2441   304
26.2541   282
26.2641   318
26.2741   317
26.2841   330
26.2941   307
26.3041   290
26.3141   293
26.3241   299
26.3341   294
26.3441   343
26.3541   311
26.3641   305
26.3741   323
26.3841   286
26.3941   303
26.4041   334
26.4141   313
26.4241   311
26.4341   302
26.4441   289
26.4541   301
26.4641   300
26.4741   300
26.4841   314
26.4941   301
26.5041   283
26.5141   275
26.5241   278
26.5341   300
26.5441   286
26.5541   307
26.5641   291
26.5741   290
26.5841   290
26.5941   304
26.6041   285
26.6141   299
26.6241   318
26.6341   284
26.6441   285
26.6541   290
26.6641   305
26.6741   316
26.6841   273
26.6941   270
26.7041   285
26.7141   294
26.7241   272
26.7341   302
26.7441   300
26.7541   307
26.7641   285
26.7741   298
26.7841   296
26.7941   246
26.8041   280
26.8141   278
26.8241   282
26.8341   288
26.8441   311
26.8541   272
26.8641   308
26.8741   302
26.8841   282
26.8941   342
26.9041   289
26.9141   279
26.9241   285
26.9341   296
26.9441   271
26.9541   303
26.9641   291
26.9741   276
26.9841   294
26.9941   288
27.0041   266
27.0141   279
27.0241   268
27.0341   311
27.0441   293
27.0541   284
27.0641   274
27.0741   292
27.0841   297
27.0941   270
27.1041   274
27.1141   272
27.1241   289
27.1341   299
27.1441   285
27.1541   278
27.1641   263
27.1741   292
27.1841   258
27.1941   252
27.2041   283
27.2141   272
27.2241   274
27.2341   273
27.2441   284
27.2541   270
27.2641   274
27.2741   260
27.2841   281
27.2941   290
27.3041   271
27.3141   265
27.3241   267
27.3341   284
27.3441   270
27.3541   288
27.3641   260
27.3741   252
27.3841   280
27.3941   297
27.4041   302
27.4141   269
27.4241   271
27.4341   274
27.4441   264
27.4541   280
27.4641   308
27.4741   262
27.4841   278
27.4941   280
27.5041   239
27.5141   282
27.5241   272
27.5341   264
27.5441   271
27.5541   282
27.5641   277
27.5741   249
27.5841   245
27.5941   240
27.6041   272
27.6141   272
27.6241   271
27.6341   275
27.6441   260
27.6541   269
27.6641   273
27.6741   252
27.6841   263
27.6941   278
27.7041   272
27.7141   274
27.7241   241
27.7341   264
27.7441   250
27.7541   261
27.7641   252
27.7741   287
27.7841   247
27.7941   229
27.8041   260
27.8141   255
27.8241   256
27.8341   258
27.8441   269
27.8541   251
27.8641   238
27.8741   288
27.8841   257
27.8941   250
27.9041   232
27.9141   251
27.9241   254
27.9341   259
27.9441   231
27.9541   251
27.9641   278
27.9741   224
27.9841   244
27.9941   250
28.0041   243
28.0141   260
28.0241   248
28.0341   234
28.0441   259
28.0541   250
28.0641   272
28.0741   245
28.0841   238
28.0941   260
28.1041   235
28.1141   245
28.1241   268
28.1341   241
28.1441   240
28.1541   226
28.1641   241
28.1741   240
28.1841   228
28.1941   232
28.2041   242
28.2141   225
28.2241   274
28.2341   260
28.2441   211
28.2541   238
28.2641   255
28.2741   225
28.2841   266
28.2941   240
28.3041   241
28.3141   230
28.3241   222
28.3341   233
28.3441   245
28.3541   210
28.3641   229
28.3741   233
28.3841   231
28.3941   226
28.4041   248
28.4141   257
28.4241   219
28.4341   213
28.4441   254
28.4541   238
28.4641   241
28.4741   245
28.4841   258
28.4941   219
28.5041   242
28.5141   254
28.5241   245
28.5341   241
28.5441   223
28.5541   235
28.5641   227
28.5741   224
28.5841   235
28.5941   253
28.6041   238
28.6141   231
28.6241   213
28.6341   231
28.6441   221
28.6541   249
28.6641   234
28.6741   227
28.6841   226
28.6941   255
28.7041   240
28.7141   234
28.7241   216
28.7341   214
28.7441   196
28.7541   224
28.7641   234
28.7741   228
28.7841   249
28.7941   233
28.8041   246
28.8141   218
28.8241   212
28.8341   242
28.8441   216
28.8541   188
28.8641   227
28.8741   215
28.8841   237
28.8941   241
28.9041   212
28.9141   228
28.9241   205
28.9341   231
28.9441   227
28.9541   235
28.9641   205
28.9741   220
28.9841   221
28.9941   224
29.0041   200
29.0141   234
29.0241   242
29.0341   202
29.0441   216
29.0541   228
29.0641   222
29.0741   227
29.0841   188
29.0941   225
29.1041   206
29.1141   212
29.1241   211
29.1341   217
29.1441   217
29.1541   222
29.1641   197
29.1741   236
29.1841   197
29.1941   240
29.2041   227
29.2141   206
29.2241   230
29.2341   194
29.2441   207
29.2541   181
29.2641   205
29.2741   239
29.2841   206
29.2941   217
29.3041   218
29.3141   223
29.3241   216
29.3341   234
29.3441   218
29.3541   199
29.3641   230
29.3741   194
29.3841   225
29.3941   197
29.4041   203
29.4141   210
29.4241   239
29.4341   200
29.4441   212
29.4541   215
29.4641   211
29.4741   198
29.4841   202
29.4941   199
29.5041   191
29.5141   209
29.5241   192
29.5341   209
29.5441   206
29.5541   204
29.5641   208
29.5741   183
29.5841   219
29.5941   216
29.6041   215
29.6141   202
29.6241   209
29.6341   211
29.6441   203
29.6541   183
29.6641   208
29.6741   224
29.6841   204
29.6941   214
29.7041   197
29.7141   204
29.7241   206
29.7341   204
29.7441   187
29.7541   219
29.7641   209
29.7741   204
29.7841   186
29.7941   169
29.8041   197
29.8141   197
29.8241   199
29.8341   187
29.8441   180
29.8541   213
29.8641   202
29.8741   194
29.8841   197
29.8941   198
29.9041   211
29.9141   177
29.9241   201
29.9341   205
29.9441   222
29.9541   211
29.9641   196
29.9741   196
29.9841   211
29.9941   177
30.0041   190
30.0141   182
30.0241   183
30.0341   200
30.0441   178
30.0541   188
30.0641   187
30.0741   189
30.0841   193
30.0941   169
30.1041   184
30.1141   178
30.1241   199
30.1341   188
30.1441   198
30.1541   183
30.1641   204
30.1741   201
30.1841   197
30.1941   179
30.2041   178
30.2141   210
30.2241   195
30.2341   181
30.2441   199
30.2541   179
30.2641   190
30.2741   195
30.2841   188
30.2941   157
30.3041   179
30.3141   144
30.3241   178
30.3341   184
30.3441   190
30.3541   186
30.3641   187
30.3741   194
30.3841   184
30.3941   177
30.4041   194
30.4141   197
30.4241   204
30.4341   201
30.4441   182
30.4541   168
30.4641   182
30.4741   173
30.4841   198
30.4941   158
30.5041   206
30.5141   156
30.5241   164
30.5341   178
30.5441   176
30.5541   173
30.5641   162
30.5741   160
30.5841   166
30.5941   183
30.6041   178
30.6141   175
30.6241   158
30.6341   145
30.6441   171
30.6541   156
30.6641   164
30.6741   178
30.6841   159
30.6941   174
30.7041   184
30.7141   165
30.7241   172
30.7341   176
30.7441   190
30.7541   181
30.7641   177
30.7741   182
30.7841   186
30.7941   174
30.8041   152
30.8141   151
30.8241   174
30.8341   188
30.8441   180
30.8541   161
30.8641   157
30.8741   170
30.8841   183
30.8941   165
30.9041   175
30.9141   152
30.9241   155
30.9341   173
30.9441   156
30.9541   158
30.9641   181
30.9741   167
30.9841   166
30.9941   177
31.0041   173
31.0141   146
31.0241   161
31.0341   177
31.0441   153
31.0541   150
31.0641   150
31.0741   157
31.0841   178
31.0941   153
31.1041   156
31.1141   168
31.1241   158
31.1341   155
31.1441   188
31.1541   179
31.1641   178
31.1741   163
31.1841   161
31.1941   161
31.2041   170
31.2141   151
31.2241   150
31.2341   159
31.2441   153
31.2541   151
31.2641   165
31.2741   167
31.2841   157
31.2941   172
31.3041   169
31.3141   155
31.3241   153
31.3341   167
31.3441   146
31.3541   172
31.3641   161
31.3741   147
31.3841   178
31.3941   148
31.4041   149
31.4141   162
31.4241   136
31.4341   168
31.4441   139
31.4541   145
31.4641   171
31.4741   155
31.4841   152
31.4941   147
31.5041   143
31.5141   163
31.5241   186
31.5341   144
31.5441   135
31.5541   135
31.5641   154
31.5741   147
31.5841   142
31.5941   150
31.6041   130
31.6141   163
31.6241   135
31.6341   139
31.6441   134
31.6541   157
31.6641   129
31.6741   148
31.6841   157
31.6941   170
31.7041   144
31.7141   141
31.7241   164
31.7341   155
31.7441   158
31.7541   147
31.7641   169
31.7741   165
31.7841   158
31.7941   160
31.8041   149
31.8141   152
31.8241   139
31.8341   136
31.8441   157
31.8541   156
31.8641   149
31.8741   146
31.8841   136
31.8941   174
31.9041   162
31.9141   158
31.9241   158
31.9341   166
31.9441   149
31.9541   173
31.9641   157
31.9741   151
31.9841   130
31.9941   146
32.0041   129
32.0141   132
32.0241   145
32.0341   139
32.0441   161
32.0541   141
32.0641   150
32.0741   153
32.0841   147
32.0941   141
32.1041   132
32.1141   160
32.1241   151
32.1341   137
32.1441   143
32.1541   131
32.1641   147
32.1741   159
32.1841   142
32.1941   145
32.2041   140
32.2141   165
32.2241   159
32.2341   148
32.2441   123
32.2541   160
32.2641   163
32.2741   145
32.2841   133
32.2941   141
32.3041   147
32.3141   138
32.3241   120
32.3341   144
32.3441   141
32.3541   148
32.3641   143
32.3741   127
32.3841   143
32.3941   133
32.4041   137
32.4141   139
32.4241   129
32.4341   131
32.4441   143
32.4541   130
32.4641   151
32.4741   118
32.4841   129
32.4941   127
32.5041   124
32.5141   145
32.5241   143
32.5341   132
32.5441   127
32.5541   144
32.5641   118
32.5741   140
32.5841   123
32.5941   120
32.6041   117
32.6141   130
32.6241   119
32.6341   115
32.6441   124
32.6541   132
32.6641   128
32.6741   124
32.6841   128
32.6941   131
32.7041   140
32.7141   126
32.7241   139
32.7341   117
32.7441   114
32.7541   120
32.7641   141
32.7741   124
32.7841   102
32.7941   121
32.8041   125
32.8141   109
32.8241   130
32.8341   113
32.8441   129
32.8541   124
32.8641   104
32.8741   128
32.8841    99
32.8941   119
32.9041   106
32.9141   130
32.9241   127
32.9341   121
32.9441   132
32.9541   128
32.9641   116
32.9741   114
32.9841   119
32.9941   110
33.0041   126
33.0141   125
33.0241   111
33.0341   121
33.0441    98
33.0541   124
33.0641   105
33.0741   124
33.0841   107
33.0941   123
33.1041   111
33.1141   116
33.1241   132
33.1341   110
33.1441   130
33.1541   129
33.1641   109
33.1741   120
33.1841   112
33.1941   118
33.2041   128
33.2141   108
33.2241   102
33.2341   108
33.2441   117
33.2541   117
33.2641   109
33.2741   121
33.2841   120
33.2941   114
33.3041   105
33.3141   124
33.3241   118
33.3341    95
33.3441   112
33.3541   109
33.3641   114
33.3741   107
33.3841   119
33.3941   113
33.4041   126
33.4141   110
33.4241   108
33.4341   106
33.4441   116
33.4541   102
33.4641   103
33.4741   113
33.4841   109
33.4941   122
33.5041   123
33.5141   126
33.5241   111
33.5341   100
33.5441    91
33.5541   114
33.5641   111
33.5741   116
33.5841   108
33.5941   109
33.6041    94
33.6141   120
33.6241   119
33.6341   110
33.6441   103
33.6541   101
33.6641   111
33.6741   106
33.6841   111
33.6941    94
33.7041   118
33.7141   106
33.7241    92
33.7341   104
33.7441    87
33.7541   111
33.7641   101
33.7741    86
33.7841    93
33.7941   110
33.8041   109
33.8141   106
33.8241   110
33.8341   108
33.8441    96
33.8541   100
33.8641    89
33.8741   114
33.8841   102
33.8941    94
33.9041   102
33.9141   115
33.9241    91
33.9341    85
33.9441    99
33.9541    96
33.9641    98
33.9741   109
33.9841    92
33.9941   111
34.0041    93
34.0141   101
34.0241    88
34.0341    94
34.0441    79
34.0541   104
34.0641    89
34.0741    84
34.0841    94
34.0941    85
34.1041    85
34.1141    86
34.1241    95
34.1341    96
34.1441   121
34.1541    87
34.1641    99
34.1741    98
34.1841    94
34.1941   105
34.2041    90
34.2141    79
34.2241    91
34.2341    95
34.2441    90
34.2541    93
34.2641    86
34.2741    97
34.2841    87
34.2941    81
34.3041   102
34.3141    95
34.3241    89
34.3341    94
34.3441    89
34.3541    83
34.3641    88
34.3741    71
34.3841    78
34.3941    93
34.4041    76
34.4141    76
34.4241    73
34.4341    88
34.4441    82
34.4541    95
34.4641    96
34.4741    84
34.4841   109
34.4941   107
34.5041    97
34.5141    88
34.5241    83
34.5341    99
34.5441    90
34.5541    90
34.5641    89
34.5741    95
34.5841    91
34.5941    97
34.6041    86
34.6141    81
34.6241    87
34.6341    87
34.6441    84
34.6541    84
34.6641    89
34.6741    96
34.6841    92
34.6941    97
34.7041    85
34.7141    86
34.7241    84
34.7341    92
34.7441    91
34.7541   101
34.7641    81
34.7741    81
34.7841    87
34.7941    62
34.8041    89
34.8141    84
34.8241    87
34.8341    91
34.8441    84
34.8541    86
34.8641    81
34.8741    88
34.8841    87
34.8941    92
34.9041    78
34.9141    82
34.9241    86
34.9341    79
34.9441    87
34.9541    69
34.9641    94
34.9741    80
34.9841    97
34.9941    81
35.0041    88
35.0141    99
35.0241    76
35.0341    84
35.0441    70
35.0541    79
35.0641    79
35.0741    83
35.0841    77
35.0941    74
35.1041    82
35.1141    91
35.1241    79
35.1341    81
35.1441    67
35.1541    82
35.1641    69
35.1741    60
35.1841    77
35.1941    74
35.2041    64
35.2141    82
35.2241    67
35.2341    76
35.2441    76
35.2541    79
35.2641    86
35.2741    74
35.2841    75
35.2941    72
35.3041    83
35.3141    80
35.3241    84
35.3341    81
35.3441    70
35.3541    69
35.3641    72
35.3741    60
35.3841    69
35.3941    78
35.4041    66
35.4141    74
35.4241    58
35.4341    63
35.4441    68
35.4541    75
35.4641    65
35.4741    71
35.4841    63
35.4941    75
35.5041    70
35.5141    77
35.5241    72
35.5341    78
35.5441    78
35.5541    64
35.5641    70
35.5741    62
35.5841    85
35.5941    57
35.6041    89
35.6141    70
35.6241    74
35.6341    69
35.6441    70
35.6541    97
35.6641    61
35.6741    72
35.6841    77
35.6941    73
35.7041    61
35.7141    76
35.7241    79
35.7341    71
35.7441    84
35.7541    69
35.7641    58
35.7741    67
35.7841    73
35.7941    77
35.8041    78
35.8141    60
35.8241    60
35.8341    59
35.8441    76
35.8541    73
35.8641    77
35.8741    73
35.8841    60
35.8941    66
35.9041    62
35.9141    73
35.9241    58
35.9341    74
35.9441    51
35.9541    63
35.9641    68
35.9741    58
35.9841    73
35.9941    71
36.0041    69
36.0141    64
36.0241    82
36.0341    68
36.0441    67
36.0541    63
36.0641    64
36.0741    74
36.0841    53
36.0941    69
36.1041    51
36.1141    51
36.1241    67
36.1341    60
36.1441    67
36.1541    77
36.1641    65
36.1741    58
36.1841    60
36.1941    45
36.2041    63
36.2141    66
36.2241    67
36.2341    78
36.2441    57
36.2541    77
36.2641    60
36.2741    45
36.2841    55
36.2941    64
36.3041    70
36.3141    65
36.3241    63
36.3341    64
36.3441    54
36.3541    66
36.3641    72
36.3741    73
36.3841    58
36.3941    75
36.4041    62
36.4141    64
36.4241    65
36.4341    58
36.4441    49
36.4541    72
36.4641    70
36.4741    72
36.4841    54
36.4941    70
36.5041    59
36.5141    56
36.5241    49
36.5341    60
36.5441    63
36.5541    55
36.5641    64
36.5741    49
36.5841    70
36.5941    60
36.6041    44
36.6141    61
36.6241    57
36.6341    55
36.6441    46
36.6541    56
36.6641    57
36.6741    63
36.6841    56
36.6941    54
36.7041    59
36.7141    49
36.7241    49
36.7341    50
36.7441    51
36.7541    56
36.7641    50
36.7741    44
36.7841    55
36.7941    60
36.8041    42
36.8141    55
36.8241    58
36.8341    55
36.8441    52
36.8541    49
36.8641    51
36.8741    54
36.8841    51
36.8941    52
36.9041    53
36.9141    47
36.9241    42
36.9341    63
36.9441    60
36.9541    55
36.9641    49
36.9741    52
36.9841    53
36.9941    50
37.0041    53
37.0141    42
37.0241    45
37.0341    48
37.0441    55
37.0541    57
37.0641    60
37.0741    48
37.0841    50
37.0941    50
37.1041    49
37.1141    54
37.1241    38
37.1341    46
37.1441    51
37.1541    52
37.1641    53
37.1741    43
37.1841    46
37.1941    41
37.2041    33
37.2141    59
37.2241    49
37.2341    52
37.2441    49
37.2541    56
37.2641    56
37.2741    58
37.2841    53
37.2941    55
37.3041    55
37.3141    43
37.3241    38
37.3341    47
37.3441    43
37.3541    42
37.3641    62
37.3741    44
37.3841    44
37.3941    51
37.4041    46
37.4141    44
37.4241    45
37.4341    33
37.4441    39
37.4541    41
37.4641    41
37.4741    47
37.4841    42
37.4941    42
37.5041    51
37.5141    49
37.5241    42
37.5341    42
37.5441    48
37.5541    33
37.5641    38
37.5741    44
37.5841    47
37.5941    48
37.6041    47
37.6141    50
37.6241    42
37.6341    41
37.6441    31
37.6541    41
37.6641    43
37.6741    39
37.6841    52
37.6941    46
37.7041    43
37.7141    54
37.7241    42
37.7341    49
37.7441    49
37.7541    50
37.7641    41
37.7741    53
37.7841    39
37.7941    41
37.8041    29
37.8141    44
37.8241    39
37.8341    45
37.8441    40
37.8541    48
37.8641    43
37.8741    48
37.8841    34
37.8941    39
37.9041    40
37.9141    31
37.9241    37
37.9341    43
37.9441    44
37.9541    36
37.9641    40
37.9741    46
37.9841    37
37.9941    35
38.0041    46
38.0141    34
38.0241    34
38.0341    32
38.0441    35
38.0541    40
38.0641    37
38.0741    35
38.0841    38
38.0941    39
38.1041    36
38.1141    41
38.1241    37
38.1341    31
38.1441    42
38.1541    40
38.1641    47
38.1741    42
38.1841    45
38.1941    33
38.2041    35
38.2141    54
38.2241    40
38.2341    29
38.2441    36
38.2541    43
38.2641    47
38.2741    29
38.2841    38
38.2941    42
38.3041    32
38.3141    33
38.3241    44
38.3341    44
38.3441    36
38.3541    43
38.3641    27
38.3741    36
38.3841    44
38.3941    31
38.4041    28
38.4141    34
38.4241    31
38.4341    26
38.4441    38
38.4541    34
38.4641    41
38.4741    39
38.4841    42
38.4941    38
38.5041    32
38.5141    25
38.5241    35
38.5341    39
38.5441    30
38.5541    37
38.5641    37
38.5741    32
38.5841    29
38.5941    33
38.6041    46
38.6141    44
38.6241    30
38.6341    39
38.6441    31
38.6541    40
38.6641    43
38.6741    31
38.6841    37
38.6941    32
38.7041    33
38.7141    26
38.7241    35
38.7341    38
38.7441    31
38.7541    29
38.7641    32
38.7741    32
38.7841    33
38.7941    30
38.8041    27
38.8141    35
38.8241    32
38.8341    26
38.8441    22
38.8541    34
38.8641    31
38.8741    31
38.8841    27
38.8941    23
38.9041    31
38.9141    26
38.9241    28
38.9341    25
38.9441    31
38.9541    34
38.9641    25
38.9741    30
38.9841    36
38.9941    22
39.0041    29
39.0141    26
39.0241    30
39.0341    35
39.0441    19
39.0541    36
39.0641    29
39.0741    22
39.0841    22
39.0941    25
39.1041    24
39.1141    30
39.1241    29
39.1341    36
39.1441    33
39.1541    33
39.1641    29
39.1741    19
39.1841    26
39.1941    31
39.2041    24
39.2141    25
39.2241    29
39.2341    30
39.2441    34
39.2541    20
39.2641    27
39.2741    33
39.2841    30
39.2941    26
39.3041    26
39.3141    38
39.3241    23
39.3341    22
39.3441    25
39.3541    30
39.3641    33
39.3741    23
39.3841    26
39.3941    20
39.4041    30
39.4141    24
39.4241    25
39.4341    25
39.4441    32
39.4541    30
39.4641    29
39.4741    19
39.4841    28
39.4941    18
39.5041    25
39.5141    33
39.5241    21
39.5341    20
39.5441    22
39.5541    34
39.5641    31
39.5741    25
39.5841    26
39.5941    29
39.6041    24
39.6141    19
39.6241    23
39.6341    19
39.6441    18
39.6541    23
39.6641    23
39.6741    19
39.6841    22
39.6941    16
39.7041    28
39.7141    19
39.7241    23
39.7341    24
39.7441    28
39.7541    13
39.7641    23
39.7741    24
39.7841    23
39.7941    24
39.8041    19
39.8141    16
39.8241    20
39.8341    25
39.8441    19
39.8541    18
39.8641    26
39.8741    19
39.8841    18
39.8941    16
39.9041    21
39.9141    17
39.9241    19
39.9341    28
39.9441    27
39.9541    26
39.9641    22
39.9741    22
39.9841    16
