Bruker Nano GmbH Berlin, Germany
Esprit 1.9

Date: 4/1/2021 5:00:37 PM
Real time: 14310
Life time: 13166
Pulse density: 122827


Detector type: XFlash 430
Window type: Custom type
Detector thickness: 0.45
Si dead layer:0.029

Calibration, lin.: 10
Calibration, abs.: -955.9
Mn FWHM: 137.05
Fano factor: 0.121
Channels: 4095

Energy Counts
-0.9559     0
-0.9459     0
-0.9359     0
-0.9259     0
-0.9159     0
-0.9059     0
-0.8959     0
-0.8859     0
-0.8759     0
-0.8659     0
-0.8559     0
-0.8459     0
-0.8359     0
-0.8259     0
-0.8159     0
-0.8059     0
-0.7959     0
-0.7859     0
-0.7759     0
-0.7659     0
-0.7559     0
-0.7459     0
-0.7359     0
-0.7259     0
-0.7159     0
-0.7059     0
-0.6959     0
-0.6859     0
-0.6759     0
-0.6659     0
-0.6559     0
-0.6459     0
-0.6359     0
-0.6259     0
-0.6159     0
-0.6059     0
-0.5959     0
-0.5859     0
-0.5759     0
-0.5659     0
-0.5559     0
-0.5459     0
-0.5359     0
-0.5259     0
-0.5159     0
-0.5059     0
-0.4959     0
-0.4859     0
-0.4759     0
-0.4659     0
-0.4559     0
-0.4459     0
-0.4359     0
-0.4259     0
-0.4159     0
-0.4059     0
-0.3959     0
-0.3859     0
-0.3759     0
-0.3659     0
-0.3559     0
-0.3459     0
-0.3359     0
-0.3259     0
-0.3159     0
-0.3059     0
-0.2959     0
-0.2859     0
-0.2759     0
-0.2659     0
-0.2559     0
-0.2459     0
-0.2359     0
-0.2259     0
-0.2159     0
-0.2059     0
-0.1959     0
-0.1859     0
-0.1759     0
-0.1659     0
-0.1559     0
-0.1459     1
-0.1359     0
-0.1259     0
-0.1159     2
-0.1059     7
-0.0959    44
-0.0859   155
-0.0759   487
-0.0659  1494
-0.0559  3812
-0.0459  8291
-0.0359 15692
-0.0259 24882
-0.0159 34417
-0.0059 40230
 0.0041 40400
 0.0141 34935
 0.0241 26175
 0.0341 16397
 0.0441  9083
 0.0541  3992
 0.0641  1601
 0.0741   601
 0.0841   162
 0.0941    46
 0.1041    15
 0.1141     7
 0.1241     8
 0.1341     0
 0.1441     8
 0.1541     8
 0.1641     8
 0.1741    13
 0.1841   105
 0.1941   211
 0.2041   206
 0.2141   208
 0.2241   198
 0.2341   205
 0.2441   198
 0.2541   179
 0.2641   179
 0.2741   202
 0.2841   204
 0.2941   188
 0.3041   183
 0.3141   204
 0.3241   198
 0.3341   200
 0.3441   171
 0.3541   167
 0.3641   176
 0.3741   194
 0.3841   201
 0.3941   184
 0.4041   182
 0.4141   174
 0.4241   185
 0.4341   195
 0.4441   190
 0.4541   169
 0.4641   181
 0.4741   179
 0.4841   180
 0.4941   167
 0.5041   174
 0.5141   161
 0.5241   166
 0.5341   180
 0.5441   166
 0.5541   159
 0.5641   154
 0.5741   159
 0.5841   165
 0.5941   170
 0.6041   161
 0.6141   153
 0.6241   150
 0.6341   150
 0.6441   156
 0.6541   153
 0.6641   145
 0.6741   147
 0.6841   147
 0.6941   154
 0.7041   153
 0.7141   148
 0.7241   162
 0.7341   158
 0.7441   142
 0.7541   132
 0.7641   141
 0.7741   145
 0.7841   145
 0.7941   149
 0.8041   137
 0.8141   135
 0.8241   159
 0.8341   165
 0.8441   133
 0.8541   127
 0.8641   132
 0.8741   135
 0.8841   128
 0.8941   112
 0.9041   137
 0.9141   138
 0.9241   144
 0.9341   143
 0.9441   130
 0.9541   148
 0.9641   142
 0.9741   149
 0.9841   147
 0.9941   135
 1.0041   118
 1.0141   121
 1.0241   139
 1.0341   159
 1.0441   139
 1.0541   131
 1.0641   128
 1.0741   132
 1.0841   126
 1.0941   126
 1.1041   130
 1.1141   125
 1.1241   145
 1.1341   132
 1.1441   119
 1.1541   125
 1.1641   128
 1.1741   139
 1.1841   142
 1.1941   139
 1.2041   133
 1.2141   136
 1.2241   122
 1.2341   140
 1.2441   134
 1.2541   117
 1.2641   131
 1.2741   131
 1.2841   100
 1.2941   119
 1.3041   128
 1.3141   102
 1.3241    98
 1.3341   120
 1.3441   120
 1.3541   116
 1.3641   107
 1.3741    98
 1.3841   118
 1.3941   111
 1.4041   126
 1.4141   109
 1.4241   104
 1.4341   114
 1.4441   100
 1.4541   114
 1.4641   127
 1.4741   116
 1.4841   107
 1.4941   113
 1.5041   116
 1.5141   132
 1.5241   123
 1.5341   118
 1.5441   113
 1.5541   113
 1.5641   116
 1.5741   123
 1.5841   108
 1.5941   106
 1.6041    96
 1.6141   109
 1.6241   109
 1.6341   129
 1.6441   137
 1.6541   133
 1.6641   174
 1.6741   232
 1.6841   297
 1.6941   337
 1.7041   396
 1.7141   471
 1.7241   529
 1.7341   555
 1.7441   542
 1.7541   525
 1.7641   464
 1.7741   378
 1.7841   332
 1.7941   258
 1.8041   219
 1.8141   193
 1.8241   169
 1.8341   144
 1.8441   141
 1.8541   137
 1.8641   162
 1.8741   148
 1.8841   111
 1.8941   114
 1.9041   112
 1.9141   120
 1.9241   130
 1.9341   103
 1.9441   109
 1.9541    94
 1.9641   127
 1.9741   135
 1.9841   133
 1.9941   151
 2.0041   145
 2.0141   129
 2.0241   154
 2.0341   132
 2.0441   144
 2.0541   117
 2.0641   117
 2.0741   122
 2.0841   107
 2.0941   111
 2.1041   112
 2.1141   116
 2.1241   106
 2.1341   111
 2.1441   105
 2.1541   111
 2.1641   112
 2.1741    90
 2.1841    87
 2.1941   110
 2.2041    95
 2.2141   108
 2.2241    96
 2.2341   103
 2.2441   103
 2.2541   117
 2.2641   107
 2.2741    98
 2.2841   104
 2.2941    97
 2.3041   106
 2.3141   114
 2.3241    88
 2.3341    95
 2.3441    99
 2.3541    93
 2.3641   101
 2.3741    93
 2.3841    99
 2.3941   112
 2.4041   124
 2.4141    96
 2.4241   113
 2.4341    92
 2.4441    85
 2.4541    92
 2.4641   104
 2.4741    90
 2.4841   119
 2.4941    77
 2.5041    80
 2.5141    86
 2.5241    80
 2.5341    95
 2.5441   105
 2.5541    94
 2.5641    89
 2.5741    93
 2.5841    86
 2.5941    84
 2.6041    97
 2.6141    89
 2.6241    86
 2.6341    88
 2.6441    74
 2.6541    77
 2.6641    77
 2.6741    79
 2.6841    79
 2.6941    88
 2.7041    87
 2.7141    81
 2.7241    93
 2.7341    92
 2.7441    70
 2.7541    78
 2.7641    97
 2.7741    86
 2.7841    79
 2.7941    79
 2.8041    73
 2.8141    78
 2.8241    86
 2.8341   103
 2.8441   114
 2.8541   110
 2.8641    71
 2.8741   103
 2.8841    90
 2.8941   102
 2.9041    88
 2.9141    80
 2.9241    78
 2.9341    86
 2.9441    84
 2.9541    89
 2.9641    94
 2.9741    74
 2.9841    77
 2.9941    92
 3.0041    79
 3.0141    76
 3.0241    73
 3.0341    71
 3.0441    81
 3.0541    81
 3.0641    89
 3.0741    64
 3.0841    70
 3.0941    77
 3.1041    73
 3.1141    70
 3.1241    72
 3.1341    76
 3.1441    69
 3.1541    67
 3.1641    94
 3.1741    55
 3.1841    68
 3.1941    72
 3.2041    69
 3.2141    80
 3.2241    77
 3.2341    81
 3.2441   103
 3.2541    93
 3.2641    83
 3.2741   119
 3.2841   148
 3.2941   149
 3.3041   136
 3.3141   141
 3.3241   118
 3.3341   139
 3.3441   141
 3.3541   121
 3.3641   116
 3.3741   103
 3.3841    87
 3.3941    73
 3.4041    60
 3.4141    61
 3.4241    60
 3.4341    77
 3.4441    64
 3.4541    68
 3.4641    64
 3.4741    54
 3.4841    81
 3.4941    71
 3.5041    75
 3.5141    74
 3.5241    55
 3.5341    63
 3.5441    97
 3.5541   106
 3.5641   100
 3.5741   132
 3.5841   148
 3.5941   186
 3.6041   252
 3.6141   284
 3.6241   376
 3.6341   431
 3.6441   572
 3.6541   608
 3.6641   707
 3.6741   762
 3.6841   799
 3.6941   829
 3.7041   775
 3.7141   685
 3.7241   603
 3.7341   478
 3.7441   437
 3.7541   371
 3.7641   266
 3.7741   232
 3.7841   151
 3.7941   144
 3.8041    95
 3.8141    90
 3.8241    81
 3.8341    80
 3.8441    61
 3.8541    66
 3.8641    57
 3.8741    60
 3.8841    71
 3.8941    55
 3.9041    67
 3.9141    67
 3.9241    70
 3.9341    86
 3.9441   117
 3.9541   104
 3.9641   142
 3.9741   138
 3.9841   153
 3.9941   152
 4.0041   178
 4.0141   161
 4.0241   152
 4.0341   154
 4.0441   123
 4.0541   131
 4.0641    92
 4.0741   102
 4.0841    81
 4.0941    72
 4.1041    58
 4.1141    64
 4.1241    61
 4.1341    53
 4.1441    64
 4.1541    67
 4.1641    56
 4.1741    50
 4.1841    46
 4.1941    55
 4.2041    60
 4.2141    64
 4.2241    56
 4.2341    51
 4.2441    39
 4.2541    48
 4.2641    52
 4.2741    61
 4.2841    48
 4.2941    49
 4.3041    47
 4.3141    65
 4.3241    50
 4.3341    53
 4.3441    68
 4.3541    76
 4.3641    73
 4.3741    81
 4.3841   106
 4.3941   123
 4.4041   163
 4.4141   182
 4.4241   268
 4.4341   289
 4.4441   336
 4.4541   418
 4.4641   476
 4.4741   532
 4.4841   555
 4.4941   579
 4.5041   605
 4.5141   563
 4.5241   611
 4.5341   517
 4.5441   515
 4.5541   400
 4.5641   350
 4.5741   299
 4.5841   248
 4.5941   193
 4.6041   147
 4.6141   122
 4.6241   113
 4.6341    99
 4.6441   100
 4.6541   100
 4.6641    95
 4.6741    63
 4.6841    75
 4.6941    74
 4.7041    70
 4.7141    80
 4.7241    68
 4.7341    71
 4.7441    72
 4.7541    67
 4.7641    76
 4.7741    87
 4.7841    93
 4.7941    99
 4.8041   113
 4.8141   125
 4.8241   129
 4.8341   132
 4.8441   135
 4.8541   150
 4.8641   148
 4.8741   182
 4.8841   178
 4.8941   187
 4.9041   194
 4.9141   190
 4.9241   187
 4.9341   221
 4.9441   188
 4.9541   200
 4.9641   189
 4.9741   178
 4.9841   151
 4.9941   139
 5.0041   121
 5.0141   133
 5.0241   102
 5.0341    78
 5.0441    93
 5.0541    74
 5.0641    70
 5.0741    74
 5.0841    78
 5.0941    79
 5.1041    73
 5.1141    82
 5.1241    92
 5.1341    87
 5.1441    87
 5.1541    79
 5.1641    92
 5.1741    90
 5.1841   102
 5.1941    85
 5.2041    79
 5.2141    56
 5.2241    86
 5.2341    76
 5.2441    62
 5.2541    79
 5.2641    82
 5.2741    84
 5.2841    93
 5.2941    65
 5.3041    88
 5.3141    77
 5.3241   121
 5.3341   123
 5.3441   135
 5.3541   119
 5.3641   153
 5.3741   170
 5.3841   168
 5.3941   158
 5.4041   177
 5.4141   177
 5.4241   169
 5.4341   180
 5.4441   169
 5.4541   158
 5.4641   145
 5.4741   140
 5.4841   119
 5.4941   119
 5.5041   103
 5.5141    99
 5.5241    99
 5.5341    83
 5.5441    85
 5.5541    80
 5.5641    91
 5.5741    80
 5.5841    86
 5.5941    85
 5.6041    95
 5.6141    77
 5.6241    84
 5.6341    95
 5.6441    71
 5.6541    79
 5.6641    75
 5.6741    58
 5.6841    85
 5.6941    76
 5.7041    84
 5.7141    84
 5.7241    72
 5.7341   102
 5.7441   106
 5.7541   113
 5.7641   121
 5.7741   132
 5.7841   162
 5.7941   171
 5.8041   220
 5.8141   229
 5.8241   278
 5.8341   353
 5.8441   378
 5.8541   446
 5.8641   469
 5.8741   532
 5.8841   505
 5.8941   534
 5.9041   524
 5.9141   471
 5.9241   470
 5.9341   435
 5.9441   409
 5.9541   322
 5.9641   295
 5.9741   266
 5.9841   228
 5.9941   204
 6.0041   183
 6.0141   158
 6.0241   152
 6.0341   139
 6.0441   125
 6.0541   121
 6.0641   129
 6.0741   131
 6.0841   131
 6.0941   133
 6.1041   121
 6.1141   148
 6.1241   148
 6.1341   148
 6.1441   180
 6.1541   183
 6.1641   193
 6.1741   235
 6.1841   274
 6.1941   385
 6.2041   464
 6.2141   635
 6.2241   762
 6.2341  1220
 6.2441  1606
 6.2541  2271
 6.2641  3335
 6.2741  4394
 6.2841  6072
 6.2941  8001
 6.3041 10435
 6.3141 13177
 6.3241 16055
 6.3341 19435
 6.3441 22799
 6.3541 26201
 6.3641 28885
 6.3741 31252
 6.3841 32667
 6.3941 33936
 6.4041 33316
 6.4141 32697
 6.4241 30592
 6.4341 27798
 6.4441 24862
 6.4541 21490
 6.4641 18275
 6.4741 14738
 6.4841 12057
 6.4941  9343
 6.5041  7244
 6.5141  5208
 6.5241  3751
 6.5341  2727
 6.5441  1822
 6.5541  1329
 6.5641   867
 6.5741   601
 6.5841   466
 6.5941   350
 6.6041   260
 6.6141   223
 6.6241   185
 6.6341   166
 6.6441   158
 6.6541   163
 6.6641   164
 6.6741   150
 6.6841   162
 6.6941   160
 6.7041   140
 6.7141   153
 6.7241   153
 6.7341   170
 6.7441   182
 6.7541   170
 6.7641   161
 6.7741   183
 6.7841   160
 6.7941   194
 6.8041   199
 6.8141   214
 6.8241   239
 6.8341   228
 6.8441   256
 6.8541   297
 6.8641   327
 6.8741   377
 6.8841   466
 6.8941   550
 6.9041   656
 6.9141   845
 6.9241  1046
 6.9341  1231
 6.9441  1543
 6.9541  1987
 6.9641  2470
 6.9741  2797
 6.9841  3288
 6.9941  3803
 7.0041  4326
 7.0141  4851
 7.0241  5305
 7.0341  5441
 7.0441  5696
 7.0541  5625
 7.0641  5681
 7.0741  5484
 7.0841  5002
 7.0941  4688
 7.1041  4227
 7.1141  3679
 7.1241  3031
 7.1341  2565
 7.1441  2103
 7.1541  1789
 7.1641  1416
 7.1741  1038
 7.1841   780
 7.1941   604
 7.2041   504
 7.2141   396
 7.2241   299
 7.2341   229
 7.2441   220
 7.2541   189
 7.2641   145
 7.2741   165
 7.2841   153
 7.2941   160
 7.3041   149
 7.3141   165
 7.3241   200
 7.3341   188
 7.3441   213
 7.3541   193
 7.3641   215
 7.3741   214
 7.3841   256
 7.3941   249
 7.4041   300
 7.4141   322
 7.4241   328
 7.4341   300
 7.4441   315
 7.4541   305
 7.4641   329
 7.4741   330
 7.4841   285
 7.4941   308
 7.5041   294
 7.5141   273
 7.5241   232
 7.5341   250
 7.5441   226
 7.5541   219
 7.5641   216
 7.5741   186
 7.5841   194
 7.5941   169
 7.6041   176
 7.6141   163
 7.6241   161
 7.6341   149
 7.6441   133
 7.6541   163
 7.6641   148
 7.6741   146
 7.6841   166
 7.6941   157
 7.7041   172
 7.7141   155
 7.7241   176
 7.7341   140
 7.7441   184
 7.7541   151
 7.7641   177
 7.7741   185
 7.7841   185
 7.7941   167
 7.8041   181
 7.8141   197
 7.8241   213
 7.8341   218
 7.8441   215
 7.8541   208
 7.8641   221
 7.8741   213
 7.8841   224
 7.8941   232
 7.9041   251
 7.9141   237
 7.9241   268
 7.9341   278
 7.9441   306
 7.9541   322
 7.9641   352
 7.9741   353
 7.9841   374
 7.9941   436
 8.0041   483
 8.0141   483
 8.0241   547
 8.0341   546
 8.0441   627
 8.0541   645
 8.0641   659
 8.0741   725
 8.0841   782
 8.0941   780
 8.1041   840
 8.1141   891
 8.1241   945
 8.1341   944
 8.1441   981
 8.1541  1015
 8.1641   970
 8.1741  1035
 8.1841  1036
 8.1941  1019
 8.2041  1091
 8.2141  1054
 8.2241  1077
 8.2341  1045
 8.2441  1087
 8.2541  1155
 8.2641  1205
 8.2741  1251
 8.2841  1369
 8.2941  1476
 8.3041  1585
 8.3141  1657
 8.3241  1798
 8.3341  1883
 8.3441  1974
 8.3541  2120
 8.3641  2247
 8.3741  2209
 8.3841  2351
 8.3941  2239
 8.4041  2329
 8.4141  2191
 8.4241  2031
 8.4341  1855
 8.4441  1794
 8.4541  1533
 8.4641  1374
 8.4741  1245
 8.4841  1065
 8.4941   884
 8.5041   765
 8.5141   682
 8.5241   573
 8.5341   486
 8.5441   447
 8.5541   407
 8.5641   429
 8.5741   391
 8.5841   364
 8.5941   368
 8.6041   383
 8.6141   367
 8.6241   397
 8.6341   384
 8.6441   364
 8.6541   365
 8.6641   362
 8.6741   335
 8.6841   330
 8.6941   317
 8.7041   303
 8.7141   311
 8.7241   285
 8.7341   269
 8.7441   268
 8.7541   247
 8.7641   232
 8.7741   239
 8.7841   240
 8.7941   239
 8.8041   229
 8.8141   209
 8.8241   207
 8.8341   207
 8.8441   221
 8.8541   204
 8.8641   203
 8.8741   222
 8.8841   243
 8.8941   235
 8.9041   211
 8.9141   249
 8.9241   232
 8.9341   225
 8.9441   251
 8.9541   272
 8.9641   236
 8.9741   242
 8.9841   242
 8.9941   261
 9.0041   249
 9.0141   258
 9.0241   274
 9.0341   255
 9.0441   271
 9.0541   292
 9.0641   321
 9.0741   330
 9.0841   292
 9.0941   336
 9.1041   344
 9.1141   338
 9.1241   379
 9.1341   391
 9.1441   418
 9.1541   415
 9.1641   445
 9.1741   428
 9.1841   487
 9.1941   536
 9.2041   541
 9.2141   528
 9.2241   575
 9.2341   608
 9.2441   654
 9.2541   702
 9.2641   711
 9.2741   737
 9.2841   766
 9.2941   799
 9.3041   867
 9.3141   893
 9.3241   857
 9.3341   871
 9.3441   946
 9.3541   930
 9.3641   970
 9.3741   982
 9.3841   931
 9.3941  1002
 9.4041   929
 9.4141  1002
 9.4241  1078
 9.4341  1064
 9.4441  1069
 9.4541  1062
 9.4641  1100
 9.4741  1080
 9.4841  1098
 9.4941  1118
 9.5041  1176
 9.5141  1187
 9.5241  1237
 9.5341  1292
 9.5441  1325
 9.5541  1368
 9.5641  1465
 9.5741  1554
 9.5841  1643
 9.5941  1671
 9.6041  1788
 9.6141  1899
 9.6241  1978
 9.6341  2058
 9.6441  2131
 9.6541  2164
 9.6641  2082
 9.6741  2123
 9.6841  2039
 9.6941  2012
 9.7041  1888
 9.7141  1859
 9.7241  1779
 9.7341  1629
 9.7441  1518
 9.7541  1405
 9.7641  1288
 9.7741  1197
 9.7841  1083
 9.7941   980
 9.8041   947
 9.8141   943
 9.8241   914
 9.8341   873
 9.8441   858
 9.8541   803
 9.8641   833
 9.8741   835
 9.8841   842
 9.8941   887
 9.9041   878
 9.9141   865
 9.9241   912
 9.9341   937
 9.9441   909
 9.9541   952
 9.9641   927
 9.9741   876
 9.9841   870
 9.9941   786
10.0041   770
10.0141   717
10.0241   656
10.0341   589
10.0441   547
10.0541   484
10.0641   424
10.0741   375
10.0841   348
10.0941   297
10.1041   271
10.1141   259
10.1241   243
10.1341   229
10.1441   207
10.1541   186
10.1641   164
10.1741   190
10.1841   171
10.1941   174
10.2041   169
10.2141   150
10.2241   158
10.2341   151
10.2441   154
10.2541   143
10.2641   136
10.2741   128
10.2841   128
10.2941   134
10.3041   129
10.3141   144
10.3241   134
10.3341   127
10.3441   115
10.3541   119
10.3641   116
10.3741   118
10.3841   130
10.3941   121
10.4041   122
10.4141   121
10.4241   122
10.4341   120
10.4441   117
10.4541   124
10.4641   129
10.4741   149
10.4841   129
10.4941   146
10.5041   143
10.5141   122
10.5241   129
10.5341   140
10.5441   135
10.5541   140
10.5641   131
10.5741   156
10.5841   146
10.5941   146
10.6041   138
10.6141   147
10.6241   143
10.6341   144
10.6441   148
10.6541   160
10.6641   159
10.6741   172
10.6841   146
10.6941   163
10.7041   173
10.7141   172
10.7241   178
10.7341   168
10.7441   171
10.7541   201
10.7641   175
10.7741   178
10.7841   188
10.7941   194
10.8041   203
10.8141   213
10.8241   206
10.8341   193
10.8441   211
10.8541   194
10.8641   209
10.8741   217
10.8841   222
10.8941   226
10.9041   219
10.9141   212
10.9241   203
10.9341   215
10.9441   225
10.9541   223
10.9641   207
10.9741   209
10.9841   211
10.9941   222
11.0041   208
11.0141   207
11.0241   217
11.0341   213
11.0441   217
11.0541   199
11.0641   192
11.0741   207
11.0841   188
11.0941   198
11.1041   195
11.1141   212
11.1241   207
11.1341   201
11.1441   214
11.1541   222
11.1641   212
11.1741   207
11.1841   218
11.1941   238
11.2041   256
11.2141   276
11.2241   274
11.2341   297
11.2441   293
11.2541   296
11.2641   313
11.2741   320
11.2841   313
11.2941   319
11.3041   308
11.3141   286
11.3241   257
11.3341   271
11.3441   276
11.3541   241
11.3641   234
11.3741   236
11.3841   224
11.3941   215
11.4041   218
11.4141   188
11.4241   174
11.4341   168
11.4441   170
11.4541   155
11.4641   153
11.4741   166
11.4841   169
11.4941   157
11.5041   150
11.5141   159
11.5241   176
11.5341   157
11.5441   153
11.5541   171
11.5641   164
11.5741   159
11.5841   165
11.5941   160
11.6041   165
11.6141   171
11.6241   186
11.6341   184
11.6441   163
11.6541   179
11.6641   182
11.6741   160
11.6841   138
11.6941   145
11.7041   159
11.7141   145
11.7241   137
11.7341   132
11.7441   137
11.7541   140
11.7641   129
11.7741   125
11.7841   116
11.7941   123
11.8041   126
11.8141   131
11.8241   123
11.8341   110
11.8441   116
11.8541   129
11.8641   112
11.8741   119
11.8841   114
11.8941   103
11.9041   118
11.9141   117
11.9241   111
11.9341   110
11.9441   112
11.9541   129
11.9641   129
11.9741   119
11.9841   123
11.9941   130
12.0041   134
12.0141   135
12.0241   131
12.0341   127
12.0441   130
12.0541   126
12.0641   128
12.0741   130
12.0841   119
12.0941   116
12.1041   113
12.1141   112
12.1241   120
12.1341   122
12.1441   116
12.1541   114
12.1641   114
12.1741   117
12.1841   126
12.1941   122
12.2041   116
12.2141   117
12.2241   117
12.2341   121
12.2441   122
12.2541   118
12.2641   121
12.2741   122
12.2841   117
12.2941   121
12.3041   120
12.3141   109
12.3241   110
12.3341   115
12.3441   111
12.3541   116
12.3641   123
12.3741   124
12.3841   124
12.3941   136
12.4041   129
12.4141   122
12.4241   124
12.4341   132
12.4441   127
12.4541   125
12.4641   126
12.4741   132
12.4841   129
12.4941   129
12.5041   125
12.5141   121
12.5241   110
12.5341   112
12.5441   128
12.5541   141
12.5641   143
12.5741   129
12.5841   131
12.5941   143
12.6041   140
12.6141   129
12.6241   132
12.6341   132
12.6441   131
12.6541   133
12.6641   137
12.6741   141
12.6841   141
12.6941   140
12.7041   145
12.7141   146
12.7241   140
12.7341   134
12.7441   135
12.7541   137
12.7641   135
12.7741   134
12.7841   142
12.7941   145
12.8041   142
12.8141   147
12.8241   153
12.8341   144
12.8441   132
12.8541   133
12.8641   139
12.8741   145
12.8841   151
12.8941   155
12.9041   153
12.9141   152
12.9241   151
12.9341   143
12.9441   135
12.9541   141
12.9641   153
12.9741   159
12.9841   157
12.9941   147
13.0041   135
13.0141   149
13.0241   165
13.0341   157
13.0441   145
13.0541   156
13.0641   165
13.0741   159
13.0841   151
13.0941   149
13.1041   159
13.1141   153
13.1241   156
13.1341   161
13.1441   147
13.1541   146
13.1641   151
13.1741   157
13.1841   158
13.1941   149
13.2041   158
13.2141   166
13.2241   166
13.2341   172
13.2441   164
13.2541   181
13.2641   199
13.2741   182
13.2841   182
13.2941   184
13.3041   181
13.3141   189
13.3241   201
13.3341   210
13.3441   215
13.3541   212
13.3641   203
13.3741   195
13.3841   200
13.3941   209
13.4041   209
13.4141   206
13.4241   203
13.4341   203
13.4441   203
13.4541   204
13.4641   203
13.4741   200
13.4841   195
13.4941   192
13.5041   188
13.5141   186
13.5241   188
13.5341   185
13.5441   177
13.5541   184
13.5641   198
13.5741   206
13.5841   202
13.5941   188
13.6041   178
13.6141   174
13.6241   173
13.6341   167
13.6441   161
13.6541   171
13.6641   181
13.6741   186
13.6841   195
13.6941   193
13.7041   196
13.7141   191
13.7241   185
13.7341   186
13.7441   180
13.7541   185
13.7641   198
13.7741   203
13.7841   187
13.7941   177
13.8041   182
13.8141   189
13.8241   199
13.8341   196
13.8441   201
13.8541   196
13.8641   190
13.8741   190
13.8841   192
13.8941   201
13.9041   197
13.9141   198
13.9241   186
13.9341   190
13.9441   224
13.9541   248
13.9641   229
13.9741   211
13.9841   226
13.9941   220
14.0041   221
14.0141   230
14.0241   240
14.0341   249
14.0441   245
14.0541   238
14.0641   250
14.0741   273
14.0841   292
14.0941   298
14.1041   293
14.1141   304
14.1241   312
14.1341   312
14.1441   307
14.1541   289
14.1641   290
14.1741   299
14.1841   303
14.1941   295
14.2041   277
14.2141   276
14.2241   280
14.2341   262
14.2441   249
14.2541   256
14.2641   251
14.2741   242
14.2841   240
14.2941   237
14.3041   229
14.3141   238
14.3241   252
14.3341   227
14.3441   225
14.3541   228
14.3641   226
14.3741   229
14.3841   218
14.3941   229
14.4041   231
14.4141   229
14.4241   232
14.4341   232
14.4441   222
14.4541   225
14.4641   233
14.4741   224
14.4841   224
14.4941   223
14.5041   226
14.5141   234
14.5241   242
14.5341   244
14.5441   235
14.5541   216
14.5641   209
14.5741   218
14.5841   225
14.5941   236
14.6041   244
14.6141   228
14.6241   225
14.6341   235
14.6441   226
14.6541   226
14.6641   233
14.6741   235
14.6841   230
14.6941   231
14.7041   248
14.7141   245
14.7241   234
14.7341   231
14.7441   228
14.7541   231
14.7641   254
14.7741   265
14.7841   249
14.7941   248
14.8041   254
14.8141   252
14.8241   254
14.8341   273
14.8441   252
14.8541   240
14.8641   269
14.8741   261
14.8841   257
14.8941   257
14.9041   262
14.9141   269
14.9241   275
14.9341   280
14.9441   287
14.9541   294
14.9641   306
14.9741   292
14.9841   274
14.9941   269
15.0041   278
15.0141   292
15.0241   291
15.0341   269
15.0441   266
15.0541   261
15.0641   251
15.0741   264
15.0841   263
15.0941   261
15.1041   268
15.1141   265
15.1241   249
15.1341   244
15.1441   267
15.1541   270
15.1641   268
15.1741   262
15.1841   244
15.1941   256
15.2041   263
15.2141   263
15.2241   260
15.2341   261
15.2441   278
15.2541   278
15.2641   262
15.2741   264
15.2841   270
15.2941   276
15.3041   272
15.3141   262
15.3241   273
15.3341   265
15.3441   261
15.3541   272
15.3641   275
15.3741   289
15.3841   267
15.3941   252
15.4041   275
15.4141   285
15.4241   269
15.4341   256
15.4441   266
15.4541   287
15.4641   285
15.4741   281
15.4841   274
15.4941   270
15.5041   272
15.5141   294
15.5241   293
15.5341   299
15.5441   286
15.5541   306
15.5641   319
15.5741   322
15.5841   309
15.5941   314
15.6041   324
15.6141   324
15.6241   337
15.6341   351
15.6441   379
15.6541   382
15.6641   376
15.6741   375
15.6841   420
15.6941   428
15.7041   411
15.7141   430
15.7241   430
15.7341   427
15.7441   439
15.7541   461
15.7641   437
15.7741   426
15.7841   421
15.7941   415
15.8041   437
15.8141   423
15.8241   401
15.8341   400
15.8441   394
15.8541   381
15.8641   378
15.8741   384
15.8841   360
15.8941   354
15.9041   361
15.9141   352
15.9241   334
15.9341   318
15.9441   337
15.9541   334
15.9641   308
15.9741   314
15.9841   308
15.9941   299
16.0041   322
16.0141   327
16.0241   313
16.0341   321
16.0441   320
16.0541   310
16.0641   327
16.0741   320
16.0841   302
16.0941   311
16.1041   316
16.1141   318
16.1241   325
16.1341   314
16.1441   330
16.1541   339
16.1641   326
16.1741   306
16.1841   315
16.1941   314
16.2041   311
16.2141   324
16.2241   324
16.2341   334
16.2441   318
16.2541   306
16.2641   304
16.2741   290
16.2841   300
16.2941   316
16.3041   315
16.3141   323
16.3241   330
16.3341   330
16.3441   331
16.3541   326
16.3641   338
16.3741   332
16.3841   318
16.3941   321
16.4041   339
16.4141   335
16.4241   326
16.4341   321
16.4441   319
16.4541   330
16.4641   321
16.4741   350
16.4841   350
16.4941   341
16.5041   329
16.5141   340
16.5241   343
16.5341   342
16.5441   342
16.5541   363
16.5641   344
16.5741   347
16.5841   341
16.5941   336
16.6041   360
16.6141   382
16.6241   384
16.6341   353
16.6441   371
16.6541   356
16.6641   338
16.6741   366
16.6841   347
16.6941   336
16.7041   341
16.7141   354
16.7241   357
16.7341   353
16.7441   338
16.7541   345
16.7641   357
16.7741   349
16.7841   360
16.7941   360
16.8041   357
16.8141   362
16.8241   352
16.8341   349
16.8441   358
16.8541   355
16.8641   375
16.8741   358
16.8841   344
16.8941   330
16.9041   345
16.9141   363
16.9241   360
16.9341   365
16.9441   361
16.9541   345
16.9641   367
16.9741   359
16.9841   354
16.9941   373
17.0041   344
17.0141   333
17.0241   371
17.0341   366
17.0441   354
17.0541   348
17.0641   360
17.0741   357
17.0841   345
17.0941   359
17.1041   364
17.1141   369
17.1241   385
17.1341   384
17.1441   379
17.1541   348
17.1641   334
17.1741   363
17.1841   361
17.1941   355
17.2041   356
17.2141   381
17.2241   372
17.2341   350
17.2441   344
17.2541   357
17.2641   379
17.2741   388
17.2841   380
17.2941   362
17.3041   380
17.3141   384
17.3241   392
17.3341   394
17.3441   400
17.3541   396
17.3641   384
17.3741   406
17.3841   429
17.3941   384
17.4041   369
17.4141   374
17.4241   372
17.4341   405
17.4441   411
17.4541   371
17.4641   388
17.4741   406
17.4841   405
17.4941   383
17.5041   373
17.5141   387
17.5241   395
17.5341   389
17.5441   397
17.5541   416
17.5641   411
17.5741   402
17.5841   391
17.5941   354
17.6041   405
17.6141   402
17.6241   374
17.6341   407
17.6441   450
17.6541   411
17.6641   414
17.6741   389
17.6841   371
17.6941   391
17.7041   405
17.7141   413
17.7241   427
17.7341   426
17.7441   418
17.7541   428
17.7641   408
17.7741   389
17.7841   387
17.7941   409
17.8041   408
17.8141   380
17.8241   378
17.8341   378
17.8441   396
17.8541   404
17.8641   419
17.8741   398
17.8841   391
17.8941   397
17.9041   411
17.9141   412
17.9241   422
17.9341   426
17.9441   435
17.9541   434
17.9641   411
17.9741   385
17.9841   383
17.9941   389
18.0041   374
18.0141   392
18.0241   401
18.0341   421
18.0441   402
18.0541   415
18.0641   418
18.0741   399
18.0841   390
18.0941   386
18.1041   395
18.1141   409
18.1241   394
18.1341   410
18.1441   388
18.1541   417
18.1641   405
18.1741   409
18.1841   400
18.1941   428
18.2041   418
18.2141   414
18.2241   400
18.2341   424
18.2441   421
18.2541   437
18.2641   426
18.2741   392
18.2841   404
18.2941   389
18.3041   422
18.3141   437
18.3241   410
18.3341   404
18.3441   426
18.3541   433
18.3641   420
18.3741   392
18.3841   404
18.3941   428
18.4041   443
18.4141   434
18.4241   426
18.4341   430
18.4441   403
18.4541   419
18.4641   420
18.4741   437
18.4841   414
18.4941   412
18.5041   408
18.5141   410
18.5241   457
18.5341   434
18.5441   454
18.5541   428
18.5641   427
18.5741   450
18.5841   460
18.5941   442
18.6041   475
18.6141   407
18.6241   409
18.6341   397
18.6441   428
18.6541   390
18.6641   431
18.6741   446
18.6841   411
18.6941   399
18.7041   406
18.7141   408
18.7241   434
18.7341   435
18.7441   407
18.7541   430
18.7641   413
18.7741   383
18.7841   429
18.7941   448
18.8041   472
18.8141   460
18.8241   484
18.8341   400
18.8441   423
18.8541   425
18.8641   397
18.8741   411
18.8841   455
18.8941   441
18.9041   429
18.9141   400
18.9241   386
18.9341   437
18.9441   448
18.9541   453
18.9641   443
18.9741   424
18.9841   448
18.9941   439
19.0041   415
19.0141   413
19.0241   383
19.0341   402
19.0441   442
19.0541   427
19.0641   450
19.0741   415
19.0841   426
19.0941   451
19.1041   443
19.1141   433
19.1241   409
19.1341   422
19.1441   429
19.1541   453
19.1641   433
19.1741   420
19.1841   449
19.1941   442
19.2041   426
19.2141   461
19.2241   426
19.2341   458
19.2441   441
19.2541   453
19.2641   434
19.2741   425
19.2841   428
19.2941   458
19.3041   422
19.3141   452
19.3241   419
19.3341   436
19.3441   452
19.3541   415
19.3641   450
19.3741   457
19.3841   429
19.3941   441
19.4041   428
19.4141   429
19.4241   435
19.4341   474
19.4441   460
19.4541   441
19.4641   431
19.4741   458
19.4841   447
19.4941   415
19.5041   431
19.5141   467
19.5241   466
19.5341   470
19.5441   465
19.5541   422
19.5641   436
19.5741   439
19.5841   450
19.5941   455
19.6041   435
19.6141   445
19.6241   428
19.6341   443
19.6441   459
19.6541   435
19.6641   428
19.6741   460
19.6841   430
19.6941   432
19.7041   435
19.7141   451
19.7241   436
19.7341   450
19.7441   455
19.7541   431
19.7641   458
19.7741   477
19.7841   450
19.7941   426
19.8041   413
19.8141   437
19.8241   431
19.8341   481
19.8441   451
19.8541   434
19.8641   460
19.8741   463
19.8841   453
19.8941   428
19.9041   440
19.9141   427
19.9241   420
19.9341   467
19.9441   452
19.9541   435
19.9641   443
19.9741   448
19.9841   410
19.9941   421
20.0041   469
20.0141   439
20.0241   458
20.0341   464
20.0441   424
20.0541   411
20.0641   421
20.0741   423
20.0841   461
20.0941   464
20.1041   453
20.1141   427
20.1241   418
20.1341   461
20.1441   444
20.1541   437
20.1641   423
20.1741   427
20.1841   466
20.1941   449
20.2041   454
20.2141   480
20.2241   458
20.2341   433
20.2441   482
20.2541   435
20.2641   441
20.2741   449
20.2841   468
20.2941   449
20.3041   438
20.3141   466
20.3241   458
20.3341   417
20.3441   442
20.3541   415
20.3641   429
20.3741   420
20.3841   427
20.3941   425
20.4041   437
20.4141   420
20.4241   410
20.4341   451
20.4441   463
20.4541   418
20.4641   408
20.4741   474
20.4841   421
20.4941   447
20.5041   473
20.5141   434
20.5241   457
20.5341   411
20.5441   448
20.5541   459
20.5641   468
20.5741   448
20.5841   459
20.5941   440
20.6041   471
20.6141   451
20.6241   439
20.6341   449
20.6441   438
20.6541   446
20.6641   429
20.6741   463
20.6841   437
20.6941   465
20.7041   465
20.7141   445
20.7241   448
20.7341   459
20.7441   437
20.7541   420
20.7641   427
20.7741   429
20.7841   431
20.7941   453
20.8041   442
20.8141   441
20.8241   425
20.8341   464
20.8441   469
20.8541   479
20.8641   489
20.8741   468
20.8841   516
20.8941   485
20.9041   492
20.9141   452
20.9241   478
20.9341   522
20.9441   504
20.9541   504
20.9641   543
20.9741   534
20.9841   535
20.9941   551
21.0041   537
21.0141   519
21.0241   535
21.0341   585
21.0441   557
21.0541   581
21.0641   590
21.0741   612
21.0841   587
21.0941   640
21.1041   610
21.1141   631
21.1241   635
21.1341   666
21.1441   648
21.1541   624
21.1641   593
21.1741   602
21.1841   595
21.1941   621
21.2041   597
21.2141   554
21.2241   557
21.2341   574
21.2441   567
21.2541   512
21.2641   503
21.2741   503
21.2841   527
21.2941   520
21.3041   499
21.3141   490
21.3241   471
21.3341   489
21.3441   490
21.3541   458
21.3641   497
21.3741   458
21.3841   460
21.3941   449
21.4041   460
21.4141   421
21.4241   466
21.4341   414
21.4441   408
21.4541   431
21.4641   436
21.4741   454
21.4841   419
21.4941   433
21.5041   422
21.5141   442
21.5241   447
21.5341   472
21.5441   411
21.5541   396
21.5641   462
21.5741   451
21.5841   451
21.5941   434
21.6041   426
21.6141   430
21.6241   441
21.6341   424
21.6441   455
21.6541   430
21.6641   436
21.6741   407
21.6841   431
21.6941   434
21.7041   445
21.7141   472
21.7241   465
21.7341   422
21.7441   440
21.7541   447
21.7641   426
21.7741   438
21.7841   475
21.7941   428
21.8041   424
21.8141   458
21.8241   461
21.8341   444
21.8441   443
21.8541   443
21.8641   411
21.8741   428
21.8841   460
21.8941   469
21.9041   446
21.9141   426
21.9241   458
21.9341   443
21.9441   439
21.9541   434
21.9641   435
21.9741   440
21.9841   421
21.9941   401
22.0041   441
22.0141   407
22.0241   423
22.0341   423
22.0441   429
22.0541   404
22.0641   435
22.0741   455
22.0841   454
22.0941   421
22.1041   393
22.1141   404
22.1241   417
22.1341   421
22.1441   436
22.1541   432
22.1641   442
22.1741   425
22.1841   445
22.1941   395
22.2041   393
22.2141   437
22.2241   376
22.2341   425
22.2441   440
22.2541   422
22.2641   400
22.2741   431
22.2841   416
22.2941   380
22.3041   411
22.3141   401
22.3241   425
22.3341   413
22.3441   402
22.3541   397
22.3641   443
22.3741   431
22.3841   404
22.3941   405
22.4041   430
22.4141   456
22.4241   402
22.4341   383
22.4441   430
22.4541   450
22.4641   439
22.4741   398
22.4841   410
22.4941   436
22.5041   425
22.5141   386
22.5241   421
22.5341   424
22.5441   412
22.5541   426
22.5641   401
22.5741   414
22.5841   409
22.5941   416
22.6041   386
22.6141   421
22.6241   437
22.6341   407
22.6441   453
22.6541   404
22.6641   404
22.6741   422
22.6841   419
22.6941   401
22.7041   386
22.7141   411
22.7241   410
22.7341   417
22.7441   423
22.7541   418
22.7641   410
22.7741   386
22.7841   434
22.7941   421
22.8041   380
22.8141   398
22.8241   426
22.8341   413
22.8441   400
22.8541   417
22.8641   432
22.8741   418
22.8841   407
22.8941   415
22.9041   382
22.9141   385
22.9241   439
22.9341   384
22.9441   415
22.9541   418
22.9641   393
22.9741   379
22.9841   419
22.9941   368
23.0041   416
23.0141   387
23.0241   393
23.0341   403
23.0441   403
23.0541   408
23.0641   400
23.0741   406
23.0841   401
23.0941   411
23.1041   398
23.1141   391
23.1241   389
23.1341   391
23.1441   406
23.1541   363
23.1641   349
23.1741   373
23.1841   431
23.1941   421
23.2041   376
23.2141   391
23.2241   384
23.2341   429
23.2441   396
23.2541   416
23.2641   371
23.2741   386
23.2841   383
23.2941   415
23.3041   383
23.3141   384
23.3241   385
23.3341   396
23.3441   391
23.3541   401
23.3641   374
23.3741   417
23.3841   388
23.3941   387
23.4041   359
23.4141   418
23.4241   388
23.4341   390
23.4441   393
23.4541   381
23.4641   390
23.4741   395
23.4841   398
23.4941   381
23.5041   372
23.5141   366
23.5241   398
23.5341   397
23.5441   410
23.5541   398
23.5641   388
23.5741   378
23.5841   417
23.5941   427
23.6041   417
23.6141   360
23.6241   372
23.6341   401
23.6441   426
23.6541   384
23.6641   382
23.6741   394
23.6841   378
23.6941   418
23.7041   376
23.7141   393
23.7241   394
23.7341   401
23.7441   400
23.7541   399
23.7641   396
23.7741   398
23.7841   413
23.7941   400
23.8041   417
23.8141   419
23.8241   402
23.8341   422
23.8441   425
23.8541   407
23.8641   396
23.8741   386
23.8841   408
23.8941   406
23.9041   380
23.9141   377
23.9241   374
23.9341   393
23.9441   391
23.9541   366
23.9641   379
23.9741   373
23.9841   357
23.9941   385
24.0041   379
24.0141   358
24.0241   381
24.0341   354
24.0441   362
24.0541   372
24.0641   377
24.0741   359
24.0841   360
24.0941   352
24.1041   384
24.1141   367
24.1241   380
24.1341   374
24.1441   396
24.1541   371
24.1641   395
24.1741   351
24.1841   376
24.1941   372
24.2041   359
24.2141   364
24.2241   383
24.2341   380
24.2441   351
24.2541   370
24.2641   405
24.2741   341
24.2841   364
24.2941   387
24.3041   397
24.3141   405
24.3241   375
24.3341   361
24.3441   381
24.3541   391
24.3641   375
24.3741   355
24.3841   358
24.3941   375
24.4041   388
24.4141   353
24.4241   368
24.4341   385
24.4441   363
24.4541   350
24.4641   380
24.4741   345
24.4841   365
24.4941   371
24.5041   378
24.5141   335
24.5241   365
24.5341   362
24.5441   351
24.5541   372
24.5641   388
24.5741   363
24.5841   341
24.5941   334
24.6041   335
24.6141   341
24.6241   353
24.6341   368
24.6441   353
24.6541   353
24.6641   352
24.6741   327
24.6841   366
24.6941   304
24.7041   330
24.7141   364
24.7241   369
24.7341   335
24.7441   359
24.7541   322
24.7641   352
24.7741   333
24.7841   323
24.7941   372
24.8041   337
24.8141   338
24.8241   323
24.8341   319
24.8441   347
24.8541   344
24.8641   367
24.8741   313
24.8841   330
24.8941   326
24.9041   325
24.9141   366
24.9241   328
24.9341   344
24.9441   374
24.9541   340
24.9641   330
24.9741   351
24.9841   360
24.9941   346
25.0041   306
25.0141   318
25.0241   330
25.0341   394
25.0441   361
25.0541   375
25.0641   380
25.0741   325
25.0841   353
25.0941   325
25.1041   338
25.1141   325
25.1241   348
25.1341   326
25.1441   333
25.1541   366
25.1641   349
25.1741   356
25.1841   326
25.1941   342
25.2041   349
25.2141   358
25.2241   312
25.2341   340
25.2441   364
25.2541   362
25.2641   333
25.2741   355
25.2841   343
25.2941   343
25.3041   371
25.3141   306
25.3241   327
25.3341   326
25.3441   336
25.3541   348
25.3641   327
25.3741   324
25.3841   332
25.3941   320
25.4041   329
25.4141   331
25.4241   347
25.4341   333
25.4441   295
25.4541   301
25.4641   330
25.4741   336
25.4841   339
25.4941   304
25.5041   338
25.5141   317
25.5241   343
25.5341   338
25.5441   316
25.5541   292
25.5641   321
25.5741   293
25.5841   320
25.5941   332
25.6041   302
25.6141   308
25.6241   310
25.6341   309
25.6441   339
25.6541   307
25.6641   329
25.6741   303
25.6841   317
25.6941   326
25.7041   317
25.7141   318
25.7241   304
25.7341   318
25.7441   319
25.7541   293
25.7641   301
25.7741   326
25.7841   322
25.7941   296
25.8041   321
25.8141   291
25.8241   298
25.8341   305
25.8441   304
25.8541   295
25.8641   324
25.8741   298
25.8841   285
25.8941   330
25.9041   284
25.9141   317
25.9241   324
25.9341   300
25.9441   305
25.9541   311
25.9641   298
25.9741   311
25.9841   304
25.9941   316
26.0041   290
26.0141   320
26.0241   292
26.0341   325
26.0441   293
26.0541   267
26.0641   312
26.0741   326
26.0841   272
26.0941   300
26.1041   293
26.1141   307
26.1241   315
26.1341   289
26.1441   265
26.1541   309
26.1641   288
26.1741   308
26.1841   287
26.1941   303
26.2041   296
26.2141   274
26.2241   304
26.2341   315
26.2441   281
26.2541   295
26.2641   312
26.2741   302
26.2841   287
26.2941   322
26.3041   268
26.3141   310
26.3241   284
26.3341   279
26.3441   324
26.3541   295
26.3641   292
26.3741   299
26.3841   278
26.3941   292
26.4041   292
26.4141   291
26.4241   278
26.4341   301
26.4441   294
26.4541   298
26.4641   307
26.4741   260
26.4841   301
26.4941   301
26.5041   304
26.5141   315
26.5241   301
26.5341   301
26.5441   261
26.5541   266
26.5641   291
26.5741   298
26.5841   299
26.5941   262
26.6041   283
26.6141   284
26.6241   275
26.6341   264
26.6441   282
26.6541   275
26.6641   299
26.6741   309
26.6841   280
26.6941   318
26.7041   280
26.7141   277
26.7241   281
26.7341   278
26.7441   264
26.7541   290
26.7641   294
26.7741   242
26.7841   255
26.7941   264
26.8041   285
26.8141   270
26.8241   297
26.8341   282
26.8441   288
26.8541   274
26.8641   276
26.8741   266
26.8841   275
26.8941   279
26.9041   266
26.9141   258
26.9241   258
26.9341   249
26.9441   273
26.9541   280
26.9641   261
26.9741   271
26.9841   292
26.9941   256
27.0041   262
27.0141   275
27.0241   286
27.0341   262
27.0441   287
27.0541   264
27.0641   262
27.0741   270
27.0841   289
27.0941   255
27.1041   253
27.1141   251
27.1241   275
27.1341   242
27.1441   297
27.1541   262
27.1641   259
27.1741   246
27.1841   272
27.1941   249
27.2041   262
27.2141   254
27.2241   277
27.2341   252
27.2441   277
27.2541   278
27.2641   279
27.2741   260
27.2841   278
27.2941   254
27.3041   264
27.3141   254
27.3241   247
27.3341   254
27.3441   250
27.3541   292
27.3641   283
27.3741   245
27.3841   276
27.3941   275
27.4041   283
27.4141   261
27.4241   253
27.4341   275
27.4441   276
27.4541   276
27.4641   260
27.4741   245
27.4841   242
27.4941   259
27.5041   256
27.5141   266
27.5241   250
27.5341   245
27.5441   239
27.5541   263
27.5641   260
27.5741   245
27.5841   241
27.5941   260
27.6041   255
27.6141   248
27.6241   271
27.6341   268
27.6441   251
27.6541   255
27.6641   253
27.6741   246
27.6841   266
27.6941   245
27.7041   252
27.7141   238
27.7241   262
27.7341   263
27.7441   265
27.7541   225
27.7641   236
27.7741   220
27.7841   252
27.7941   236
27.8041   234
27.8141   251
27.8241   262
27.8341   235
27.8441   236
27.8541   212
27.8641   221
27.8741   256
27.8841   254
27.8941   235
27.9041   240
27.9141   237
27.9241   224
27.9341   248
27.9441   237
27.9541   234
27.9641   236
27.9741   246
27.9841   227
27.9941   241
28.0041   245
28.0141   240
28.0241   231
28.0341   245
28.0441   234
28.0541   253
28.0641   240
28.0741   244
28.0841   225
28.0941   236
28.1041   236
28.1141   226
28.1241   248
28.1341   227
28.1441   220
28.1541   245
28.1641   242
28.1741   254
28.1841   234
28.1941   218
28.2041   241
28.2141   248
28.2241   232
28.2341   239
28.2441   238
28.2541   214
28.2641   227
28.2741   224
28.2841   202
28.2941   215
28.3041   220
28.3141   230
28.3241   202
28.3341   218
28.3441   219
28.3541   244
28.3641   249
28.3741   234
28.3841   242
28.3941   236
28.4041   239
28.4141   229
28.4241   210
28.4341   214
28.4441   227
28.4541   235
28.4641   235
28.4741   209
28.4841   230
28.4941   258
28.5041   244
28.5141   214
28.5241   235
28.5341   226
28.5441   222
28.5541   243
28.5641   237
28.5741   216
28.5841   225
28.5941   211
28.6041   231
28.6141   235
28.6241   238
28.6341   206
28.6441   229
28.6541   216
28.6641   212
28.6741   238
28.6841   254
28.6941   234
28.7041   217
28.7141   207
28.7241   234
28.7341   195
28.7441   209
28.7541   215
28.7641   200
28.7741   225
28.7841   188
28.7941   208
28.8041   214
28.8141   207
28.8241   220
28.8341   238
28.8441   246
28.8541   211
28.8641   216
28.8741   218
28.8841   191
28.8941   218
28.9041   214
28.9141   205
28.9241   216
28.9341   221
28.9441   195
28.9541   200
28.9641   227
28.9741   213
28.9841   226
28.9941   213
29.0041   186
29.0141   210
29.0241   225
29.0341   216
29.0441   214
29.0541   190
29.0641   196
29.0741   179
29.0841   175
29.0941   223
29.1041   218
29.1141   203
29.1241   191
29.1341   225
29.1441   230
29.1541   209
29.1641   207
29.1741   188
29.1841   207
29.1941   199
29.2041   184
29.2141   190
29.2241   185
29.2341   203
29.2441   201
29.2541   185
29.2641   173
29.2741   189
29.2841   193
29.2941   193
29.3041   191
29.3141   196
29.3241   213
29.3341   191
29.3441   194
29.3541   183
29.3641   204
29.3741   206
29.3841   196
29.3941   202
29.4041   198
29.4141   196
29.4241   196
29.4341   189
29.4441   167
29.4541   221
29.4641   194
29.4741   194
29.4841   194
29.4941   217
29.5041   198
29.5141   204
29.5241   217
29.5341   204
29.5441   213
29.5541   197
29.5641   194
29.5741   215
29.5841   219
29.5941   188
29.6041   182
29.6141   196
29.6241   182
29.6341   210
29.6441   200
29.6541   178
29.6641   180
29.6741   204
29.6841   216
29.6941   195
29.7041   189
29.7141   189
29.7241   201
29.7341   178
29.7441   185
29.7541   192
29.7641   198
29.7741   178
29.7841   196
29.7941   176
29.8041   201
29.8141   194
29.8241   198
29.8341   191
29.8441   197
29.8541   175
29.8641   181
29.8741   166
29.8841   196
29.8941   195
29.9041   202
29.9141   189
29.9241   169
29.9341   181
29.9441   178
29.9541   182
29.9641   166
29.9741   165
29.9841   194
29.9941   191
30.0041   165
30.0141   165
30.0241   167
30.0341   185
30.0441   191
30.0541   191
30.0641   182
30.0741   171
30.0841   172
30.0941   189
30.1041   174
30.1141   164
30.1241   167
30.1341   195
30.1441   195
30.1541   170
30.1641   160
30.1741   160
30.1841   185
30.1941   171
30.2041   169
30.2141   169
30.2241   166
30.2341   171
30.2441   175
30.2541   174
30.2641   172
30.2741   173
30.2841   170
30.2941   160
30.3041   160
30.3141   159
30.3241   181
30.3341   167
30.3441   155
30.3541   160
30.3641   154
30.3741   163
30.3841   153
30.3941   165
30.4041   147
30.4141   162
30.4241   168
30.4341   201
30.4441   161
30.4541   160
30.4641   169
30.4741   163
30.4841   168
30.4941   163
30.5041   180
30.5141   175
30.5241   153
30.5341   181
30.5441   187
30.5541   176
30.5641   124
30.5741   179
30.5841   162
30.5941   174
30.6041   165
30.6141   168
30.6241   164
30.6341   153
30.6441   146
30.6541   172
30.6641   168
30.6741   159
30.6841   167
30.6941   154
30.7041   158
30.7141   168
30.7241   150
30.7341   168
30.7441   172
30.7541   159
30.7641   138
30.7741   159
30.7841   150
30.7941   148
30.8041   149
30.8141   161
30.8241   173
30.8341   143
30.8441   143
30.8541   147
30.8641   148
30.8741   148
30.8841   142
30.8941   143
30.9041   145
30.9141   160
30.9241   146
30.9341   149
30.9441   156
30.9541   174
30.9641   158
30.9741   135
30.9841   150
30.9941   143
31.0041   140
31.0141   153
31.0241   145
31.0341   141
31.0441   146
31.0541   162
31.0641   145
31.0741   160
31.0841   146
31.0941   151
31.1041   151
31.1141   190
31.1241   147
31.1341   134
31.1441   147
31.1541   150
31.1641   148
31.1741   127
31.1841   147
31.1941   136
31.2041   160
31.2141   145
31.2241   155
31.2341   131
31.2441   133
31.2541   135
31.2641   163
31.2741   140
31.2841   141
31.2941   137
31.3041   138
31.3141   116
31.3241   136
31.3341   146
31.3441   141
31.3541   126
31.3641   123
31.3741   139
31.3841   149
31.3941   157
31.4041   140
31.4141   149
31.4241   128
31.4341   146
31.4441   142
31.4541   153
31.4641   134
31.4741   136
31.4841   140
31.4941   123
31.5041   148
31.5141   121
31.5241   126
31.5341   137
31.5441   140
31.5541   142
31.5641   140
31.5741   165
31.5841   142
31.5941   117
31.6041   134
31.6141   145
31.6241   124
31.6341   146
31.6441   123
31.6541   138
31.6641   151
31.6741   132
31.6841   134
31.6941   154
31.7041   125
31.7141   133
31.7241   141
31.7341   124
31.7441   143
31.7541   125
31.7641   137
31.7741   142
31.7841   123
31.7941   139
31.8041   144
31.8141   149
31.8241   141
31.8341   146
31.8441   126
31.8541   130
31.8641   138
31.8741   150
31.8841   119
31.8941   140
31.9041   135
31.9141   147
31.9241   116
31.9341   136
31.9441   143
31.9541   130
31.9641   140
31.9741   125
31.9841   132
31.9941   125
32.0041   136
32.0141   127
32.0241   105
32.0341   122
32.0441   138
32.0541   134
32.0641   133
32.0741   159
32.0841   132
32.0941   128
32.1041   137
32.1141   146
32.1241   106
32.1341   147
32.1441   127
32.1541   128
32.1641   137
32.1741   143
32.1841   132
32.1941   133
32.2041   127
32.2141   146
32.2241   133
32.2341   124
32.2441   119
32.2541   143
32.2641   135
32.2741   145
32.2841   146
32.2941   125
32.3041   140
32.3141   124
32.3241   153
32.3341   126
32.3441   113
32.3541   135
32.3641   135
32.3741   113
32.3841   122
32.3941   126
32.4041   125
32.4141   127
32.4241   126
32.4341    99
32.4441   118
32.4541   133
32.4641   115
32.4741   112
32.4841    98
32.4941   126
32.5041   114
32.5141   121
32.5241   120
32.5341   133
32.5441   111
32.5541   112
32.5641   113
32.5741   122
32.5841   141
32.5941   120
32.6041   121
32.6141   137
32.6241   118
32.6341   109
32.6441   106
32.6541   127
32.6641   110
32.6741   103
32.6841   116
32.6941   110
32.7041   105
32.7141    91
32.7241   105
32.7341   114
32.7441   128
32.7541   109
32.7641   122
32.7741   110
32.7841   124
32.7941    97
32.8041    98
32.8141   105
32.8241   116
32.8341   122
32.8441    95
32.8541   127
32.8641   110
32.8741   112
32.8841    94
32.8941   114
32.9041   116
32.9141    98
32.9241   103
32.9341   131
32.9441   113
32.9541   120
32.9641   103
32.9741   114
32.9841   116
32.9941   112
33.0041   130
33.0141   103
33.0241   111
33.0341    97
33.0441    84
33.0541   117
33.0641   111
33.0741   104
33.0841   115
33.0941   110
33.1041   113
33.1141   111
33.1241   118
33.1341   101
33.1441   106
33.1541    94
33.1641   105
33.1741   105
33.1841   104
33.1941   102
33.2041   104
33.2141   100
33.2241   101
33.2341   101
33.2441    90
33.2541   100
33.2641    95
33.2741   117
33.2841   101
33.2941    98
33.3041    94
33.3141   110
33.3241   105
33.3341   103
33.3441   103
33.3541   108
33.3641    95
33.3741   114
33.3841    97
33.3941    98
33.4041    88
33.4141    82
33.4241   102
33.4341   102
33.4441    96
33.4541   112
33.4641    93
33.4741   103
33.4841   103
33.4941    98
33.5041   107
33.5141   107
33.5241   104
33.5341   103
33.5441   103
33.5541    94
33.5641   101
33.5741   107
33.5841   100
33.5941   101
33.6041    78
33.6141   118
33.6241   107
33.6341   100
33.6441   108
33.6541    84
33.6641   104
33.6741    89
33.6841    93
33.6941    89
33.7041    92
33.7141    88
33.7241    99
33.7341   109
33.7441    90
33.7541    94
33.7641    87
33.7741    84
33.7841    99
33.7941    72
33.8041    89
33.8141    98
33.8241    75
33.8341    87
33.8441   113
33.8541    92
33.8641   100
33.8741    90
33.8841    96
33.8941    98
33.9041    94
33.9141    98
33.9241    88
33.9341    90
33.9441    91
33.9541    92
33.9641    93
33.9741    88
33.9841    84
33.9941    82
34.0041    73
34.0141    78
34.0241    87
34.0341    98
34.0441    96
34.0541    87
34.0641    82
34.0741    90
34.0841    68
34.0941    76
34.1041    78
34.1141    93
34.1241    84
34.1341    71
34.1441    86
34.1541    89
34.1641    96
34.1741    91
34.1841    89
34.1941    93
34.2041    92
34.2141    79
34.2241    77
34.2341    85
34.2441    68
34.2541    83
34.2641    84
34.2741   104
34.2841    87
34.2941    93
34.3041    82
34.3141    99
34.3241    81
34.3341    73
34.3441    77
34.3541    76
34.3641    81
34.3741    82
34.3841    80
34.3941    91
34.4041    72
34.4141    85
34.4241    84
34.4341    95
34.4441    91
34.4541    71
34.4641    75
34.4741    84
34.4841    86
34.4941    78
34.5041    77
34.5141    83
34.5241    72
34.5341    89
34.5441    79
34.5541    95
34.5641    88
34.5741    72
34.5841    76
34.5941    82
34.6041    78
34.6141    73
34.6241    66
34.6341    88
34.6441    95
34.6541    88
34.6641    76
34.6741    87
34.6841    72
34.6941    61
34.7041    80
34.7141    78
34.7241    68
34.7341    62
34.7441    73
34.7541    76
34.7641    79
34.7741    77
34.7841    80
34.7941    78
34.8041    79
34.8141    75
34.8241    57
34.8341    77
34.8441    70
34.8541    64
34.8641    62
34.8741    67
34.8841    69
34.8941    62
34.9041    89
34.9141    76
34.9241    76
34.9341    74
34.9441    74
34.9541    76
34.9641    90
34.9741    67
34.9841    73
34.9941    62
35.0041    61
35.0141    62
35.0241    72
35.0341    74
35.0441    71
35.0541    81
35.0641    78
35.0741    83
35.0841    74
35.0941    63
35.1041    81
35.1141    79
35.1241    69
35.1341    62
35.1441    68
35.1541    67
35.1641    74
35.1741    84
35.1841    80
35.1941    82
35.2041    64
35.2141    76
35.2241    74
35.2341    57
35.2441    63
35.2541    62
35.2641    69
35.2741    64
35.2841    46
35.2941    63
35.3041    60
35.3141    81
35.3241    64
35.3341    72
35.3441    61
35.3541    58
35.3641    75
35.3741    72
35.3841    66
35.3941    69
35.4041    64
35.4141    75
35.4241    80
35.4341    51
35.4441    65
35.4541    61
35.4641    90
35.4741    66
35.4841    70
35.4941    52
35.5041    60
35.5141    73
35.5241    63
35.5341    53
35.5441    68
35.5541    75
35.5641    69
35.5741    67
35.5841    63
35.5941    60
35.6041    71
35.6141    54
35.6241    41
35.6341    57
35.6441    70
35.6541    44
35.6641    58
35.6741    67
35.6841    66
35.6941    52
35.7041    56
35.7141    65
35.7241    67
35.7341    45
35.7441    58
35.7541    68
35.7641    82
35.7741    65
35.7841    76
35.7941    64
35.8041    65
35.8141    63
35.8241    55
35.8341    74
35.8441    57
35.8541    54
35.8641    47
35.8741    67
35.8841    58
35.8941    58
35.9041    51
35.9141    47
35.9241    62
35.9341    66
35.9441    62
35.9541    65
35.9641    64
35.9741    55
35.9841    47
35.9941    62
36.0041    73
36.0141    57
36.0241    72
36.0341    38
36.0441    55
36.0541    66
36.0641    50
36.0741    52
36.0841    58
36.0941    43
36.1041    55
36.1141    57
36.1241    73
36.1341    50
36.1441    45
36.1541    42
36.1641    50
36.1741    46
36.1841    59
36.1941    57
36.2041    56
36.2141    45
36.2241    44
36.2341    64
36.2441    61
36.2541    55
36.2641    41
36.2741    59
36.2841    54
36.2941    54
36.3041    58
36.3141    58
36.3241    53
36.3341    62
36.3441    47
36.3541    69
36.3641    53
36.3741    53
36.3841    63
36.3941    47
36.4041    51
36.4141    57
36.4241    54
36.4341    53
36.4441    48
36.4541    41
36.4641    45
36.4741    59
36.4841    46
36.4941    65
36.5041    49
36.5141    59
36.5241    58
36.5341    47
36.5441    51
36.5541    63
36.5641    61
36.5741    53
36.5841    56
36.5941    62
36.6041    52
36.6141    56
36.6241    51
36.6341    53
36.6441    47
36.6541    43
36.6641    37
36.6741    54
36.6841    49
36.6941    51
36.7041    48
36.7141    48
36.7241    53
36.7341    55
36.7441    51
36.7541    32
36.7641    42
36.7741    51
36.7841    52
36.7941    45
36.8041    47
36.8141    41
36.8241    47
36.8341    57
36.8441    59
36.8541    43
36.8641    37
36.8741    46
36.8841    46
36.8941    39
36.9041    53
36.9141    37
36.9241    35
36.9341    48
36.9441    46
36.9541    45
36.9641    50
36.9741    38
36.9841    46
36.9941    38
37.0041    42
37.0141    48
37.0241    53
37.0341    49
37.0441    40
37.0541    44
37.0641    44
37.0741    39
37.0841    50
37.0941    61
37.1041    44
37.1141    38
37.1241    44
37.1341    47
37.1441    53
37.1541    37
37.1641    37
37.1741    46
37.1841    42
37.1941    56
37.2041    50
37.2141    58
37.2241    54
37.2341    41
37.2441    45
37.2541    33
37.2641    39
37.2741    44
37.2841    45
37.2941    34
37.3041    42
37.3141    48
37.3241    44
37.3341    45
37.3441    51
37.3541    41
37.3641    21
37.3741    29
37.3841    45
37.3941    50
37.4041    39
37.4141    48
37.4241    52
37.4341    45
37.4441    45
37.4541    41
37.4641    38
37.4741    46
37.4841    43
37.4941    36
37.5041    35
37.5141    42
37.5241    45
37.5341    48
37.5441    43
37.5541    48
37.5641    32
37.5741    44
37.5841    39
37.5941    35
37.6041    35
37.6141    37
37.6241    37
37.6341    33
37.6441    50
37.6541    29
37.6641    35
37.6741    43
37.6841    35
37.6941    45
37.7041    33
37.7141    36
37.7241    28
37.7341    50
37.7441    36
37.7541    35
37.7641    32
37.7741    39
37.7841    39
37.7941    39
37.8041    34
37.8141    37
37.8241    39
37.8341    31
37.8441    40
37.8541    46
37.8641    27
37.8741    41
37.8841    45
37.8941    35
37.9041    41
37.9141    26
37.9241    42
37.9341    42
37.9441    35
37.9541    39
37.9641    35
37.9741    41
37.9841    36
37.9941    32
38.0041    35
38.0141    28
38.0241    43
38.0341    33
38.0441    33
38.0541    48
38.0641    28
38.0741    33
38.0841    29
38.0941    34
38.1041    30
38.1141    27
38.1241    40
38.1341    47
38.1441    34
38.1541    36
38.1641    28
38.1741    35
38.1841    50
38.1941    34
38.2041    36
38.2141    28
38.2241    37
38.2341    29
38.2441    36
38.2541    41
38.2641    36
38.2741    39
38.2841    34
38.2941    34
38.3041    29
38.3141    32
38.3241    27
38.3341    35
38.3441    31
38.3541    29
38.3641    23
38.3741    28
38.3841    33
38.3941    23
38.4041    26
38.4141    36
38.4241    35
38.4341    31
38.4441    32
38.4541    37
38.4641    35
38.4741    37
38.4841    29
38.4941    29
38.5041    34
38.5141    33
38.5241    37
38.5341    34
38.5441    40
38.5541    37
38.5641    24
38.5741    27
38.5841    32
38.5941    30
38.6041    25
38.6141    19
38.6241    29
38.6341    36
38.6441    29
38.6541    31
38.6641    32
38.6741    21
38.6841    29
38.6941    29
38.7041    27
38.7141    19
38.7241    36
38.7341    29
38.7441    32
38.7541    26
38.7641    33
38.7741    23
38.7841    29
38.7941    20
38.8041    21
38.8141    28
38.8241    28
38.8341    23
38.8441    26
38.8541    28
38.8641    34
38.8741    30
38.8841    24
38.8941    30
38.9041    31
38.9141    18
38.9241    26
38.9341    21
38.9441    28
38.9541    25
38.9641    31
38.9741    37
38.9841    21
38.9941    26
39.0041    29
39.0141    28
39.0241    23
39.0341    27
39.0441    12
39.0541    25
39.0641    22
39.0741    28
39.0841    25
39.0941    21
39.1041    26
39.1141    32
39.1241    27
39.1341    31
39.1441    22
39.1541    17
39.1641    22
39.1741    28
39.1841    26
39.1941    29
39.2041    19
39.2141    25
39.2241    20
39.2341    24
39.2441    29
39.2541    31
39.2641    15
39.2741    20
39.2841    23
39.2941    20
39.3041    24
39.3141    29
39.3241    18
39.3341    22
39.3441    24
39.3541    24
39.3641    19
39.3741    31
39.3841    27
39.3941    25
39.4041    23
39.4141    25
39.4241    21
39.4341    23
39.4441    22
39.4541    18
39.4641    25
39.4741    16
39.4841    21
39.4941    22
39.5041    29
39.5141    15
39.5241    26
39.5341    30
39.5441    15
39.5541    20
39.5641    25
39.5741    24
39.5841    21
39.5941    20
39.6041    16
39.6141    19
39.6241    17
39.6341    24
39.6441    22
39.6541    21
39.6641    17
39.6741    25
39.6841    21
39.6941    22
39.7041    21
39.7141    25
39.7241    23
39.7341    19
39.7441    16
39.7541    27
39.7641    18
39.7741    19
39.7841    16
39.7941    21
39.8041    27
39.8141    22
39.8241    17
39.8341    15
39.8441    30
39.8541    16
39.8641    24
39.8741    19
39.8841    21
39.8941    19
39.9041    14
39.9141    16
39.9241    15
39.9341    23
39.9441    13
39.9541    19
39.9641    24
39.9741    23
39.9841    21
