Bruker Nano GmbH Berlin, Germany
Esprit 1.9

Date: 6/2/2021 1:08:08 PM
Real time: 5000
Life time: 4678
Pulse density: 90623


Detector type: XFlash 430
Window type: Custom type
Detector thickness: 0.45
Si dead layer:0.029

Calibration, lin.: 10
Calibration, abs.: -955.9
Mn FWHM: 137.05
Fano factor: 0.121
Channels: 4096

Energy Counts
-0.9559     0
-0.9459     0
-0.9359     0
-0.9259     0
-0.9159     0
-0.9059     0
-0.8959     0
-0.8859     0
-0.8759     0
-0.8659     0
-0.8559     0
-0.8459     0
-0.8359     0
-0.8259     0
-0.8159     0
-0.8059     0
-0.7959     0
-0.7859     0
-0.7759     0
-0.7659     0
-0.7559     0
-0.7459     0
-0.7359     0
-0.7259     0
-0.7159     0
-0.7059     0
-0.6959     0
-0.6859     0
-0.6759     0
-0.6659     0
-0.6559     0
-0.6459     0
-0.6359     0
-0.6259     0
-0.6159     0
-0.6059     0
-0.5959     0
-0.5859     0
-0.5759     0
-0.5659     0
-0.5559     0
-0.5459     0
-0.5359     0
-0.5259     0
-0.5159     0
-0.5059     0
-0.4959     0
-0.4859     0
-0.4759     0
-0.4659     0
-0.4559     0
-0.4459     0
-0.4359     0
-0.4259     0
-0.4159     0
-0.4059     0
-0.3959     0
-0.3859     0
-0.3759     0
-0.3659     0
-0.3559     0
-0.3459     0
-0.3359     0
-0.3259     0
-0.3159     0
-0.3059     0
-0.2959     0
-0.2859     0
-0.2759     0
-0.2659     0
-0.2559     0
-0.2459     0
-0.2359     0
-0.2259     0
-0.2159     0
-0.2059     0
-0.1959     0
-0.1859     0
-0.1759     0
-0.1659     0
-0.1559     0
-0.1459     0
-0.1359     0
-0.1259     0
-0.1159     2
-0.1059     0
-0.0959    11
-0.0859    54
-0.0759   189
-0.0659   583
-0.0559  1394
-0.0459  3008
-0.0359  5723
-0.0259  8870
-0.0159 12083
-0.0059 14224
 0.0041 14308
 0.0141 12344
 0.0241  9298
 0.0341  5796
 0.0441  3203
 0.0541  1455
 0.0641   588
 0.0741   224
 0.0841    62
 0.0941    20
 0.1041     6
 0.1141     5
 0.1241     3
 0.1341     4
 0.1441     3
 0.1541     2
 0.1641     0
 0.1741     7
 0.1841    51
 0.1941    91
 0.2041    83
 0.2141    85
 0.2241    92
 0.2341    96
 0.2441    89
 0.2541    81
 0.2641    86
 0.2741    83
 0.2841    79
 0.2941    86
 0.3041    69
 0.3141    74
 0.3241    88
 0.3341    74
 0.3441    80
 0.3541    86
 0.3641    82
 0.3741    76
 0.3841    68
 0.3941    83
 0.4041    80
 0.4141    62
 0.4241    64
 0.4341    73
 0.4441    67
 0.4541    78
 0.4641    66
 0.4741    66
 0.4841    63
 0.4941    69
 0.5041    66
 0.5141    66
 0.5241    65
 0.5341    73
 0.5441    71
 0.5541    63
 0.5641    71
 0.5741    67
 0.5841    67
 0.5941    67
 0.6041    57
 0.6141    63
 0.6241    52
 0.6341    48
 0.6441    54
 0.6541    56
 0.6641    53
 0.6741    44
 0.6841    49
 0.6941    53
 0.7041    56
 0.7141    56
 0.7241    61
 0.7341    68
 0.7441    63
 0.7541    58
 0.7641    51
 0.7741    46
 0.7841    59
 0.7941    67
 0.8041    65
 0.8141    63
 0.8241    65
 0.8341    56
 0.8441    60
 0.8541    67
 0.8641    53
 0.8741    48
 0.8841    53
 0.8941    64
 0.9041    54
 0.9141    51
 0.9241    57
 0.9341    59
 0.9441    52
 0.9541    57
 0.9641    48
 0.9741    60
 0.9841    61
 0.9941    42
 1.0041    49
 1.0141    40
 1.0241    46
 1.0341    56
 1.0441    58
 1.0541    58
 1.0641    54
 1.0741    53
 1.0841    49
 1.0941    53
 1.1041    47
 1.1141    65
 1.1241    62
 1.1341    47
 1.1441    43
 1.1541    47
 1.1641    47
 1.1741    43
 1.1841    46
 1.1941    67
 1.2041    46
 1.2141    58
 1.2241    37
 1.2341    41
 1.2441    47
 1.2541    61
 1.2641    63
 1.2741    54
 1.2841    57
 1.2941    43
 1.3041    50
 1.3141    48
 1.3241    49
 1.3341    45
 1.3441    49
 1.3541    52
 1.3641    41
 1.3741    51
 1.3841    39
 1.3941    53
 1.4041    53
 1.4141    38
 1.4241    52
 1.4341    50
 1.4441    48
 1.4541    43
 1.4641    42
 1.4741    44
 1.4841    42
 1.4941    40
 1.5041    36
 1.5141    44
 1.5241    48
 1.5341    46
 1.5441    49
 1.5541    41
 1.5641    44
 1.5741    49
 1.5841    41
 1.5941    47
 1.6041    52
 1.6141    39
 1.6241    42
 1.6341    42
 1.6441    48
 1.6541    63
 1.6641    61
 1.6741    83
 1.6841    89
 1.6941   114
 1.7041   136
 1.7141   157
 1.7241   181
 1.7341   193
 1.7441   214
 1.7541   184
 1.7641   169
 1.7741   145
 1.7841   119
 1.7941    94
 1.8041    81
 1.8141    72
 1.8241    67
 1.8341    70
 1.8441    61
 1.8541    63
 1.8641    45
 1.8741    51
 1.8841    63
 1.8941    47
 1.9041    58
 1.9141    52
 1.9241    49
 1.9341    49
 1.9441    36
 1.9541    58
 1.9641    36
 1.9741    60
 1.9841    64
 1.9941    60
 2.0041    49
 2.0141    46
 2.0241    49
 2.0341    53
 2.0441    53
 2.0541    54
 2.0641    43
 2.0741    46
 2.0841    46
 2.0941    32
 2.1041    42
 2.1141    54
 2.1241    47
 2.1341    38
 2.1441    34
 2.1541    39
 2.1641    41
 2.1741    35
 2.1841    43
 2.1941    39
 2.2041    44
 2.2141    41
 2.2241    31
 2.2341    45
 2.2441    39
 2.2541    40
 2.2641    52
 2.2741    38
 2.2841    45
 2.2941    35
 2.3041    37
 2.3141    28
 2.3241    44
 2.3341    48
 2.3441    43
 2.3541    34
 2.3641    42
 2.3741    34
 2.3841    25
 2.3941    32
 2.4041    34
 2.4141    33
 2.4241    36
 2.4341    38
 2.4441    41
 2.4541    38
 2.4641    36
 2.4741    31
 2.4841    31
 2.4941    33
 2.5041    31
 2.5141    45
 2.5241    36
 2.5341    35
 2.5441    40
 2.5541    36
 2.5641    39
 2.5741    38
 2.5841    40
 2.5941    40
 2.6041    37
 2.6141    43
 2.6241    41
 2.6341    31
 2.6441    31
 2.6541    42
 2.6641    34
 2.6741    45
 2.6841    38
 2.6941    27
 2.7041    32
 2.7141    38
 2.7241    29
 2.7341    30
 2.7441    37
 2.7541    34
 2.7641    40
 2.7741    34
 2.7841    32
 2.7941    40
 2.8041    30
 2.8141    31
 2.8241    37
 2.8341    36
 2.8441    31
 2.8541    30
 2.8641    27
 2.8741    26
 2.8841    37
 2.8941    39
 2.9041    35
 2.9141    36
 2.9241    32
 2.9341    34
 2.9441    28
 2.9541    32
 2.9641    32
 2.9741    24
 2.9841    23
 2.9941    37
 3.0041    31
 3.0141    30
 3.0241    30
 3.0341    33
 3.0441    38
 3.0541    26
 3.0641    28
 3.0741    27
 3.0841    27
 3.0941    31
 3.1041    42
 3.1141    27
 3.1241    34
 3.1341    33
 3.1441    22
 3.1541    31
 3.1641    25
 3.1741    33
 3.1841    28
 3.1941    22
 3.2041    28
 3.2141    32
 3.2241    30
 3.2341    43
 3.2441    43
 3.2541    49
 3.2641    53
 3.2741    46
 3.2841    50
 3.2941    64
 3.3041    64
 3.3141    64
 3.3241    60
 3.3341    69
 3.3441    54
 3.3541    42
 3.3641    58
 3.3741    38
 3.3841    38
 3.3941    35
 3.4041    32
 3.4141    20
 3.4241    30
 3.4341    22
 3.4441    27
 3.4541    26
 3.4641    32
 3.4741    32
 3.4841    34
 3.4941    33
 3.5041    50
 3.5141    33
 3.5241    47
 3.5341    49
 3.5441    56
 3.5541    71
 3.5641   105
 3.5741   136
 3.5841   201
 3.5941   277
 3.6041   354
 3.6141   536
 3.6241   672
 3.6341   865
 3.6441  1108
 3.6541  1259
 3.6641  1440
 3.6741  1487
 3.6841  1589
 3.6941  1510
 3.7041  1515
 3.7141  1386
 3.7241  1194
 3.7341   989
 3.7441   809
 3.7541   629
 3.7641   516
 3.7741   357
 3.7841   267
 3.7941   169
 3.8041   111
 3.8141    98
 3.8241    65
 3.8341    44
 3.8441    41
 3.8541    37
 3.8641    33
 3.8741    40
 3.8841    46
 3.8941    47
 3.9041    74
 3.9141    69
 3.9241   110
 3.9341   114
 3.9441   135
 3.9541   183
 3.9641   231
 3.9741   238
 3.9841   296
 3.9941   299
 4.0041   309
 4.0141   315
 4.0241   316
 4.0341   279
 4.0441   270
 4.0541   236
 4.0641   186
 4.0741   150
 4.0841   117
 4.0941   100
 4.1041    85
 4.1141    64
 4.1241    49
 4.1341    34
 4.1441    29
 4.1541    21
 4.1641    26
 4.1741    23
 4.1841    26
 4.1941    13
 4.2041    22
 4.2141    19
 4.2241    21
 4.2341    15
 4.2441    23
 4.2541    22
 4.2641    15
 4.2741    11
 4.2841    19
 4.2941    25
 4.3041    19
 4.3141    15
 4.3241    24
 4.3341    21
 4.3441    17
 4.3541    20
 4.3641    14
 4.3741    17
 4.3841    21
 4.3941    26
 4.4041    37
 4.4141    30
 4.4241    36
 4.4341    47
 4.4441    53
 4.4541    83
 4.4641    72
 4.4741    74
 4.4841    82
 4.4941    89
 4.5041    95
 4.5141    93
 4.5241   102
 4.5341    98
 4.5441    68
 4.5541    52
 4.5641    47
 4.5741    47
 4.5841    42
 4.5941    25
 4.6041    25
 4.6141    33
 4.6241    33
 4.6341    29
 4.6441    24
 4.6541    19
 4.6641    13
 4.6741    21
 4.6841    14
 4.6941    19
 4.7041    18
 4.7141    12
 4.7241    18
 4.7341    18
 4.7441    26
 4.7541    20
 4.7641    19
 4.7741    20
 4.7841    17
 4.7941    20
 4.8041    26
 4.8141    28
 4.8241    31
 4.8341    28
 4.8441    27
 4.8541    27
 4.8641    36
 4.8741    41
 4.8841    29
 4.8941    40
 4.9041    31
 4.9141    31
 4.9241    32
 4.9341    32
 4.9441    35
 4.9541    49
 4.9641    32
 4.9741    30
 4.9841    36
 4.9941    27
 5.0041    26
 5.0141    30
 5.0241    15
 5.0341    21
 5.0441    30
 5.0541    25
 5.0641    19
 5.0741    27
 5.0841    21
 5.0941    23
 5.1041    24
 5.1141    18
 5.1241    25
 5.1341    19
 5.1441    14
 5.1541    23
 5.1641    24
 5.1741    24
 5.1841    23
 5.1941    22
 5.2041    25
 5.2141    22
 5.2241    18
 5.2341    16
 5.2441    22
 5.2541    26
 5.2641    17
 5.2741    21
 5.2841    32
 5.2941    11
 5.3041    19
 5.3141    26
 5.3241    14
 5.3341    22
 5.3441    35
 5.3541    30
 5.3641    28
 5.3741    31
 5.3841    42
 5.3941    25
 5.4041    26
 5.4141    27
 5.4241    38
 5.4341    24
 5.4441    41
 5.4541    27
 5.4641    30
 5.4741    35
 5.4841    27
 5.4941    31
 5.5041    24
 5.5141    19
 5.5241    22
 5.5341    24
 5.5441    24
 5.5541    26
 5.5641    26
 5.5741    27
 5.5841    28
 5.5941    24
 5.6041    20
 5.6141    18
 5.6241    22
 5.6341    21
 5.6441    28
 5.6541    32
 5.6641    31
 5.6741    20
 5.6841    20
 5.6941    17
 5.7041    21
 5.7141    22
 5.7241    18
 5.7341    25
 5.7441    20
 5.7541    19
 5.7641    25
 5.7741    27
 5.7841    32
 5.7941    29
 5.8041    35
 5.8141    32
 5.8241    56
 5.8341    47
 5.8441    60
 5.8541    60
 5.8641    66
 5.8741    63
 5.8841    68
 5.8941    64
 5.9041    70
 5.9141    78
 5.9241    41
 5.9341    69
 5.9441    60
 5.9541    49
 5.9641    50
 5.9741    48
 5.9841    39
 5.9941    37
 6.0041    32
 6.0141    27
 6.0241    27
 6.0341    34
 6.0441    27
 6.0541    23
 6.0641    31
 6.0741    35
 6.0841    23
 6.0941    29
 6.1041    36
 6.1141    35
 6.1241    24
 6.1341    26
 6.1441    30
 6.1541    36
 6.1641    35
 6.1741    34
 6.1841    39
 6.1941    41
 6.2041    57
 6.2141    63
 6.2241    97
 6.2341   135
 6.2441   182
 6.2541   239
 6.2641   315
 6.2741   422
 6.2841   594
 6.2941   667
 6.3041   906
 6.3141  1119
 6.3241  1403
 6.3341  1593
 6.3441  2034
 6.3541  2225
 6.3641  2413
 6.3741  2605
 6.3841  2787
 6.3941  2809
 6.4041  2805
 6.4141  2612
 6.4241  2436
 6.4341  2343
 6.4441  2060
 6.4541  1687
 6.4641  1365
 6.4741  1230
 6.4841   932
 6.4941   739
 6.5041   563
 6.5141   423
 6.5241   319
 6.5341   234
 6.5441   148
 6.5541   118
 6.5641    99
 6.5741    72
 6.5841    61
 6.5941    49
 6.6041    33
 6.6141    45
 6.6241    34
 6.6341    35
 6.6441    35
 6.6541    31
 6.6641    35
 6.6741    38
 6.6841    26
 6.6941    38
 6.7041    27
 6.7141    40
 6.7241    40
 6.7341    34
 6.7441    25
 6.7541    37
 6.7641    43
 6.7741    35
 6.7841    37
 6.7941    43
 6.8041    40
 6.8141    44
 6.8241    53
 6.8341    53
 6.8441    46
 6.8541    45
 6.8641    47
 6.8741    64
 6.8841    58
 6.8941    91
 6.9041    72
 6.9141   129
 6.9241   113
 6.9341   159
 6.9441   169
 6.9541   189
 6.9641   191
 6.9741   285
 6.9841   286
 6.9941   370
 7.0041   369
 7.0141   420
 7.0241   446
 7.0341   479
 7.0441   474
 7.0541   497
 7.0641   477
 7.0741   494
 7.0841   426
 7.0941   429
 7.1041   378
 7.1141   312
 7.1241   274
 7.1341   244
 7.1441   205
 7.1541   151
 7.1641   127
 7.1741   124
 7.1841    87
 7.1941    95
 7.2041    73
 7.2141    56
 7.2241    57
 7.2341    49
 7.2441    61
 7.2541    50
 7.2641    48
 7.2741    56
 7.2841    45
 7.2941    54
 7.3041    46
 7.3141    60
 7.3241    61
 7.3341    71
 7.3441    54
 7.3541    64
 7.3641    72
 7.3741    72
 7.3841    61
 7.3941    77
 7.4041    80
 7.4141    71
 7.4241    69
 7.4341    69
 7.4441    72
 7.4541    62
 7.4641    63
 7.4741    74
 7.4841    60
 7.4941    80
 7.5041    66
 7.5141    47
 7.5241    60
 7.5341    59
 7.5441    55
 7.5541    57
 7.5641    49
 7.5741    57
 7.5841    44
 7.5941    60
 7.6041    64
 7.6141    40
 7.6241    41
 7.6341    43
 7.6441    50
 7.6541    38
 7.6641    45
 7.6741    51
 7.6841    50
 7.6941    49
 7.7041    55
 7.7141    56
 7.7241    57
 7.7341    58
 7.7441    48
 7.7541    49
 7.7641    74
 7.7741    62
 7.7841    54
 7.7941    58
 7.8041    75
 7.8141    67
 7.8241    61
 7.8341    69
 7.8441    76
 7.8541    83
 7.8641    75
 7.8741    78
 7.8841    81
 7.8941    60
 7.9041    82
 7.9141    88
 7.9241   105
 7.9341   100
 7.9441   115
 7.9541   123
 7.9641   109
 7.9741   134
 7.9841   136
 7.9941   143
 8.0041   155
 8.0141   135
 8.0241   188
 8.0341   164
 8.0441   198
 8.0541   207
 8.0641   215
 8.0741   239
 8.0841   240
 8.0941   261
 8.1041   284
 8.1141   249
 8.1241   319
 8.1341   316
 8.1441   310
 8.1541   336
 8.1641   350
 8.1741   329
 8.1841   355
 8.1941   322
 8.2041   345
 8.2141   361
 8.2241   354
 8.2341   352
 8.2441   352
 8.2541   405
 8.2641   417
 8.2741   421
 8.2841   438
 8.2941   458
 8.3041   544
 8.3141   593
 8.3241   592
 8.3341   645
 8.3441   672
 8.3541   680
 8.3641   767
 8.3741   801
 8.3841   780
 8.3941   743
 8.4041   762
 8.4141   715
 8.4241   650
 8.4341   634
 8.4441   577
 8.4541   478
 8.4641   409
 8.4741   361
 8.4841   335
 8.4941   299
 8.5041   233
 8.5141   201
 8.5241   161
 8.5341   126
 8.5441   145
 8.5541   122
 8.5641   110
 8.5741   101
 8.5841    93
 8.5941    92
 8.6041   100
 8.6141   117
 8.6241    93
 8.6341    91
 8.6441    96
 8.6541   106
 8.6641   118
 8.6741   102
 8.6841    96
 8.6941    80
 8.7041    97
 8.7141    92
 8.7241    85
 8.7341    76
 8.7441    92
 8.7541    78
 8.7641    78
 8.7741    72
 8.7841    85
 8.7941    77
 8.8041    75
 8.8141    74
 8.8241    86
 8.8341    81
 8.8441    77
 8.8541    91
 8.8641    70
 8.8741    67
 8.8841    92
 8.8941    85
 8.9041    85
 8.9141    86
 8.9241    77
 8.9341    80
 8.9441    76
 8.9541    95
 8.9641    95
 8.9741    87
 8.9841    90
 8.9941    98
 9.0041    89
 9.0141    78
 9.0241    93
 9.0341   101
 9.0441   111
 9.0541    99
 9.0641   110
 9.0741   103
 9.0841   105
 9.0941    99
 9.1041   110
 9.1141   121
 9.1241   153
 9.1341   152
 9.1441   141
 9.1541   134
 9.1641   152
 9.1741   150
 9.1841   160
 9.1941   160
 9.2041   173
 9.2141   174
 9.2241   178
 9.2341   208
 9.2441   220
 9.2541   220
 9.2641   250
 9.2741   220
 9.2841   256
 9.2941   279
 9.3041   267
 9.3141   267
 9.3241   303
 9.3341   269
 9.3441   312
 9.3541   312
 9.3641   326
 9.3741   313
 9.3841   350
 9.3941   349
 9.4041   348
 9.4141   329
 9.4241   356
 9.4341   350
 9.4441   351
 9.4541   341
 9.4641   336
 9.4741   376
 9.4841   402
 9.4941   409
 9.5041   396
 9.5141   397
 9.5241   420
 9.5341   437
 9.5441   460
 9.5541   451
 9.5641   478
 9.5741   542
 9.5841   550
 9.5941   585
 9.6041   575
 9.6141   619
 9.6241   688
 9.6341   731
 9.6441   748
 9.6541   716
 9.6641   720
 9.6741   692
 9.6841   691
 9.6941   689
 9.7041   614
 9.7141   629
 9.7241   591
 9.7341   551
 9.7441   501
 9.7541   432
 9.7641   409
 9.7741   378
 9.7841   365
 9.7941   335
 9.8041   338
 9.8141   303
 9.8241   296
 9.8341   298
 9.8441   287
 9.8541   282
 9.8641   296
 9.8741   295
 9.8841   323
 9.8941   318
 9.9041   298
 9.9141   324
 9.9241   348
 9.9341   349
 9.9441   350
 9.9541   350
 9.9641   345
 9.9741   331
 9.9841   307
 9.9941   295
10.0041   266
10.0141   270
10.0241   240
10.0341   222
10.0441   193
10.0541   177
10.0641   152
10.0741   143
10.0841   116
10.0941    99
10.1041    85
10.1141    85
10.1241    86
10.1341    91
10.1441    73
10.1541    70
10.1641    81
10.1741    68
10.1841    63
10.1941    61
10.2041    55
10.2141    61
10.2241    51
10.2341    55
10.2441    43
10.2541    52
10.2641    58
10.2741    47
10.2841    39
10.2941    43
10.3041    43
10.3141    49
10.3241    48
10.3341    34
10.3441    39
10.3541    43
10.3641    50
10.3741    31
10.3841    26
10.3941    42
10.4041    45
10.4141    43
10.4241    64
10.4341    42
10.4441    42
10.4541    50
10.4641    45
10.4741    49
10.4841    45
10.4941    47
10.5041    46
10.5141    49
10.5241    48
10.5341    46
10.5441    50
10.5541    50
10.5641    47
10.5741    52
10.5841    60
10.5941    53
10.6041    50
10.6141    51
10.6241    45
10.6341    56
10.6441    54
10.6541    52
10.6641    56
10.6741    57
10.6841    58
10.6941    54
10.7041    65
10.7141    71
10.7241    72
10.7341    69
10.7441    59
10.7541    62
10.7641    54
10.7741    61
10.7841    58
10.7941    63
10.8041    63
10.8141    56
10.8241    57
10.8341    68
10.8441    69
10.8541    67
10.8641    70
10.8741    70
10.8841    61
10.8941    68
10.9041    78
10.9141    70
10.9241    75
10.9341    72
10.9441    68
10.9541    78
10.9641    69
10.9741    70
10.9841    69
10.9941    79
11.0041    85
11.0141    71
11.0241    66
11.0341    68
11.0441    63
11.0541    64
11.0641    65
11.0741    66
11.0841    74
11.0941    83
11.1041    71
11.1141    60
11.1241    65
11.1341    76
11.1441    79
11.1541    75
11.1641    83
11.1741    88
11.1841    81
11.1941    82
11.2041    92
11.2141   101
11.2241   110
11.2341   128
11.2441   117
11.2541   109
11.2641   101
11.2741   116
11.2841   106
11.2941    99
11.3041   108
11.3141   111
11.3241    97
11.3341    91
11.3441    88
11.3541    84
11.3641    80
11.3741    71
11.3841    71
11.3941    69
11.4041    68
11.4141    54
11.4241    59
11.4341    56
11.4441    53
11.4541    56
11.4641    57
11.4741    54
11.4841    51
11.4941    45
11.5041    54
11.5141    61
11.5241    59
11.5341    49
11.5441    48
11.5541    40
11.5641    53
11.5741    51
11.5841    48
11.5941    52
11.6041    47
11.6141    48
11.6241    43
11.6341    56
11.6441    60
11.6541    61
11.6641    49
11.6741    61
11.6841    64
11.6941    53
11.7041    58
11.7141    55
11.7241    53
11.7341    49
11.7441    44
11.7541    43
11.7641    44
11.7741    43
11.7841    49
11.7941    50
11.8041    53
11.8141    54
11.8241    46
11.8341    43
11.8441    53
11.8541    60
11.8641    52
11.8741    53
11.8841    59
11.8941    56
11.9041    57
11.9141    52
11.9241    52
11.9341    57
11.9441    47
11.9541    55
11.9641    56
11.9741    50
11.9841    44
11.9941    46
12.0041    50
12.0141    55
12.0241    46
12.0341    46
12.0441    52
12.0541    48
12.0641    46
12.0741    44
12.0841    44
12.0941    44
12.1041    43
12.1141    42
12.1241    44
12.1341    52
12.1441    50
12.1541    42
12.1641    35
12.1741    40
12.1841    45
12.1941    43
12.2041    39
12.2141    37
12.2241    34
12.2341    31
12.2441    33
12.2541    34
12.2641    46
12.2741    44
12.2841    35
12.2941    43
12.3041    40
12.3141    39
12.3241    36
12.3341    34
12.3441    36
12.3541    40
12.3641    44
12.3741    40
12.3841    34
12.3941    41
12.4041    49
12.4141    41
12.4241    40
12.4341    38
12.4441    34
12.4541    39
12.4641    42
12.4741    38
12.4841    37
12.4941    50
12.5041    44
12.5141    41
12.5241    47
12.5341    45
12.5441    38
12.5541    40
12.5641    41
12.5741    48
12.5841    51
12.5941    51
12.6041    54
12.6141    49
12.6241    48
12.6341    46
12.6441    52
12.6541    45
12.6641    39
12.6741    40
12.6841    42
12.6941    44
12.7041    41
12.7141    41
12.7241    50
12.7341    43
12.7441    34
12.7541    42
12.7641    34
12.7741    34
12.7841    54
12.7941    54
12.8041    46
12.8141    55
12.8241    53
12.8341    49
12.8441    53
12.8541    50
12.8641    52
12.8741    52
12.8841    47
12.8941    44
12.9041    44
12.9141    44
12.9241    54
12.9341    55
12.9441    44
12.9541    43
12.9641    39
12.9741    40
12.9841    47
12.9941    48
13.0041    49
13.0141    44
13.0241    43
13.0341    47
13.0441    45
13.0541    49
13.0641    55
13.0741    43
13.0841    41
13.0941    52
13.1041    44
13.1141    45
13.1241    50
13.1341    47
13.1441    53
13.1541    57
13.1641    52
13.1741    55
13.1841    58
13.1941    55
13.2041    57
13.2141    55
13.2241    56
13.2341    59
13.2441    55
13.2541    59
13.2641    69
13.2741    73
13.2841    76
13.2941    76
13.3041    69
13.3141    67
13.3241    70
13.3341    68
13.3441    70
13.3541    77
13.3641    74
13.3741    62
13.3841    58
13.3941    72
13.4041    74
13.4141    71
13.4241    70
13.4341    71
13.4441    68
13.4541    53
13.4641    52
13.4741    59
13.4841    63
13.4941    57
13.5041    53
13.5141    55
13.5241    58
13.5341    70
13.5441    68
13.5541    52
13.5641    56
13.5741    65
13.5841    59
13.5941    57
13.6041    64
13.6141    60
13.6241    55
13.6341    58
13.6441    64
13.6541    61
13.6641    54
13.6741    52
13.6841    54
13.6941    52
13.7041    48
13.7141    53
13.7241    57
13.7341    55
13.7441    58
13.7541    60
13.7641    59
13.7741    72
13.7841    75
13.7941    69
13.8041    70
13.8141    62
13.8241    54
13.8341    60
13.8441    64
13.8541    60
13.8641    55
13.8741    52
13.8841    53
13.8941    57
13.9041    59
13.9141    63
13.9241    61
13.9341    64
13.9441    73
13.9541    73
13.9641    77
13.9741    80
13.9841    77
13.9941    81
14.0041    81
14.0141    85
14.0241    98
14.0341    97
14.0441   101
14.0541   107
14.0641   106
14.0741   123
14.0841   131
14.0941   128
14.1041   142
14.1141   149
14.1241   143
14.1341   145
14.1441   142
14.1541   130
14.1641   127
14.1741   128
14.1841   131
14.1941   123
14.2041   134
14.2141   139
14.2241   113
14.2341    99
14.2441    99
14.2541    92
14.2641    73
14.2741    71
14.2841    78
14.2941    74
14.3041    79
14.3141    82
14.3241    72
14.3341    65
14.3441    70
14.3541    76
14.3641    82
14.3741    76
14.3841    66
14.3941    66
14.4041    61
14.4141    61
14.4241    57
14.4341    58
14.4441    68
14.4541    68
14.4641    75
14.4741    77
14.4841    69
14.4941    60
14.5041    62
14.5141    65
14.5241    73
14.5341    76
14.5441    71
14.5541    80
14.5641    71
14.5741    68
14.5841    70
14.5941    68
14.6041    79
14.6141    90
14.6241    84
14.6341    79
14.6441    72
14.6541    78
14.6641    84
14.6741    78
14.6841    63
14.6941    62
14.7041    73
14.7141    75
14.7241    73
14.7341    76
14.7441    83
14.7541    79
14.7641    75
14.7741    79
14.7841    79
14.7941    85
14.8041    83
14.8141    73
14.8241    72
14.8341    78
14.8441    90
14.8541    95
14.8641    87
14.8741    77
14.8841    80
14.8941    90
14.9041    86
14.9141    89
14.9241    86
14.9341    83
14.9441    82
14.9541    79
14.9641    77
14.9741    77
14.9841    85
14.9941    83
15.0041    81
15.0141    82
15.0241    84
15.0341    92
15.0441    83
15.0541    69
15.0641    80
15.0741    80
15.0841    71
15.0941    80
15.1041    81
15.1141    81
15.1241    90
15.1341    89
15.1441    76
15.1541    76
15.1641    88
15.1741    85
15.1841    78
15.1941    71
15.2041    78
15.2141    80
15.2241    88
15.2341    84
15.2441    74
15.2541    83
15.2641    79
15.2741    71
15.2841    87
15.2941    79
15.3041    75
15.3141    87
15.3241    87
15.3341    71
15.3441    70
15.3541    76
15.3641    91
15.3741    94
15.3841    90
15.3941    97
15.4041    89
15.4141    81
15.4241    76
15.4341    71
15.4441    78
15.4541    86
15.4641    88
15.4741    83
15.4841    87
15.4941    99
15.5041    90
15.5141    90
15.5241    93
15.5341    84
15.5441    93
15.5541    96
15.5641    96
15.5741   105
15.5841   113
15.5941   113
15.6041   115
15.6141   127
15.6241   131
15.6341   123
15.6441   129
15.6541   139
15.6641   136
15.6741   149
15.6841   163
15.6941   161
15.7041   156
15.7141   161
15.7241   170
15.7341   177
15.7441   167
15.7541   153
15.7641   162
15.7741   150
15.7841   157
15.7941   159
15.8041   156
15.8141   150
15.8241   154
15.8341   167
15.8441   152
15.8541   135
15.8641   127
15.8741   137
15.8841   140
15.8941   123
15.9041   111
15.9141   120
15.9241   117
15.9341   115
15.9441   115
15.9541   107
15.9641    90
15.9741    93
15.9841   103
15.9941    95
16.0041    95
16.0141    93
16.0241    96
16.0341   106
16.0441    84
16.0541    79
16.0641    87
16.0741    91
16.0841    94
16.0941    93
16.1041   105
16.1141    97
16.1241    97
16.1341   108
16.1441   100
16.1541   106
16.1641   106
16.1741    96
16.1841   104
16.1941    96
16.2041   106
16.2141    98
16.2241    82
16.2341    98
16.2441   104
16.2541    94
16.2641    96
16.2741    99
16.2841   106
16.2941   113
16.3041    98
16.3141    96
16.3241   105
16.3341   105
16.3441   112
16.3541   110
16.3641   112
16.3741   101
16.3841   101
16.3941   101
16.4041    89
16.4141    89
16.4241   102
16.4341   107
16.4441   108
16.4541   101
16.4641   107
16.4741   104
16.4841    92
16.4941   113
16.5041   112
16.5141   103
16.5241   110
16.5341   112
16.5441   108
16.5541   109
16.5641    93
16.5741   102
16.5841    98
16.5941   101
16.6041   111
16.6141   115
16.6241   105
16.6341   103
16.6441   109
16.6541    94
16.6641   100
16.6741    99
16.6841   106
16.6941   108
16.7041    95
16.7141   102
16.7241   127
16.7341   117
16.7441   110
16.7541   104
16.7641   100
16.7741    97
16.7841   111
16.7941   112
16.8041   107
16.8141   103
16.8241   110
16.8341   110
16.8441   119
16.8541   102
16.8641    96
16.8741    91
16.8841    96
16.8941   104
16.9041   105
16.9141   107
16.9241   117
16.9341   123
16.9441   107
16.9541   113
16.9641   107
16.9741   116
16.9841   112
16.9941   121
17.0041   118
17.0141   111
17.0241   110
17.0341   128
17.0441   126
17.0541   115
17.0641   111
17.0741   106
17.0841   115
17.0941   125
17.1041   121
17.1141   117
17.1241   117
17.1341   116
17.1441   110
17.1541   114
17.1641   102
17.1741   100
17.1841   100
17.1941   115
17.2041   113
17.2141   102
17.2241   100
17.2341   110
17.2441   109
17.2541   111
17.2641   114
17.2741   109
17.2841   115
17.2941   120
17.3041   126
17.3141   124
17.3241   133
17.3341   123
17.3441   127
17.3541   124
17.3641   123
17.3741   116
17.3841   115
17.3941   124
17.4041   125
17.4141   116
17.4241   100
17.4341   110
17.4441   117
17.4541   121
17.4641   120
17.4741   117
17.4841   111
17.4941   121
17.5041   129
17.5141   120
17.5241   128
17.5341   136
17.5441   141
17.5541   125
17.5641   128
17.5741   129
17.5841   135
17.5941   136
17.6041   123
17.6141   117
17.6241   136
17.6341   142
17.6441   138
17.6541   138
17.6641   138
17.6741   149
17.6841   137
17.6941   129
17.7041   143
17.7141   136
17.7241   124
17.7341   125
17.7441   126
17.7541   134
17.7641   122
17.7741   129
17.7841   141
17.7941   128
17.8041   124
17.8141   124
17.8241   132
17.8341   143
17.8441   156
17.8541   132
17.8641   130
17.8741   145
17.8841   124
17.8941   120
17.9041   126
17.9141   128
17.9241   131
17.9341   124
17.9441   131
17.9541   132
17.9641   134
17.9741   127
17.9841   135
17.9941   135
18.0041   110
18.0141   124
18.0241   119
18.0341   119
18.0441   120
18.0541   112
18.0641   125
18.0741   130
18.0841   130
18.0941   134
18.1041   137
18.1141   136
18.1241   138
18.1341   127
18.1441   119
18.1541   123
18.1641   138
18.1741   132
18.1841   125
18.1941   138
18.2041   132
18.2141   130
18.2241   123
18.2341   134
18.2441   127
18.2541   138
18.2641   124
18.2741   134
18.2841   125
18.2941   136
18.3041   134
18.3141   128
18.3241   130
18.3341   132
18.3441   124
18.3541   134
18.3641   135
18.3741   130
18.3841   161
18.3941   145
18.4041   134
18.4141   145
18.4241   130
18.4341   129
18.4441   131
18.4541   128
18.4641   121
18.4741   125
18.4841   122
18.4941   135
18.5041   130
18.5141   130
18.5241   134
18.5341   130
18.5441   124
18.5541   138
18.5641   133
18.5741   128
18.5841   135
18.5941   157
18.6041   142
18.6141   127
18.6241   134
18.6341   134
18.6441   123
18.6541   122
18.6641   152
18.6741   148
18.6841   143
18.6941   153
18.7041   127
18.7141   132
18.7241   135
18.7341   143
18.7441   148
18.7541   142
18.7641   138
18.7741   131
18.7841   141
18.7941   142
18.8041   136
18.8141   135
18.8241   141
18.8341   148
18.8441   130
18.8541   140
18.8641   154
18.8741   131
18.8841   136
18.8941   152
18.9041   151
18.9141   131
18.9241   159
18.9341   140
18.9441   156
18.9541   145
18.9641   122
18.9741   149
18.9841   136
18.9941   145
19.0041   139
19.0141   132
19.0241   138
19.0341   138
19.0441   134
19.0541   139
19.0641   138
19.0741   138
19.0841   136
19.0941   141
19.1041   135
19.1141   143
19.1241   150
19.1341   141
19.1441   136
19.1541   136
19.1641   139
19.1741   130
19.1841   145
19.1941   144
19.2041   150
19.2141   150
19.2241   140
19.2341   156
19.2441   152
19.2541   129
19.2641   143
19.2741   150
19.2841   139
19.2941   165
19.3041   140
19.3141   130
19.3241   132
19.3341   136
19.3441   129
19.3541   141
19.3641   139
19.3741   122
19.3841   135
19.3941   144
19.4041   132
19.4141   158
19.4241   149
19.4341   152
19.4441   131
19.4541   138
19.4641   137
19.4741   131
19.4841   140
19.4941   147
19.5041   139
19.5141   151
19.5241   147
19.5341   135
19.5441   150
19.5541   148
19.5641   161
19.5741   137
19.5841   147
19.5941   145
19.6041   155
19.6141   159
19.6241   140
19.6341   139
19.6441   144
19.6541   146
19.6641   132
19.6741   131
19.6841   147
19.6941   145
19.7041   141
19.7141   143
19.7241   143
19.7341   155
19.7441   135
19.7541   152
19.7641   151
19.7741   140
19.7841   119
19.7941   147
19.8041   139
19.8141   135
19.8241   137
19.8341   143
19.8441   157
19.8541   163
19.8641   153
19.8741   143
19.8841   132
19.8941   139
19.9041   156
19.9141   138
19.9241   138
19.9341   144
19.9441   142
19.9541   143
19.9641   143
19.9741   179
19.9841   162
19.9941   144
20.0041   126
20.0141   153
20.0241   146
20.0341   145
20.0441   132
20.0541   155
20.0641   151
20.0741   158
20.0841   159
20.0941   143
20.1041   131
20.1141   149
20.1241   167
20.1341   158
20.1441   147
20.1541   135
20.1641   148
20.1741   144
20.1841   168
20.1941   135
20.2041   159
20.2141   147
20.2241   149
20.2341   163
20.2441   172
20.2541   145
20.2641   162
20.2741   145
20.2841   160
20.2941   141
20.3041   155
20.3141   155
20.3241   165
20.3341   136
20.3441   148
20.3541   137
20.3641   126
20.3741   169
20.3841   157
20.3941   154
20.4041   152
20.4141   147
20.4241   140
20.4341   137
20.4441   147
20.4541   148
20.4641   148
20.4741   147
20.4841   144
20.4941   158
20.5041   160
20.5141   145
20.5241   139
20.5341   149
20.5441   146
20.5541   141
20.5641   161
20.5741   156
20.5841   159
20.5941   163
20.6041   155
20.6141   166
20.6241   169
20.6341   151
20.6441   141
20.6541   149
20.6641   159
20.6741   152
20.6841   166
20.6941   166
20.7041   145
20.7141   152
20.7241   169
20.7341   159
20.7441   154
20.7541   168
20.7641   167
20.7741   145
20.7841   152
20.7941   172
20.8041   159
20.8141   176
20.8241   158
20.8341   131
20.8441   172
20.8541   170
20.8641   141
20.8741   172
20.8841   166
20.8941   156
20.9041   177
20.9141   192
20.9241   166
20.9341   175
20.9441   194
20.9541   193
20.9641   203
20.9741   202
20.9841   195
20.9941   215
21.0041   195
21.0141   198
21.0241   238
21.0341   232
21.0441   221
21.0541   237
21.0641   240
21.0741   241
21.0841   242
21.0941   229
21.1041   228
21.1141   231
21.1241   221
21.1341   232
21.1441   231
21.1541   216
21.1641   205
21.1741   252
21.1841   231
21.1941   236
21.2041   225
21.2141   236
21.2241   219
21.2341   204
21.2441   223
21.2541   212
21.2641   192
21.2741   187
21.2841   177
21.2941   181
21.3041   170
21.3141   172
21.3241   166
21.3341   182
21.3441   194
21.3541   191
21.3641   167
21.3741   172
21.3841   163
21.3941   166
21.4041   156
21.4141   177
21.4241   143
21.4341   157
21.4441   175
21.4541   167
21.4641   146
21.4741   149
21.4841   167
21.4941   144
21.5041   151
21.5141   152
21.5241   164
21.5341   149
21.5441   163
21.5541   132
21.5641   157
21.5741   155
21.5841   136
21.5941   158
21.6041   173
21.6141   155
21.6241   130
21.6341   163
21.6441   174
21.6541   161
21.6641   161
21.6741   149
21.6841   165
21.6941   164
21.7041   158
21.7141   153
21.7241   169
21.7341   157
21.7441   147
21.7541   150
21.7641   138
21.7741   146
21.7841   157
21.7941   148
21.8041   151
21.8141   164
21.8241   155
21.8341   140
21.8441   140
21.8541   145
21.8641   185
21.8741   147
21.8841   163
21.8941   181
21.9041   161
21.9141   142
21.9241   144
21.9341   156
21.9441   157
21.9541   136
21.9641   145
21.9741   155
21.9841   152
21.9941   155
22.0041   148
22.0141   178
22.0241   162
22.0341   170
22.0441   165
22.0541   151
22.0641   154
22.0741   150
22.0841   162
22.0941   153
22.1041   161
22.1141   153
22.1241   150
22.1341   170
22.1441   144
22.1541   157
22.1641   149
22.1741   162
22.1841   145
22.1941   163
22.2041   137
22.2141   149
22.2241   153
22.2341   142
22.2441   150
22.2541   137
22.2641   148
22.2741   141
22.2841   138
22.2941   157
22.3041   121
22.3141   136
22.3241   160
22.3341   171
22.3441   160
22.3541   161
22.3641   163
22.3741   151
22.3841   152
22.3941   143
22.4041   164
22.4141   142
22.4241   159
22.4341   149
22.4441   163
22.4541   170
22.4641   159
22.4741   149
22.4841   154
22.4941   167
22.5041   134
22.5141   162
22.5241   151
22.5341   170
22.5441   139
22.5541   136
22.5641   179
22.5741   155
22.5841   146
22.5941   151
22.6041   150
22.6141   142
22.6241   142
22.6341   143
22.6441   144
22.6541   133
22.6641   159
22.6741   147
22.6841   148
22.6941   156
22.7041   149
22.7141   164
22.7241   158
22.7341   152
22.7441   135
22.7541   157
22.7641   150
22.7741   158
22.7841   161
22.7941   169
22.8041   140
22.8141   152
22.8241   133
22.8341   158
22.8441   170
22.8541   155
22.8641   153
22.8741   141
22.8841   131
22.8941   147
22.9041   140
22.9141   137
22.9241   128
22.9341   130
22.9441   141
22.9541   155
22.9641   137
22.9741   158
22.9841   151
22.9941   135
23.0041   156
23.0141   150
23.0241   152
23.0341   146
23.0441   145
23.0541   146
23.0641   133
23.0741   126
23.0841   160
23.0941   153
23.1041   151
23.1141   153
23.1241   138
23.1341   136
23.1441   165
23.1541   146
23.1641   137
23.1741   166
23.1841   154
23.1941   168
23.2041   161
23.2141   140
23.2241   119
23.2341   150
23.2441   167
23.2541   140
23.2641   166
23.2741   128
23.2841   130
23.2941   131
23.3041   147
23.3141   148
23.3241   134
23.3341   154
23.3441   172
23.3541   158
23.3641   136
23.3741   154
23.3841   124
23.3941   127
23.4041   152
23.4141   145
23.4241   133
23.4341   144
23.4441   141
23.4541   136
23.4641   156
23.4741   142
23.4841   123
23.4941   159
23.5041   125
23.5141   141
23.5241   113
23.5341   127
23.5441   139
23.5541   140
23.5641   138
23.5741   122
23.5841   140
23.5941   138
23.6041   148
23.6141   155
23.6241   155
23.6341   150
23.6441   139
23.6541   153
23.6641   133
23.6741   149
23.6841   149
23.6941   152
23.7041   149
23.7141   147
23.7241   146
23.7341   132
23.7441   181
23.7541   155
23.7641   137
23.7741   179
23.7841   167
23.7941   157
23.8041   173
23.8141   174
23.8241   184
23.8341   154
23.8441   144
23.8541   147
23.8641   160
23.8741   129
23.8841   164
23.8941   152
23.9041   141
23.9141   150
23.9241   162
23.9341   128
23.9441   136
23.9541   141
23.9641   132
23.9741   144
23.9841   159
23.9941   150
24.0041   170
24.0141   150
24.0241   136
24.0341   165
24.0441   148
24.0541   132
24.0641   142
24.0741   143
24.0841   159
24.0941   148
24.1041   154
24.1141   126
24.1241   123
24.1341   142
24.1441   139
24.1541   156
24.1641   160
24.1741   156
24.1841   123
24.1941   111
24.2041   162
24.2141   138
24.2241   158
24.2341   141
24.2441   141
24.2541   148
24.2641   133
24.2741   107
24.2841   126
24.2941   147
24.3041   132
24.3141   123
24.3241   131
24.3341   145
24.3441   136
24.3541   128
24.3641   124
24.3741   125
24.3841   139
24.3941   153
24.4041   142
24.4141   133
24.4241   145
24.4341   133
24.4441   139
24.4541   141
24.4641   153
24.4741   130
24.4841   145
24.4941   131
24.5041   133
24.5141   143
24.5241   124
24.5341   138
24.5441   131
24.5541   146
24.5641   138
24.5741   132
24.5841   144
24.5941   123
24.6041   147
24.6141   121
24.6241   135
24.6341   119
24.6441   132
24.6541   121
24.6641   131
24.6741   138
24.6841   151
24.6941   144
24.7041   136
24.7141   142
24.7241   138
24.7341   131
24.7441   132
24.7541   135
24.7641   165
24.7741   135
24.7841   138
24.7941   147
24.8041   139
24.8141   138
24.8241   133
24.8341   136
24.8441   118
24.8541   116
24.8641   134
24.8741   126
24.8841   130
24.8941   132
24.9041   145
24.9141   133
24.9241   131
24.9341   131
24.9441   136
24.9541   131
24.9641   133
24.9741   141
24.9841   121
24.9941   131
25.0041   121
25.0141   128
25.0241   132
25.0341   127
25.0441   140
25.0541   129
25.0641   136
25.0741   142
25.0841   144
25.0941   136
25.1041   130
25.1141   123
25.1241   121
25.1341   142
25.1441   139
25.1541   130
25.1641   133
25.1741   123
25.1841   107
25.1941   130
25.2041   118
25.2141   121
25.2241   130
25.2341   136
25.2441   130
25.2541   118
25.2641   163
25.2741   154
25.2841   131
25.2941   156
25.3041   162
25.3141   140
25.3241   134
25.3341   124
25.3441   134
25.3541   130
25.3641   128
25.3741   115
25.3841   136
25.3941   117
25.4041   150
25.4141   132
25.4241   112
25.4341   128
25.4441   117
25.4541   123
25.4641   123
25.4741   143
25.4841   136
25.4941   151
25.5041   140
25.5141   125
25.5241   126
25.5341   134
25.5441   120
25.5541   123
25.5641   133
25.5741   104
25.5841   122
25.5941   123
25.6041   118
25.6141   135
25.6241   109
25.6341   115
25.6441   122
25.6541   121
25.6641   118
25.6741   130
25.6841   127
25.6941   132
25.7041   124
25.7141   117
25.7241   122
25.7341   121
25.7441   142
25.7541   122
25.7641   134
25.7741   104
25.7841   105
25.7941   121
25.8041   133
25.8141   117
25.8241   136
25.8341   133
25.8441   119
25.8541   131
25.8641   111
25.8741   114
25.8841   114
25.8941   127
25.9041   127
25.9141   119
25.9241   123
25.9341   143
25.9441   123
25.9541   123
25.9641   115
25.9741   129
25.9841   130
25.9941   105
26.0041   126
26.0141   141
26.0241   129
26.0341   119
26.0441    98
26.0541   107
26.0641   115
26.0741   117
26.0841   121
26.0941   138
26.1041   110
26.1141   112
26.1241   130
26.1341   127
26.1441   117
26.1541   106
26.1641   118
26.1741   115
26.1841   111
26.1941   120
26.2041   121
26.2141   117
26.2241   117
26.2341   122
26.2441   115
26.2541   125
26.2641   116
26.2741   124
26.2841   111
26.2941   116
26.3041   108
26.3141   115
26.3241   113
26.3341   117
26.3441   102
26.3541   118
26.3641   131
26.3741   125
26.3841   108
26.3941   123
26.4041   114
26.4141   104
26.4241   106
26.4341   107
26.4441    83
26.4541    98
26.4641   106
26.4741   108
26.4841   124
26.4941   118
26.5041   116
26.5141   125
26.5241   125
26.5341   131
26.5441   107
26.5541   116
26.5641   115
26.5741   130
26.5841   109
26.5941   103
26.6041   116
26.6141   131
26.6241   106
26.6341   119
26.6441   108
26.6541   100
26.6641   117
26.6741   115
26.6841   110
26.6941   110
26.7041   108
26.7141   114
26.7241   112
26.7341   120
26.7441   122
26.7541   107
26.7641   115
26.7741   102
26.7841    99
26.7941   109
26.8041   109
26.8141   118
26.8241   129
26.8341   111
26.8441   123
26.8541   105
26.8641   120
26.8741   117
26.8841   109
26.8941    89
26.9041   113
26.9141    98
26.9241   115
26.9341   103
26.9441    89
26.9541   103
26.9641   122
26.9741    98
26.9841   106
26.9941   110
27.0041   109
27.0141    94
27.0241    98
27.0341   104
27.0441   107
27.0541   107
27.0641   109
27.0741    94
27.0841   119
27.0941   109
27.1041   121
27.1141   107
27.1241   100
27.1341   105
27.1441   106
27.1541   119
27.1641   122
27.1741    96
27.1841    85
27.1941   106
27.2041    88
27.2141   102
27.2241   115
27.2341   115
27.2441   102
27.2541   103
27.2641   103
27.2741   108
27.2841   111
27.2941   114
27.3041   104
27.3141    88
27.3241   106
27.3341    93
27.3441   105
27.3541   109
27.3641   106
27.3741   104
27.3841    89
27.3941   103
27.4041   104
27.4141   122
27.4241   109
27.4341   113
27.4441   125
27.4541   111
27.4641   117
27.4741   113
27.4841   107
27.4941   122
27.5041    98
27.5141    98
27.5241   114
27.5341   112
27.5441    95
27.5541    96
27.5641    92
27.5741    93
27.5841    98
27.5941   119
27.6041   106
27.6141   100
27.6241   108
27.6341    87
27.6441    88
27.6541    94
27.6641    95
27.6741   106
27.6841    98
27.6941   100
27.7041    91
27.7141    84
27.7241   113
27.7341    93
27.7441    81
27.7541    99
27.7641   107
27.7741   114
27.7841   106
27.7941   115
27.8041    79
27.8141   103
27.8241   100
27.8341   104
27.8441    91
27.8541   110
27.8641    94
27.8741   108
27.8841    87
27.8941    90
27.9041    98
27.9141    99
27.9241   100
27.9341    97
27.9441   107
27.9541    97
27.9641    78
27.9741    99
27.9841    99
27.9941    82
28.0041    93
28.0141   100
28.0241   125
28.0341    92
28.0441    88
28.0541    93
28.0641    88
28.0741    82
28.0841    95
28.0941    90
28.1041   112
28.1141    88
28.1241    93
28.1341    95
28.1441    98
28.1541   103
28.1641    84
28.1741    87
28.1841    91
28.1941    97
28.2041   102
28.2141   111
28.2241    90
28.2341    84
28.2441    96
28.2541    85
28.2641    81
28.2741    90
28.2841    94
28.2941    95
28.3041   102
28.3141    87
28.3241    97
28.3341    95
28.3441    77
28.3541   100
28.3641    94
28.3741    89
28.3841    86
28.3941    88
28.4041    93
28.4141    88
28.4241    68
28.4341    97
28.4441    84
28.4541    98
28.4641    89
28.4741    83
28.4841   105
28.4941    88
28.5041    81
28.5141    90
28.5241    93
28.5341    96
28.5441   103
28.5541    98
28.5641   101
28.5741    96
28.5841    83
28.5941    83
28.6041    89
28.6141    96
28.6241    83
28.6341    91
28.6441    96
28.6541    98
28.6641    93
28.6741    99
28.6841    81
28.6941    90
28.7041    88
28.7141    79
28.7241    92
28.7341    81
28.7441    93
28.7541   104
28.7641    92
28.7741   102
28.7841    90
28.7941   117
28.8041    93
28.8141    84
28.8241    91
28.8341    80
28.8441    85
28.8541    92
28.8641    79
28.8741    85
28.8841    76
28.8941    78
28.9041    84
28.9141    91
28.9241    82
28.9341    86
28.9441   103
28.9541    95
28.9641    77
28.9741    77
28.9841    89
28.9941    78
29.0041    94
29.0141    74
29.0241   108
29.0341    84
29.0441    83
29.0541    76
29.0641    87
29.0741    75
29.0841    98
29.0941    83
29.1041    76
29.1141    89
29.1241    89
29.1341    75
29.1441    86
29.1541    84
29.1641    91
29.1741    80
29.1841    66
29.1941    81
29.2041    87
29.2141    85
29.2241    74
29.2341    85
29.2441    86
29.2541    80
29.2641    85
29.2741    74
29.2841    80
29.2941    83
29.3041    92
29.3141    89
29.3241    91
29.3341    96
29.3441    93
29.3541    72
29.3641    78
29.3741    83
29.3841    92
29.3941    79
29.4041    82
29.4141    79
29.4241    92
29.4341    78
29.4441    85
29.4541    85
29.4641    65
29.4741    70
29.4841    69
29.4941    81
29.5041    93
29.5141    66
29.5241    78
29.5341    63
29.5441    88
29.5541    90
29.5641    74
29.5741    77
29.5841    86
29.5941    88
29.6041    66
29.6141    66
29.6241    73
29.6341    78
29.6441    81
29.6541    76
29.6641    78
29.6741    72
29.6841    85
29.6941    81
29.7041    83
29.7141    75
29.7241    92
29.7341    87
29.7441    82
29.7541    65
29.7641    77
29.7741    75
29.7841    88
29.7941    78
29.8041    83
29.8141    76
29.8241    67
29.8341    91
29.8441    78
29.8541    85
29.8641    78
29.8741    72
29.8841    75
29.8941    71
29.9041    79
29.9141    72
29.9241    77
29.9341    70
29.9441    93
29.9541    78
29.9641    67
29.9741    74
29.9841    81
29.9941    74
30.0041    74
30.0141    66
30.0241    58
30.0341    80
30.0441    72
30.0541    68
30.0641    82
30.0741    80
30.0841    78
30.0941    75
30.1041    76
30.1141    82
30.1241    87
30.1341    71
30.1441    81
30.1541    65
30.1641    72
30.1741    73
30.1841    75
30.1941    79
30.2041    73
30.2141    78
30.2241    66
30.2341    83
30.2441    80
30.2541    73
30.2641    66
30.2741    84
30.2841    77
30.2941    85
30.3041    81
30.3141    80
30.3241    75
30.3341    78
30.3441    73
30.3541    75
30.3641    67
30.3741    99
30.3841    62
30.3941    63
30.4041    67
30.4141    58
30.4241    74
30.4341    81
30.4441    70
30.4541    74
30.4641    74
30.4741    74
30.4841    70
30.4941    76
30.5041    71
30.5141    64
30.5241    70
30.5341    73
30.5441    75
30.5541    66
30.5641    81
30.5741    78
30.5841    59
30.5941    63
30.6041    68
30.6141    63
30.6241    66
30.6341    69
30.6441    67
30.6541    62
30.6641    66
30.6741    63
30.6841    65
30.6941    80
30.7041    64
30.7141    70
30.7241    62
30.7341    69
30.7441    59
30.7541    73
30.7641    71
30.7741    64
30.7841    90
30.7941    75
30.8041    65
30.8141    68
30.8241    68
30.8341    62
30.8441    68
30.8541    62
30.8641    74
30.8741    64
30.8841    64
30.8941    68
30.9041    59
30.9141    56
30.9241    64
30.9341    59
30.9441    69
30.9541    58
30.9641    74
30.9741    75
30.9841    70
30.9941    61
31.0041    67
31.0141    77
31.0241    57
31.0341    61
31.0441    69
31.0541    64
31.0641    65
31.0741    70
31.0841    63
31.0941    63
31.1041    64
31.1141    60
31.1241    70
31.1341    58
31.1441    56
31.1541    82
31.1641    48
31.1741    51
31.1841    67
31.1941    76
31.2041    59
31.2141    77
31.2241    78
31.2341    65
31.2441    68
31.2541    71
31.2641    57
31.2741    53
31.2841    61
31.2941    60
31.3041    54
31.3141    58
31.3241    52
31.3341    59
31.3441    63
31.3541    70
31.3641    60
31.3741    55
31.3841    49
31.3941    66
31.4041    60
31.4141    50
31.4241    68
31.4341    62
31.4441    55
31.4541    60
31.4641    59
31.4741    62
31.4841    58
31.4941    53
31.5041    64
31.5141    71
31.5241    74
31.5341    49
31.5441    66
31.5541    45
31.5641    57
31.5741    69
31.5841    56
31.5941    61
31.6041    66
31.6141    72
31.6241    62
31.6341    69
31.6441    57
31.6541    62
31.6641    59
31.6741    65
31.6841    54
31.6941    66
31.7041    56
31.7141    50
31.7241    46
31.7341    55
31.7441    62
31.7541    61
31.7641    55
31.7741    48
31.7841    55
31.7941    72
31.8041    61
31.8141    62
31.8241    60
31.8341    63
31.8441    57
31.8541    57
31.8641    51
31.8741    54
31.8841    46
31.8941    61
31.9041    53
31.9141    49
31.9241    60
31.9341    53
31.9441    70
31.9541    51
31.9641    56
31.9741    71
31.9841    55
31.9941    63
32.0041    58
32.0141    62
32.0241    56
32.0341    46
32.0441    65
32.0541    55
32.0641    54
32.0741    56
32.0841    60
32.0941    58
32.1041    58
32.1141    41
32.1241    50
32.1341    60
32.1441    61
32.1541    57
32.1641    50
32.1741    53
32.1841    47
32.1941    62
32.2041    51
32.2141    54
32.2241    68
32.2341    56
32.2441    49
32.2541    50
32.2641    57
32.2741    67
32.2841    52
32.2941    52
32.3041    59
32.3141    43
32.3241    47
32.3341    54
32.3441    54
32.3541    65
32.3641    56
32.3741    44
32.3841    32
32.3941    37
32.4041    53
32.4141    55
32.4241    65
32.4341    52
32.4441    39
32.4541    52
32.4641    53
32.4741    49
32.4841    45
32.4941    52
32.5041    53
32.5141    51
32.5241    51
32.5341    53
32.5441    47
32.5541    55
32.5641    51
32.5741    50
32.5841    44
32.5941    47
32.6041    40
32.6141    46
32.6241    45
32.6341    36
32.6441    55
32.6541    48
32.6641    44
32.6741    44
32.6841    56
32.6941    38
32.7041    56
32.7141    56
32.7241    50
32.7341    52
32.7441    48
32.7541    49
32.7641    52
32.7741    57
32.7841    59
32.7941    47
32.8041    39
32.8141    43
32.8241    47
32.8341    57
32.8441    52
32.8541    46
32.8641    50
32.8741    48
32.8841    48
32.8941    54
32.9041    37
32.9141    57
32.9241    47
32.9341    45
32.9441    48
32.9541    56
32.9641    52
32.9741    46
32.9841    52
32.9941    55
33.0041    57
33.0141    55
33.0241    57
33.0341    48
33.0441    47
33.0541    41
33.0641    34
33.0741    42
33.0841    33
33.0941    52
33.1041    45
33.1141    51
33.1241    48
33.1341    44
33.1441    50
33.1541    45
33.1641    50
33.1741    47
33.1841    50
33.1941    50
33.2041    46
33.2141    34
33.2241    38
33.2341    48
33.2441    44
33.2541    45
33.2641    42
33.2741    43
33.2841    50
33.2941    47
33.3041    49
33.3141    40
33.3241    38
33.3341    61
33.3441    42
33.3541    43
33.3641    44
33.3741    50
33.3841    43
33.3941    49
33.4041    51
33.4141    45
33.4241    38
33.4341    39
33.4441    53
33.4541    35
33.4641    55
33.4741    36
33.4841    38
33.4941    33
33.5041    44
33.5141    37
33.5241    43
33.5341    39
33.5441    41
33.5541    43
33.5641    38
33.5741    52
33.5841    45
33.5941    42
33.6041    37
33.6141    31
33.6241    33
33.6341    33
33.6441    34
33.6541    43
33.6641    34
33.6741    39
33.6841    39
33.6941    42
33.7041    49
33.7141    40
33.7241    39
33.7341    38
33.7441    41
33.7541    42
33.7641    47
33.7741    38
33.7841    48
33.7941    35
33.8041    38
33.8141    60
33.8241    42
33.8341    41
33.8441    48
33.8541    49
33.8641    50
33.8741    41
33.8841    36
33.8941    38
33.9041    35
33.9141    42
33.9241    41
33.9341    38
33.9441    31
33.9541    41
33.9641    46
33.9741    33
33.9841    48
33.9941    44
34.0041    31
34.0141    37
34.0241    37
34.0341    26
34.0441    46
34.0541    38
34.0641    31
34.0741    37
34.0841    35
34.0941    30
34.1041    38
34.1141    35
34.1241    35
34.1341    32
34.1441    45
34.1541    44
34.1641    33
34.1741    40
34.1841    38
34.1941    33
34.2041    47
34.2141    34
34.2241    33
34.2341    41
34.2441    34
34.2541    40
34.2641    36
34.2741    26
34.2841    33
34.2941    37
34.3041    37
34.3141    31
34.3241    38
34.3341    31
34.3441    29
34.3541    52
34.3641    47
34.3741    40
34.3841    36
34.3941    33
34.4041    29
34.4141    39
34.4241    40
34.4341    38
34.4441    40
34.4541    34
34.4641    28
34.4741    42
34.4841    36
34.4941    30
34.5041    31
34.5141    33
34.5241    37
34.5341    28
34.5441    45
34.5541    31
34.5641    32
34.5741    29
34.5841    28
34.5941    41
34.6041    41
34.6141    37
34.6241    24
34.6341    43
34.6441    36
34.6541    27
34.6641    42
34.6741    34
34.6841    28
34.6941    38
34.7041    38
34.7141    37
34.7241    40
34.7341    32
34.7441    41
34.7541    26
34.7641    31
34.7741    37
34.7841    42
34.7941    33
34.8041    32
34.8141    46
34.8241    35
34.8341    35
34.8441    32
34.8541    31
34.8641    31
34.8741    33
34.8841    36
34.8941    33
34.9041    40
34.9141    34
34.9241    27
34.9341    31
34.9441    38
34.9541    31
34.9641    34
34.9741    39
34.9841    34
34.9941    34
35.0041    26
35.0141    37
35.0241    38
35.0341    28
35.0441    25
35.0541    35
35.0641    27
35.0741    34
35.0841    32
35.0941    36
35.1041    36
35.1141    27
35.1241    34
35.1341    40
35.1441    33
35.1541    25
35.1641    19
35.1741    27
35.1841    26
35.1941    32
35.2041    27
35.2141    24
35.2241    38
35.2341    27
35.2441    37
35.2541    27
35.2641    36
35.2741    34
35.2841    38
35.2941    31
35.3041    30
35.3141    24
35.3241    30
35.3341    36
35.3441    28
35.3541    36
35.3641    21
35.3741    32
35.3841    32
35.3941    33
35.4041    42
35.4141    28
35.4241    33
35.4341    27
35.4441    32
35.4541    28
35.4641    27
35.4741    26
35.4841    31
35.4941    22
35.5041    33
35.5141    20
35.5241    26
35.5341    38
35.5441    18
35.5541    26
35.5641    28
35.5741    31
35.5841    32
35.5941    19
35.6041    28
35.6141    21
35.6241    29
35.6341    34
35.6441    27
35.6541    19
35.6641    34
35.6741    32
35.6841    27
35.6941    25
35.7041    33
35.7141    19
35.7241    34
35.7341    28
35.7441    34
35.7541    23
35.7641    25
35.7741    26
35.7841    24
35.7941    35
35.8041    30
35.8141    22
35.8241    28
35.8341    28
35.8441    18
35.8541    24
35.8641    20
35.8741    20
35.8841    24
35.8941    34
35.9041    32
35.9141    27
35.9241    31
35.9341    28
35.9441    32
35.9541    30
35.9641    35
35.9741    25
35.9841    25
35.9941    25
36.0041    23
36.0141    26
36.0241    18
36.0341    24
36.0441    32
36.0541    29
36.0641    32
36.0741    27
36.0841    30
36.0941    24
36.1041    28
36.1141    33
36.1241    25
36.1341    24
36.1441    14
36.1541    30
36.1641    24
36.1741    30
36.1841    28
36.1941    29
36.2041    19
36.2141    20
36.2241    27
36.2341    23
36.2441    28
36.2541    21
36.2641    19
36.2741    22
36.2841    23
36.2941    24
36.3041    20
36.3141    28
36.3241    27
36.3341    23
36.3441    24
36.3541    29
36.3641    26
36.3741    25
36.3841    32
36.3941    27
36.4041    27
36.4141    20
36.4241    34
36.4341    23
36.4441    30
36.4541    22
36.4641    20
36.4741    25
36.4841    33
36.4941    25
36.5041    20
36.5141    23
36.5241    17
36.5341    17
36.5441    16
36.5541    27
36.5641    21
36.5741    21
36.5841    28
36.5941    19
36.6041    18
36.6141    27
36.6241    25
36.6341    22
36.6441    31
36.6541    22
36.6641    18
36.6741    17
36.6841    20
36.6941    19
36.7041    16
36.7141    26
36.7241    31
36.7341    17
36.7441    17
36.7541    21
36.7641    21
36.7741    22
36.7841    17
36.7941    25
36.8041    24
36.8141    17
36.8241    16
36.8341    11
36.8441    22
36.8541    26
36.8641    24
36.8741    23
36.8841    18
36.8941    20
36.9041    20
36.9141    12
36.9241    19
36.9341    24
36.9441    22
36.9541    21
36.9641    17
36.9741    20
36.9841    16
36.9941    27
37.0041    24
37.0141    20
37.0241    16
37.0341    21
37.0441    16
37.0541    16
37.0641    17
37.0741    14
37.0841    20
37.0941    22
37.1041    22
37.1141    23
37.1241    26
37.1341    21
37.1441    14
37.1541    18
37.1641    21
37.1741    23
37.1841    21
37.1941    23
37.2041    21
37.2141    22
37.2241    25
37.2341    20
37.2441    21
37.2541    21
37.2641    22
37.2741    19
37.2841    10
37.2941    14
37.3041    14
37.3141    24
37.3241    20
37.3341    20
37.3441    23
37.3541    18
37.3641    17
37.3741    19
37.3841    17
37.3941    20
37.4041    22
37.4141    14
37.4241    12
37.4341    21
37.4441    15
37.4541    20
37.4641    20
37.4741    16
37.4841    22
37.4941    16
37.5041    21
37.5141    18
37.5241    19
37.5341    24
37.5441    19
37.5541    33
37.5641    11
37.5741    18
37.5841    26
37.5941    11
37.6041    15
37.6141     8
37.6241    21
37.6341    18
37.6441    13
37.6541    11
37.6641    21
37.6741    16
37.6841    21
37.6941    13
37.7041    20
37.7141    11
37.7241    15
37.7341    19
37.7441    16
37.7541    18
37.7641    19
37.7741    22
37.7841    16
37.7941    19
37.8041    21
37.8141    13
37.8241    16
37.8341    14
37.8441    20
37.8541    13
37.8641    13
37.8741    16
37.8841    17
37.8941    19
37.9041    26
37.9141    22
37.9241    18
37.9341    17
37.9441    15
37.9541    12
37.9641    19
37.9741    14
37.9841    24
37.9941    16
38.0041    13
38.0141    16
38.0241    15
38.0341    12
38.0441    16
38.0541    12
38.0641    10
38.0741    14
38.0841    19
38.0941    10
38.1041    12
38.1141    11
38.1241    13
38.1341    16
38.1441    12
38.1541    11
38.1641    12
38.1741    20
38.1841    15
38.1941    13
38.2041    16
38.2141    17
38.2241    15
38.2341    15
38.2441    11
38.2541    16
38.2641    15
38.2741    21
38.2841     9
38.2941    17
38.3041    16
38.3141    15
38.3241     8
38.3341    15
38.3441    10
38.3541    13
38.3641    27
38.3741    18
38.3841     8
38.3941    13
38.4041     8
38.4141    13
38.4241    14
38.4341    19
38.4441    13
38.4541    23
38.4641    22
38.4741    16
38.4841    12
38.4941    12
38.5041    11
38.5141     6
38.5241     7
38.5341     9
38.5441    12
38.5541    15
38.5641     8
38.5741    13
38.5841    19
38.5941    13
38.6041    13
38.6141    11
38.6241    15
38.6341    13
38.6441    16
38.6541    12
38.6641    16
38.6741    20
38.6841    10
38.6941    10
38.7041    10
38.7141    22
38.7241    15
38.7341     8
38.7441    20
38.7541    13
38.7641    17
38.7741    14
38.7841    18
38.7941    17
38.8041    11
38.8141    12
38.8241    12
38.8341     8
38.8441     9
38.8541    11
38.8641    12
38.8741    13
38.8841    15
38.8941     8
38.9041    17
38.9141    15
38.9241    11
38.9341    18
38.9441    16
38.9541     8
38.9641    11
38.9741     9
38.9841    10
38.9941    12
39.0041    12
39.0141    12
39.0241     4
39.0341     9
39.0441    10
39.0541    11
39.0641    11
39.0741    11
39.0841    10
39.0941    15
39.1041     9
39.1141    19
39.1241    12
39.1341     9
39.1441    13
39.1541    14
39.1641    16
39.1741    13
39.1841    13
39.1941     7
39.2041     7
39.2141     9
39.2241    14
39.2341    14
39.2441    16
39.2541     7
39.2641    11
39.2741    11
39.2841     8
39.2941    13
39.3041     8
39.3141    11
39.3241    14
39.3341    13
39.3441    14
39.3541    13
39.3641    12
39.3741     5
39.3841    10
39.3941     9
39.4041    11
39.4141    10
39.4241     4
39.4341    15
39.4441     7
39.4541     8
39.4641     7
39.4741    13
39.4841    11
39.4941    10
39.5041    14
39.5141    10
39.5241     7
39.5341    13
39.5441    11
39.5541    10
39.5641     8
39.5741    10
39.5841     6
39.5941    12
39.6041    12
39.6141     2
39.6241     5
39.6341     8
39.6441     8
39.6541     7
39.6641     4
39.6741     8
39.6841    11
39.6941    16
39.7041    12
39.7141    12
39.7241    11
39.7341    10
39.7441     4
39.7541    13
39.7641    12
39.7741     8
39.7841     9
39.7941     5
39.8041    12
39.8141     5
39.8241     5
39.8341     9
39.8441     9
39.8541     8
39.8641    10
39.8741     9
39.8841     8
39.8941     8
39.9041     4
39.9141    13
39.9241     7
39.9341    12
39.9441    10
39.9541     9
39.9641    11
39.9741    13
39.9841    12
39.9941     8
