Bruker Nano GmbH Berlin, Germany
Esprit 1.9

Date: 6/2/2021 1:08:54 PM
Real time: 5000
Life time: 4662
Pulse density: 104437


Detector type: XFlash 430
Window type: Custom type
Detector thickness: 0.45
Si dead layer:0.029

Calibration, lin.: 10
Calibration, abs.: -955.9
Mn FWHM: 137.05
Fano factor: 0.121
Channels: 4095

Energy Counts
-0.9559     0
-0.9459     0
-0.9359     0
-0.9259     0
-0.9159     0
-0.9059     0
-0.8959     0
-0.8859     0
-0.8759     0
-0.8659     0
-0.8559     0
-0.8459     0
-0.8359     0
-0.8259     0
-0.8159     0
-0.8059     0
-0.7959     0
-0.7859     0
-0.7759     0
-0.7659     0
-0.7559     0
-0.7459     0
-0.7359     0
-0.7259     0
-0.7159     0
-0.7059     0
-0.6959     0
-0.6859     0
-0.6759     0
-0.6659     0
-0.6559     0
-0.6459     0
-0.6359     0
-0.6259     0
-0.6159     0
-0.6059     0
-0.5959     0
-0.5859     0
-0.5759     0
-0.5659     0
-0.5559     0
-0.5459     0
-0.5359     0
-0.5259     0
-0.5159     0
-0.5059     0
-0.4959     0
-0.4859     0
-0.4759     0
-0.4659     0
-0.4559     0
-0.4459     0
-0.4359     0
-0.4259     0
-0.4159     0
-0.4059     0
-0.3959     0
-0.3859     0
-0.3759     0
-0.3659     0
-0.3559     0
-0.3459     0
-0.3359     0
-0.3259     0
-0.3159     0
-0.3059     0
-0.2959     0
-0.2859     0
-0.2759     0
-0.2659     0
-0.2559     0
-0.2459     0
-0.2359     0
-0.2259     0
-0.2159     0
-0.2059     0
-0.1959     0
-0.1859     0
-0.1759     0
-0.1659     0
-0.1559     0
-0.1459     0
-0.1359     0
-0.1259     0
-0.1159     0
-0.1059     2
-0.0959    14
-0.0859    50
-0.0759   192
-0.0659   529
-0.0559  1411
-0.0459  3071
-0.0359  5588
-0.0259  8856
-0.0159 12062
-0.0059 14251
 0.0041 14339
 0.0141 12452
 0.0241  9216
 0.0341  5675
 0.0441  3110
 0.0541  1426
 0.0641   584
 0.0741   193
 0.0841    72
 0.0941     8
 0.1041     6
 0.1141     1
 0.1241     1
 0.1341     1
 0.1441     1
 0.1541     1
 0.1641     1
 0.1741     1
 0.1841    30
 0.1941    54
 0.2041    61
 0.2141    64
 0.2241    54
 0.2341    69
 0.2441    76
 0.2541    82
 0.2641    88
 0.2741    69
 0.2841    64
 0.2941    62
 0.3041    49
 0.3141    59
 0.3241    69
 0.3341    75
 0.3441    74
 0.3541    65
 0.3641    67
 0.3741    49
 0.3841    64
 0.3941    63
 0.4041    50
 0.4141    58
 0.4241    63
 0.4341    67
 0.4441    50
 0.4541    61
 0.4641    67
 0.4741    55
 0.4841    58
 0.4941    61
 0.5041    58
 0.5141    63
 0.5241    59
 0.5341    45
 0.5441    53
 0.5541    51
 0.5641    50
 0.5741    51
 0.5841    59
 0.5941    57
 0.6041    46
 0.6141    59
 0.6241    61
 0.6341    54
 0.6441    60
 0.6541    63
 0.6641    58
 0.6741    55
 0.6841    53
 0.6941    53
 0.7041    47
 0.7141    50
 0.7241    50
 0.7341    53
 0.7441    51
 0.7541    43
 0.7641    47
 0.7741    51
 0.7841    50
 0.7941    42
 0.8041    38
 0.8141    49
 0.8241    56
 0.8341    48
 0.8441    48
 0.8541    52
 0.8641    48
 0.8741    42
 0.8841    49
 0.8941    43
 0.9041    38
 0.9141    47
 0.9241    48
 0.9341    37
 0.9441    44
 0.9541    44
 0.9641    48
 0.9741    53
 0.9841    41
 0.9941    47
 1.0041    57
 1.0141    54
 1.0241    52
 1.0341    50
 1.0441    41
 1.0541    53
 1.0641    47
 1.0741    37
 1.0841    58
 1.0941    47
 1.1041    44
 1.1141    50
 1.1241    36
 1.1341    36
 1.1441    49
 1.1541    41
 1.1641    40
 1.1741    41
 1.1841    47
 1.1941    39
 1.2041    36
 1.2141    47
 1.2241    33
 1.2341    51
 1.2441    43
 1.2541    39
 1.2641    36
 1.2741    40
 1.2841    44
 1.2941    46
 1.3041    37
 1.3141    39
 1.3241    33
 1.3341    46
 1.3441    43
 1.3541    40
 1.3641    43
 1.3741    38
 1.3841    40
 1.3941    39
 1.4041    34
 1.4141    43
 1.4241    35
 1.4341    43
 1.4441    48
 1.4541    47
 1.4641    45
 1.4741    39
 1.4841    35
 1.4941    42
 1.5041    45
 1.5141    38
 1.5241    45
 1.5341    45
 1.5441    43
 1.5541    33
 1.5641    46
 1.5741    37
 1.5841    47
 1.5941    43
 1.6041    39
 1.6141    40
 1.6241    47
 1.6341    48
 1.6441    51
 1.6541    45
 1.6641    51
 1.6741    94
 1.6841    98
 1.6941   112
 1.7041   132
 1.7141   156
 1.7241   172
 1.7341   185
 1.7441   175
 1.7541   152
 1.7641   118
 1.7741   137
 1.7841   120
 1.7941    93
 1.8041    68
 1.8141    59
 1.8241    53
 1.8341    59
 1.8441    49
 1.8541    29
 1.8641    38
 1.8741    37
 1.8841    43
 1.8941    50
 1.9041    40
 1.9141    36
 1.9241    39
 1.9341    37
 1.9441    45
 1.9541    37
 1.9641    33
 1.9741    63
 1.9841    43
 1.9941    50
 2.0041    53
 2.0141    53
 2.0241    45
 2.0341    46
 2.0441    48
 2.0541    54
 2.0641    36
 2.0741    43
 2.0841    42
 2.0941    34
 2.1041    36
 2.1141    34
 2.1241    32
 2.1341    34
 2.1441    37
 2.1541    30
 2.1641    33
 2.1741    33
 2.1841    37
 2.1941    39
 2.2041    41
 2.2141    35
 2.2241    36
 2.2341    38
 2.2441    29
 2.2541    27
 2.2641    35
 2.2741    31
 2.2841    27
 2.2941    32
 2.3041    35
 2.3141    30
 2.3241    47
 2.3341    25
 2.3441    39
 2.3541    43
 2.3641    40
 2.3741    33
 2.3841    38
 2.3941    37
 2.4041    21
 2.4141    26
 2.4241    27
 2.4341    36
 2.4441    32
 2.4541    31
 2.4641    32
 2.4741    33
 2.4841    28
 2.4941    29
 2.5041    35
 2.5141    28
 2.5241    25
 2.5341    27
 2.5441    32
 2.5541    26
 2.5641    33
 2.5741    35
 2.5841    32
 2.5941    37
 2.6041    21
 2.6141    37
 2.6241    27
 2.6341    28
 2.6441    32
 2.6541    17
 2.6641    32
 2.6741    30
 2.6841    31
 2.6941    30
 2.7041    28
 2.7141    30
 2.7241    20
 2.7341    31
 2.7441    32
 2.7541    29
 2.7641    21
 2.7741    26
 2.7841    27
 2.7941    34
 2.8041    31
 2.8141    28
 2.8241    44
 2.8341    36
 2.8441    31
 2.8541    34
 2.8641    40
 2.8741    34
 2.8841    24
 2.8941    39
 2.9041    42
 2.9141    22
 2.9241    31
 2.9341    34
 2.9441    31
 2.9541    29
 2.9641    27
 2.9741    27
 2.9841    36
 2.9941    27
 3.0041    25
 3.0141    18
 3.0241    25
 3.0341    23
 3.0441    24
 3.0541    22
 3.0641    29
 3.0741    28
 3.0841    20
 3.0941    28
 3.1041    25
 3.1141    25
 3.1241    25
 3.1341    25
 3.1441    16
 3.1541    17
 3.1641    29
 3.1741    25
 3.1841    32
 3.1941    28
 3.2041    27
 3.2141    36
 3.2241    32
 3.2341    35
 3.2441    49
 3.2541    63
 3.2641    47
 3.2741    71
 3.2841    60
 3.2941    72
 3.3041    83
 3.3141    72
 3.3241    84
 3.3341    72
 3.3441    72
 3.3541    60
 3.3641    61
 3.3741    42
 3.3841    36
 3.3941    22
 3.4041    28
 3.4141    27
 3.4241    22
 3.4341    26
 3.4441    25
 3.4541    17
 3.4641    15
 3.4741    27
 3.4841    19
 3.4941    31
 3.5041    25
 3.5141    20
 3.5241    25
 3.5341    34
 3.5441    38
 3.5541    45
 3.5641    65
 3.5741    59
 3.5841    63
 3.5941    78
 3.6041   104
 3.6141   140
 3.6241   169
 3.6341   205
 3.6441   233
 3.6541   266
 3.6641   307
 3.6741   354
 3.6841   363
 3.6941   366
 3.7041   308
 3.7141   319
 3.7241   250
 3.7341   217
 3.7441   170
 3.7541   136
 3.7641   109
 3.7741    80
 3.7841    65
 3.7941    70
 3.8041    43
 3.8141    34
 3.8241    30
 3.8341    32
 3.8441    30
 3.8541    20
 3.8641    25
 3.8741    19
 3.8841    24
 3.8941    27
 3.9041    30
 3.9141    30
 3.9241    32
 3.9341    34
 3.9441    39
 3.9541    55
 3.9641    58
 3.9741    57
 3.9841    60
 3.9941    66
 4.0041    57
 4.0141    74
 4.0241    53
 4.0341    58
 4.0441    57
 4.0541    45
 4.0641    43
 4.0741    35
 4.0841    39
 4.0941    20
 4.1041    31
 4.1141    30
 4.1241    24
 4.1341    19
 4.1441    19
 4.1541    20
 4.1641    24
 4.1741    24
 4.1841    20
 4.1941    12
 4.2041    15
 4.2141    12
 4.2241    21
 4.2341    20
 4.2441    20
 4.2541    18
 4.2641    16
 4.2741    15
 4.2841    17
 4.2941    19
 4.3041    27
 4.3141    19
 4.3241    17
 4.3341    20
 4.3441    23
 4.3541    25
 4.3641    21
 4.3741    24
 4.3841    42
 4.3941    33
 4.4041    60
 4.4141    56
 4.4241    79
 4.4341   100
 4.4441   118
 4.4541   118
 4.4641   154
 4.4741   145
 4.4841   179
 4.4941   177
 4.5041   174
 4.5141   186
 4.5241   175
 4.5341   153
 4.5441   161
 4.5541   125
 4.5641   122
 4.5741    97
 4.5841    75
 4.5941    61
 4.6041    60
 4.6141    33
 4.6241    41
 4.6341    16
 4.6441    33
 4.6541    14
 4.6641    15
 4.6741    27
 4.6841    21
 4.6941    25
 4.7041    23
 4.7141    33
 4.7241    27
 4.7341    25
 4.7441    22
 4.7541    18
 4.7641    26
 4.7741    32
 4.7841    34
 4.7941    30
 4.8041    35
 4.8141    30
 4.8241    40
 4.8341    39
 4.8441    40
 4.8541    30
 4.8641    37
 4.8741    44
 4.8841    50
 4.8941    68
 4.9041    56
 4.9141    64
 4.9241    59
 4.9341    64
 4.9441    59
 4.9541    57
 4.9641    64
 4.9741    55
 4.9841    49
 4.9941    43
 5.0041    42
 5.0141    35
 5.0241    27
 5.0341    34
 5.0441    22
 5.0541    30
 5.0641    24
 5.0741    30
 5.0841    26
 5.0941    21
 5.1041    20
 5.1141    34
 5.1241    27
 5.1341    20
 5.1441    22
 5.1541    19
 5.1641    28
 5.1741    26
 5.1841    28
 5.1941    18
 5.2041    33
 5.2141    26
 5.2241    26
 5.2341    27
 5.2441    15
 5.2541    17
 5.2641    29
 5.2741    23
 5.2841    26
 5.2941    30
 5.3041    32
 5.3141    26
 5.3241    29
 5.3341    22
 5.3441    38
 5.3541    31
 5.3641    33
 5.3741    40
 5.3841    35
 5.3941    38
 5.4041    44
 5.4141    29
 5.4241    43
 5.4341    33
 5.4441    47
 5.4541    37
 5.4641    37
 5.4741    29
 5.4841    31
 5.4941    37
 5.5041    42
 5.5141    34
 5.5241    33
 5.5341    24
 5.5441    32
 5.5541    30
 5.5641    32
 5.5741    30
 5.5841    18
 5.5941    25
 5.6041    28
 5.6141    24
 5.6241    36
 5.6341    23
 5.6441    32
 5.6541    23
 5.6641    24
 5.6741    24
 5.6841    40
 5.6941    24
 5.7041    24
 5.7141    28
 5.7241    29
 5.7341    22
 5.7441    34
 5.7541    19
 5.7641    30
 5.7741    48
 5.7841    47
 5.7941    36
 5.8041    59
 5.8141    72
 5.8241    58
 5.8341    78
 5.8441    89
 5.8541   100
 5.8641   131
 5.8741   128
 5.8841   122
 5.8941   136
 5.9041   133
 5.9141   115
 5.9241   110
 5.9341   121
 5.9441    83
 5.9541    85
 5.9641    73
 5.9741    59
 5.9841    49
 5.9941    53
 6.0041    39
 6.0141    46
 6.0241    41
 6.0341    46
 6.0441    38
 6.0541    36
 6.0641    37
 6.0741    43
 6.0841    31
 6.0941    39
 6.1041    39
 6.1141    55
 6.1241    44
 6.1341    45
 6.1441    51
 6.1541    49
 6.1641    63
 6.1741    71
 6.1841    91
 6.1941    96
 6.2041   142
 6.2141   181
 6.2241   246
 6.2341   348
 6.2441   496
 6.2541   698
 6.2641   911
 6.2741  1289
 6.2841  1710
 6.2941  2255
 6.3041  2938
 6.3141  3740
 6.3241  4594
 6.3341  5345
 6.3441  6234
 6.3541  7066
 6.3641  7614
 6.3741  8600
 6.3841  9019
 6.3941  9116
 6.4041  9064
 6.4141  8718
 6.4241  8026
 6.4341  7358
 6.4441  6511
 6.4541  5555
 6.4641  4718
 6.4741  3834
 6.4841  3046
 6.4941  2296
 6.5041  1747
 6.5141  1289
 6.5241   937
 6.5341   623
 6.5441   463
 6.5541   347
 6.5641   252
 6.5741   157
 6.5841   117
 6.5941    93
 6.6041    79
 6.6141    61
 6.6241    50
 6.6341    53
 6.6441    53
 6.6541    45
 6.6641    48
 6.6741    44
 6.6841    32
 6.6941    46
 6.7041    48
 6.7141    54
 6.7241    45
 6.7341    45
 6.7441    52
 6.7541    57
 6.7641    47
 6.7741    48
 6.7841    53
 6.7941    51
 6.8041    61
 6.8141    68
 6.8241    68
 6.8341    75
 6.8441    83
 6.8541    99
 6.8641   103
 6.8741   111
 6.8841   120
 6.8941   160
 6.9041   210
 6.9141   240
 6.9241   306
 6.9341   364
 6.9441   463
 6.9541   557
 6.9641   643
 6.9741   804
 6.9841   923
 6.9941  1063
 7.0041  1133
 7.0141  1380
 7.0241  1460
 7.0341  1465
 7.0441  1518
 7.0541  1496
 7.0641  1497
 7.0741  1434
 7.0841  1399
 7.0941  1211
 7.1041  1131
 7.1141  1006
 7.1241   823
 7.1341   642
 7.1441   536
 7.1541   409
 7.1641   301
 7.1741   259
 7.1841   191
 7.1941   166
 7.2041   125
 7.2141   112
 7.2241    70
 7.2341    66
 7.2441    68
 7.2541    52
 7.2641    54
 7.2741    45
 7.2841    44
 7.2941    41
 7.3041    50
 7.3141    54
 7.3241    58
 7.3341    67
 7.3441    55
 7.3541    65
 7.3641    68
 7.3741    76
 7.3841    91
 7.3941    72
 7.4041    71
 7.4141    68
 7.4241    75
 7.4341    69
 7.4441    67
 7.4541    74
 7.4641    80
 7.4741    58
 7.4841    75
 7.4941    76
 7.5041    59
 7.5141    80
 7.5241    83
 7.5341    69
 7.5441    43
 7.5541    58
 7.5641    57
 7.5741    53
 7.5841    52
 7.5941    54
 7.6041    47
 7.6141    48
 7.6241    46
 7.6341    61
 7.6441    43
 7.6541    44
 7.6641    40
 7.6741    60
 7.6841    49
 7.6941    49
 7.7041    42
 7.7141    50
 7.7241    41
 7.7341    45
 7.7441    55
 7.7541    64
 7.7641    61
 7.7741    72
 7.7841    66
 7.7941    60
 7.8041    73
 7.8141    70
 7.8241    66
 7.8341    73
 7.8441    71
 7.8541    80
 7.8641    69
 7.8741    87
 7.8841    78
 7.8941    87
 7.9041    92
 7.9141    88
 7.9241    86
 7.9341    91
 7.9441    93
 7.9541   100
 7.9641   124
 7.9741   124
 7.9841   134
 7.9941   121
 8.0041   157
 8.0141   165
 8.0241   167
 8.0341   197
 8.0441   196
 8.0541   214
 8.0641   230
 8.0741   204
 8.0841   266
 8.0941   230
 8.1041   289
 8.1141   259
 8.1241   261
 8.1341   297
 8.1441   314
 8.1541   310
 8.1641   319
 8.1741   345
 8.1841   342
 8.1941   358
 8.2041   355
 8.2141   341
 8.2241   330
 8.2341   373
 8.2441   380
 8.2541   399
 8.2641   418
 8.2741   383
 8.2841   451
 8.2941   485
 8.3041   492
 8.3141   583
 8.3241   606
 8.3341   637
 8.3441   705
 8.3541   718
 8.3641   758
 8.3741   767
 8.3841   822
 8.3941   780
 8.4041   807
 8.4141   752
 8.4241   672
 8.4341   592
 8.4441   600
 8.4541   513
 8.4641   459
 8.4741   426
 8.4841   364
 8.4941   290
 8.5041   251
 8.5141   207
 8.5241   183
 8.5341   165
 8.5441   129
 8.5541   137
 8.5641   127
 8.5741   129
 8.5841    94
 8.5941   105
 8.6041   121
 8.6141   105
 8.6241   101
 8.6341   102
 8.6441   109
 8.6541    97
 8.6641    97
 8.6741   103
 8.6841    97
 8.6941    87
 8.7041    94
 8.7141    83
 8.7241    95
 8.7341    92
 8.7441    79
 8.7541    89
 8.7641    79
 8.7741    81
 8.7841    71
 8.7941    70
 8.8041    66
 8.8141    80
 8.8241    73
 8.8341    66
 8.8441    74
 8.8541    73
 8.8641    83
 8.8741    64
 8.8841    80
 8.8941    64
 8.9041    59
 8.9141    60
 8.9241    90
 8.9341    81
 8.9441    81
 8.9541    71
 8.9641    90
 8.9741    81
 8.9841    80
 8.9941    99
 9.0041    95
 9.0141    82
 9.0241    90
 9.0341   101
 9.0441   103
 9.0541    98
 9.0641   102
 9.0741   105
 9.0841   123
 9.0941   103
 9.1041   128
 9.1141   126
 9.1241   120
 9.1341   136
 9.1441   132
 9.1541   136
 9.1641   157
 9.1741   177
 9.1841   166
 9.1941   169
 9.2041   150
 9.2141   184
 9.2241   208
 9.2341   211
 9.2441   223
 9.2541   226
 9.2641   248
 9.2741   251
 9.2841   255
 9.2941   263
 9.3041   291
 9.3141   263
 9.3241   282
 9.3341   297
 9.3441   309
 9.3541   322
 9.3641   324
 9.3741   321
 9.3841   309
 9.3941   332
 9.4041   313
 9.4141   316
 9.4241   315
 9.4341   348
 9.4441   337
 9.4541   342
 9.4641   367
 9.4741   346
 9.4841   366
 9.4941   337
 9.5041   366
 9.5141   384
 9.5241   396
 9.5341   416
 9.5441   462
 9.5541   427
 9.5641   451
 9.5741   517
 9.5841   554
 9.5941   557
 9.6041   615
 9.6141   630
 9.6241   660
 9.6341   656
 9.6441   672
 9.6541   684
 9.6641   743
 9.6741   721
 9.6841   711
 9.6941   653
 9.7041   663
 9.7141   625
 9.7241   586
 9.7341   519
 9.7441   478
 9.7541   442
 9.7641   431
 9.7741   407
 9.7841   397
 9.7941   355
 9.8041   300
 9.8141   313
 9.8241   296
 9.8341   300
 9.8441   287
 9.8541   284
 9.8641   270
 9.8741   291
 9.8841   322
 9.8941   317
 9.9041   322
 9.9141   308
 9.9241   333
 9.9341   322
 9.9441   318
 9.9541   335
 9.9641   283
 9.9741   301
 9.9841   305
 9.9941   280
10.0041   251
10.0141   246
10.0241   205
10.0341   186
10.0441   182
10.0541   159
10.0641   144
10.0741   119
10.0841   108
10.0941   109
10.1041    91
10.1141    87
10.1241    79
10.1341    74
10.1441    64
10.1541    61
10.1641    51
10.1741    56
10.1841    58
10.1941    54
10.2041    58
10.2141    51
10.2241    60
10.2341    48
10.2441    51
10.2541    57
10.2641    42
10.2741    53
10.2841    47
10.2941    36
10.3041    42
10.3141    41
10.3241    37
10.3341    38
10.3441    40
10.3541    38
10.3641    36
10.3741    35
10.3841    32
10.3941    37
10.4041    40
10.4141    49
10.4241    37
10.4341    48
10.4441    53
10.4541    40
10.4641    52
10.4741    48
10.4841    45
10.4941    55
10.5041    49
10.5141    43
10.5241    48
10.5341    50
10.5441    50
10.5541    49
10.5641    49
10.5741    55
10.5841    51
10.5941    45
10.6041    53
10.6141    45
10.6241    49
10.6341    54
10.6441    46
10.6541    50
10.6641    47
10.6741    50
10.6841    52
10.6941    54
10.7041    52
10.7141    52
10.7241    50
10.7341    47
10.7441    59
10.7541    60
10.7641    50
10.7741    63
10.7841    79
10.7941    64
10.8041    59
10.8141    66
10.8241    60
10.8341    79
10.8441    79
10.8541    64
10.8641    73
10.8741    70
10.8841    74
10.8941    73
10.9041    74
10.9141    70
10.9241    62
10.9341    60
10.9441    66
10.9541    65
10.9641    76
10.9741    73
10.9841    67
10.9941    60
11.0041    68
11.0141    67
11.0241    63
11.0341    56
11.0441    58
11.0541    65
11.0641    70
11.0741    56
11.0841    69
11.0941    62
11.1041    59
11.1141    68
11.1241    66
11.1341    65
11.1441    68
11.1541    62
11.1641    73
11.1741    74
11.1841    74
11.1941    87
11.2041    90
11.2141    95
11.2241    87
11.2341   104
11.2441    96
11.2541   100
11.2641    89
11.2741    91
11.2841    96
11.2941    82
11.3041    89
11.3141    98
11.3241    89
11.3341    77
11.3441    90
11.3541    90
11.3641    76
11.3741    75
11.3841    77
11.3941    65
11.4041    61
11.4141    58
11.4241    53
11.4341    51
11.4441    55
11.4541    53
11.4641    57
11.4741    52
11.4841    41
11.4941    41
11.5041    53
11.5141    61
11.5241    55
11.5341    59
11.5441    60
11.5541    48
11.5641    45
11.5741    52
11.5841    53
11.5941    48
11.6041    53
11.6141    54
11.6241    56
11.6341    56
11.6441    59
11.6541    61
11.6641    63
11.6741    56
11.6841    46
11.6941    54
11.7041    52
11.7141    52
11.7241    47
11.7341    44
11.7441    45
11.7541    43
11.7641    32
11.7741    37
11.7841    43
11.7941    39
11.8041    37
11.8141    39
11.8241    43
11.8341    36
11.8441    30
11.8541    38
11.8641    39
11.8741    40
11.8841    37
11.8941    33
11.9041    37
11.9141    39
11.9241    38
11.9341    41
11.9441    41
11.9541    47
11.9641    38
11.9741    36
11.9841    42
11.9941    46
12.0041    41
12.0141    34
12.0241    33
12.0341    32
12.0441    44
12.0541    42
12.0641    35
12.0741    32
12.0841    33
12.0941    33
12.1041    44
12.1141    37
12.1241    31
12.1341    36
12.1441    44
12.1541    42
12.1641    29
12.1741    38
12.1841    39
12.1941    38
12.2041    43
12.2141    45
12.2241    35
12.2341    28
12.2441    36
12.2541    37
12.2641    31
12.2741    34
12.2841    34
12.2941    34
12.3041    28
12.3141    29
12.3241    34
12.3341    39
12.3441    38
12.3541    31
12.3641    32
12.3741    30
12.3841    30
12.3941    36
12.4041    37
12.4141    36
12.4241    31
12.4341    32
12.4441    33
12.4541    38
12.4641    40
12.4741    39
12.4841    34
12.4941    32
12.5041    42
12.5141    44
12.5241    38
12.5341    38
12.5441    39
12.5541    39
12.5641    42
12.5741    43
12.5841    35
12.5941    42
12.6041    43
12.6141    32
12.6241    26
12.6341    35
12.6441    43
12.6541    50
12.6641    45
12.6741    38
12.6841    37
12.6941    40
12.7041    40
12.7141    32
12.7241    34
12.7341    34
12.7441    33
12.7541    37
12.7641    39
12.7741    40
12.7841    42
12.7941    42
12.8041    39
12.8141    38
12.8241    41
12.8341    46
12.8441    47
12.8541    46
12.8641    44
12.8741    44
12.8841    45
12.8941    44
12.9041    44
12.9141    45
12.9241    44
12.9341    43
12.9441    42
12.9541    44
12.9641    49
12.9741    47
12.9841    41
12.9941    42
13.0041    45
13.0141    46
13.0241    45
13.0341    46
13.0441    49
13.0541    46
13.0641    41
13.0741    40
13.0841    41
13.0941    41
13.1041    38
13.1141    37
13.1241    46
13.1341    54
13.1441    51
13.1541    43
13.1641    44
13.1741    48
13.1841    49
13.1941    47
13.2041    43
13.2141    54
13.2241    65
13.2341    53
13.2441    61
13.2541    69
13.2641    62
13.2741    70
13.2841    78
13.2941    68
13.3041    64
13.3141    69
13.3241    69
13.3341    72
13.3441    72
13.3541    67
13.3641    78
13.3741    83
13.3841    90
13.3941    86
13.4041    72
13.4141    77
13.4241    82
13.4341    75
13.4441    73
13.4541    72
13.4641    63
13.4741    62
13.4841    63
13.4941    58
13.5041    53
13.5141    48
13.5241    47
13.5341    50
13.5441    51
13.5541    48
13.5641    48
13.5741    50
13.5841    49
13.5941    43
13.6041    48
13.6141    49
13.6241    42
13.6341    52
13.6441    54
13.6541    51
13.6641    48
13.6741    46
13.6841    45
13.6941    49
13.7041    51
13.7141    45
13.7241    44
13.7341    53
13.7441    56
13.7541    53
13.7641    47
13.7741    50
13.7841    51
13.7941    49
13.8041    54
13.8141    47
13.8241    43
13.8341    46
13.8441    47
13.8541    49
13.8641    54
13.8741    57
13.8841    51
13.8941    48
13.9041    52
13.9141    58
13.9241    55
13.9341    52
13.9441    56
13.9541    59
13.9641    64
13.9741    78
13.9841    79
13.9941    79
14.0041    94
14.0141   108
14.0241   118
14.0341   110
14.0441   107
14.0541   107
14.0641   116
14.0741   132
14.0841   139
14.0941   139
14.1041   133
14.1141   139
14.1241   154
14.1341   152
14.1441   150
14.1541   155
14.1641   152
14.1741   140
14.1841   134
14.1941   132
14.2041   122
14.2141   116
14.2241   116
14.2341   118
14.2441   118
14.2541   109
14.2641    89
14.2741    77
14.2841    79
14.2941    76
14.3041    81
14.3141    79
14.3241    66
14.3341    66
14.3441    66
14.3541    54
14.3641    55
14.3741    61
14.3841    62
14.3941    64
14.4041    57
14.4141    55
14.4241    58
14.4341    59
14.4441    58
14.4541    61
14.4641    59
14.4741    53
14.4841    56
14.4941    57
14.5041    59
14.5141    61
14.5241    63
14.5341    64
14.5441    56
14.5541    49
14.5641    50
14.5741    58
14.5841    62
14.5941    61
14.6041    56
14.6141    54
14.6241    58
14.6341    61
14.6441    59
14.6541    61
14.6641    60
14.6741    60
14.6841    61
14.6941    61
14.7041    67
14.7141    70
14.7241    68
14.7341    61
14.7441    66
14.7541    69
14.7641    70
14.7741    70
14.7841    66
14.7941    70
14.8041    71
14.8141    68
14.8241    70
14.8341    69
14.8441    67
14.8541    78
14.8641    75
14.8741    78
14.8841    83
14.8941    77
14.9041    82
14.9141    84
14.9241    83
14.9341    87
14.9441    85
14.9541    81
14.9641    79
14.9741    82
14.9841    69
14.9941    70
15.0041    77
15.0141    73
15.0241    80
15.0341    75
15.0441    69
15.0541    63
15.0641    74
15.0741    82
15.0841    68
15.0941    77
15.1041    81
15.1141    84
15.1241    73
15.1341    72
15.1441    66
15.1541    57
15.1641    63
15.1741    62
15.1841    61
15.1941    67
15.2041    66
15.2141    64
15.2241    67
15.2341    66
15.2441    69
15.2541    64
15.2641    58
15.2741    57
15.2841    68
15.2941    73
15.3041    67
15.3141    61
15.3241    58
15.3341    67
15.3441    82
15.3541    74
15.3641    68
15.3741    67
15.3841    65
15.3941    65
15.4041    65
15.4141    77
15.4241    74
15.4341    69
15.4441    69
15.4541    80
15.4641    81
15.4741    58
15.4841    69
15.4941    84
15.5041    77
15.5141    80
15.5241    84
15.5341    79
15.5441    95
15.5541   110
15.5641   104
15.5741    96
15.5841    93
15.5941   100
15.6041   119
15.6141   107
15.6241   115
15.6341   128
15.6441   148
15.6541   149
15.6641   137
15.6741   129
15.6841   149
15.6941   162
15.7041   163
15.7141   156
15.7241   158
15.7341   178
15.7441   181
15.7541   177
15.7641   174
15.7741   176
15.7841   164
15.7941   145
15.8041   148
15.8141   151
15.8241   160
15.8341   158
15.8441   152
15.8541   141
15.8641   131
15.8741   122
15.8841   119
15.8941   121
15.9041    99
15.9141    96
15.9241   106
15.9341   111
15.9441   100
15.9541    87
15.9641    80
15.9741    89
15.9841    90
15.9941    86
16.0041    87
16.0141    93
16.0241    89
16.0341    87
16.0441    82
16.0541    79
16.0641    75
16.0741    88
16.0841    96
16.0941    95
16.1041    84
16.1141    72
16.1241    73
16.1341    81
16.1441    84
16.1541    80
16.1641    78
16.1741    75
16.1841    76
16.1941    81
16.2041    87
16.2141    76
16.2241    82
16.2341    95
16.2441    96
16.2541    89
16.2641    95
16.2741    80
16.2841    83
16.2941    82
16.3041    81
16.3141    82
16.3241    89
16.3341    98
16.3441    76
16.3541    61
16.3641    79
16.3741    88
16.3841    78
16.3941    80
16.4041    89
16.4141    81
16.4241    83
16.4341    82
16.4441    87
16.4541    89
16.4641    78
16.4741    92
16.4841    91
16.4941    92
16.5041    96
16.5141    92
16.5241    91
16.5341    84
16.5441    88
16.5541    94
16.5641    91
16.5741    93
16.5841    95
16.5941   100
16.6041   104
16.6141    96
16.6241   101
16.6341   101
16.6441   101
16.6541    90
16.6641    94
16.6741   105
16.6841    94
16.6941    86
16.7041    77
16.7141    81
16.7241    92
16.7341    97
16.7441    87
16.7541   101
16.7641    95
16.7741    95
16.7841    93
16.7941    95
16.8041    87
16.8141    91
16.8241    94
16.8341    80
16.8441    90
16.8541    85
16.8641    90
16.8741    99
16.8841   102
16.8941    86
16.9041    75
16.9141    95
16.9241   105
16.9341    97
16.9441    85
16.9541    89
16.9641    91
16.9741    85
16.9841   100
16.9941    97
17.0041   101
17.0141   100
17.0241    95
17.0341    88
17.0441    90
17.0541   100
17.0641   104
17.0741   105
17.0841    85
17.0941    89
17.1041   100
17.1141   103
17.1241    99
17.1341    97
17.1441    95
17.1541    82
17.1641    96
17.1741    98
17.1841    98
17.1941    96
17.2041    87
17.2141    95
17.2241    82
17.2341    95
17.2441    92
17.2541    90
17.2641   101
17.2741   107
17.2841   103
17.2941    87
17.3041   103
17.3141   117
17.3241   109
17.3341   110
17.3441   108
17.3541    88
17.3641    87
17.3741    90
17.3841   101
17.3941    94
17.4041    94
17.4141   107
17.4241   103
17.4341   109
17.4441   100
17.4541   100
17.4641   101
17.4741   105
17.4841   113
17.4941   107
17.5041    92
17.5141   103
17.5241   112
17.5341   106
17.5441   108
17.5541   131
17.5641   113
17.5741   111
17.5841   112
17.5941   121
17.6041   115
17.6141   114
17.6241   124
17.6341   127
17.6441   121
17.6541   116
17.6641   117
17.6741   113
17.6841   107
17.6941   128
17.7041   124
17.7141   116
17.7241   112
17.7341   112
17.7441   130
17.7541   118
17.7641   112
17.7741   105
17.7841   110
17.7941   118
17.8041   109
17.8141   111
17.8241   103
17.8341   106
17.8441   106
17.8541   103
17.8641   104
17.8741   116
17.8841   113
17.8941   106
17.9041   112
17.9141   111
17.9241   107
17.9341   123
17.9441   105
17.9541    91
17.9641    93
17.9741   106
17.9841   107
17.9941   107
18.0041   116
18.0141   114
18.0241   117
18.0341   119
18.0441   111
18.0541   120
18.0641   106
18.0741   104
18.0841    99
18.0941   105
18.1041   107
18.1141    99
18.1241   103
18.1341   102
18.1441   104
18.1541   107
18.1641   107
18.1741   113
18.1841   107
18.1941   102
18.2041   107
18.2141   125
18.2241   106
18.2341   121
18.2441   112
18.2541   114
18.2641   119
18.2741   109
18.2841   123
18.2941   118
18.3041   115
18.3141   106
18.3241   110
18.3341    96
18.3441   105
18.3541   106
18.3641    98
18.3741    96
18.3841   115
18.3941   116
18.4041   101
18.4141   100
18.4241   114
18.4341   127
18.4441   124
18.4541   113
18.4641   109
18.4741   123
18.4841   132
18.4941   116
18.5041   110
18.5141   109
18.5241   116
18.5341   108
18.5441   112
18.5541   119
18.5641   116
18.5741   115
18.5841   111
18.5941   112
18.6041   144
18.6141   122
18.6241   112
18.6341    95
18.6441   101
18.6541   110
18.6641   120
18.6741   114
18.6841   127
18.6941   124
18.7041   122
18.7141   127
18.7241   120
18.7341   109
18.7441   117
18.7541   105
18.7641   112
18.7741   118
18.7841   137
18.7941   127
18.8041   122
18.8141   114
18.8241   114
18.8341   119
18.8441   120
18.8541   108
18.8641   113
18.8741   103
18.8841   108
18.8941   103
18.9041    96
18.9141   113
18.9241   115
18.9341    88
18.9441   109
18.9541   120
18.9641   118
18.9741   108
18.9841   124
18.9941   119
19.0041   102
19.0141   112
19.0241   122
19.0341   123
19.0441   131
19.0541   114
19.0641   141
19.0741   129
19.0841   123
19.0941   129
19.1041   134
19.1141   121
19.1241   127
19.1341   119
19.1441   120
19.1541   127
19.1641   125
19.1741   120
19.1841   124
19.1941   128
19.2041   113
19.2141   128
19.2241   117
19.2341   106
19.2441   110
19.2541   115
19.2641   128
19.2741   125
19.2841   126
19.2941   128
19.3041   130
19.3141   124
19.3241   133
19.3341   118
19.3441   132
19.3541   133
19.3641   107
19.3741   108
19.3841   121
19.3941   118
19.4041   109
19.4141   113
19.4241   139
19.4341   130
19.4441   111
19.4541   122
19.4641   124
19.4741   115
19.4841   121
19.4941   128
19.5041   126
19.5141   113
19.5241   117
19.5341   125
19.5441   125
19.5541   129
19.5641   138
19.5741   117
19.5841   116
19.5941   135
19.6041   124
19.6141   127
19.6241   117
19.6341   143
19.6441   117
19.6541   123
19.6641   124
19.6741   115
19.6841   120
19.6941   130
19.7041   128
19.7141   123
19.7241   146
19.7341   116
19.7441   125
19.7541   115
19.7641   113
19.7741   126
19.7841   128
19.7941   133
19.8041   118
19.8141   116
19.8241   123
19.8341   121
19.8441   126
19.8541   115
19.8641   115
19.8741   130
19.8841   138
19.8941   136
19.9041   130
19.9141   131
19.9241   125
19.9341   137
19.9441   131
19.9541   115
19.9641   123
19.9741   130
19.9841   124
19.9941   116
20.0041   129
20.0141   124
20.0241   125
20.0341   127
20.0441   132
20.0541   127
20.0641   131
20.0741   119
20.0841   127
20.0941   145
20.1041   128
20.1141   122
20.1241   111
20.1341   115
20.1441   126
20.1541   132
20.1641   138
20.1741   129
20.1841   128
20.1941   137
20.2041   130
20.2141   139
20.2241   144
20.2341   130
20.2441   120
20.2541   130
20.2641   121
20.2741   133
20.2841   122
20.2941   129
20.3041   127
20.3141   124
20.3241   128
20.3341   139
20.3441   130
20.3541   122
20.3641   133
20.3741   134
20.3841   119
20.3941   134
20.4041   115
20.4141   119
20.4241   105
20.4341   124
20.4441   132
20.4541   121
20.4641   110
20.4741   121
20.4841   139
20.4941   126
20.5041   139
20.5141   132
20.5241   124
20.5341   128
20.5441   129
20.5541   126
20.5641   133
20.5741   117
20.5841   129
20.5941   128
20.6041   132
20.6141   124
20.6241   126
20.6341   144
20.6441   129
20.6541   123
20.6641   128
20.6741   121
20.6841   143
20.6941   136
20.7041   144
20.7141   131
20.7241   139
20.7341   114
20.7441   133
20.7541   147
20.7641   118
20.7741   140
20.7841   141
20.7941   131
20.8041   140
20.8141   154
20.8241   141
20.8341   155
20.8441   138
20.8541   147
20.8641   160
20.8741   151
20.8841   124
20.8941   149
20.9041   148
20.9141   144
20.9241   158
20.9341   160
20.9441   147
20.9541   157
20.9641   164
20.9741   165
20.9841   182
20.9941   182
21.0041   183
21.0141   176
21.0241   189
21.0341   197
21.0441   219
21.0541   188
21.0641   201
21.0741   184
21.0841   218
21.0941   189
21.1041   193
21.1141   201
21.1241   217
21.1341   173
21.1441   191
21.1541   196
21.1641   181
21.1741   207
21.1841   196
21.1941   184
21.2041   195
21.2141   190
21.2241   181
21.2341   164
21.2441   157
21.2541   175
21.2641   156
21.2741   157
21.2841   147
21.2941   169
21.3041   139
21.3141   157
21.3241   156
21.3341   161
21.3441   146
21.3541   150
21.3641   146
21.3741   137
21.3841   152
21.3941   133
21.4041   119
21.4141   152
21.4241   131
21.4341   157
21.4441   136
21.4541   136
21.4641   111
21.4741   130
21.4841   135
21.4941   139
21.5041   136
21.5141   115
21.5241   137
21.5341   127
21.5441   118
21.5541   124
21.5641   109
21.5741   115
21.5841   134
21.5941   145
21.6041   127
21.6141   147
21.6241   142
21.6341   148
21.6441   132
21.6541   131
21.6641   125
21.6741   133
21.6841   156
21.6941   133
21.7041   150
21.7141   119
21.7241   133
21.7341   143
21.7441   136
21.7541   134
21.7641   107
21.7741   132
21.7841   113
21.7941   119
21.8041   143
21.8141   112
21.8241   138
21.8341   116
21.8441   128
21.8541   136
21.8641   146
21.8741   125
21.8841   144
21.8941   127
21.9041   142
21.9141   153
21.9241   140
21.9341   126
21.9441   119
21.9541   117
21.9641   134
21.9741   134
21.9841   129
21.9941   126
22.0041   135
22.0141   143
22.0241   132
22.0341   127
22.0441   125
22.0541   131
22.0641   138
22.0741   125
22.0841   142
22.0941   126
22.1041   136
22.1141   131
22.1241   138
22.1341   135
22.1441   143
22.1541   130
22.1641   134
22.1741   123
22.1841   128
22.1941   116
22.2041   137
22.2141   140
22.2241   120
22.2341   122
22.2441   133
22.2541   116
22.2641   108
22.2741   143
22.2841   142
22.2941   144
22.3041   135
22.3141   145
22.3241   135
22.3341   130
22.3441   118
22.3541   147
22.3641   119
22.3741   139
22.3841   126
22.3941   137
22.4041   122
22.4141   149
22.4241   128
22.4341   151
22.4441   133
22.4541   130
22.4641   142
22.4741   143
22.4841   142
22.4941   121
22.5041   120
22.5141   136
22.5241   127
22.5341   141
22.5441   145
22.5541   124
22.5641   125
22.5741   129
22.5841   120
22.5941   147
22.6041   119
22.6141   124
22.6241   137
22.6341   145
22.6441   125
22.6541   114
22.6641   119
22.6741   125
22.6841   128
22.6941   132
22.7041   123
22.7141   115
22.7241   134
22.7341   132
22.7441   128
22.7541   134
22.7641   117
22.7741   113
22.7841   128
22.7941   139
22.8041   118
22.8141   122
22.8241   124
22.8341   134
22.8441   145
22.8541   126
22.8641   128
22.8741   116
22.8841   112
22.8941   120
22.9041   123
22.9141   143
22.9241   135
22.9341   113
22.9441   122
22.9541   124
22.9641   137
22.9741   125
22.9841   130
22.9941   119
23.0041   121
23.0141   126
23.0241   132
23.0341   116
23.0441   132
23.0541   118
23.0641   141
23.0741   125
23.0841   125
23.0941   116
23.1041   142
23.1141   134
23.1241   113
23.1341   136
23.1441   135
23.1541   109
23.1641   127
23.1741   130
23.1841   144
23.1941   126
23.2041   137
23.2141   138
23.2241   132
23.2341   139
23.2441   128
23.2541   140
23.2641   119
23.2741   126
23.2841   129
23.2941   137
23.3041   128
23.3141   117
23.3241   112
23.3341   125
23.3441   126
23.3541   125
23.3641   114
23.3741   136
23.3841   154
23.3941   119
23.4041   117
23.4141   120
23.4241    95
23.4341   125
23.4441   112
23.4541   114
23.4641   128
23.4741   117
23.4841   112
23.4941   115
23.5041   137
23.5141   133
23.5241   138
23.5341   134
23.5441   142
23.5541   114
23.5641   107
23.5741   124
23.5841   139
23.5941   146
23.6041   140
23.6141   111
23.6241   130
23.6341   106
23.6441   116
23.6541   115
23.6641   127
23.6741   164
23.6841   117
23.6941   130
23.7041   130
23.7141   148
23.7241   144
23.7341   138
23.7441   114
23.7541    98
23.7641   145
23.7741   141
23.7841   157
23.7941   136
23.8041   148
23.8141   156
23.8241   137
23.8341   134
23.8441   142
23.8541   123
23.8641   116
23.8741   128
23.8841   126
23.8941   121
23.9041   145
23.9141   138
23.9241   126
23.9341   124
23.9441   115
23.9541   142
23.9641   105
23.9741   129
23.9841   130
23.9941   115
24.0041    97
24.0141   114
24.0241   121
24.0341   128
24.0441   123
24.0541   120
24.0641   128
24.0741   115
24.0841   108
24.0941   118
24.1041   143
24.1141   130
24.1241   125
24.1341   130
24.1441   108
24.1541   115
24.1641    98
24.1741   130
24.1841   125
24.1941   151
24.2041   129
24.2141   115
24.2241   120
24.2341   119
24.2441   114
24.2541   104
24.2641   124
24.2741   109
24.2841   114
24.2941   105
24.3041   120
24.3141   120
24.3241   124
24.3341   117
24.3441   116
24.3541   137
24.3641   118
24.3741   117
24.3841   142
24.3941   112
24.4041   108
24.4141   101
24.4241   108
24.4341   144
24.4441   130
24.4541   122
24.4641   119
24.4741   133
24.4841   120
24.4941   119
24.5041   108
24.5141   153
24.5241   124
24.5341   131
24.5441   116
24.5541   128
24.5641   109
24.5741   131
24.5841   120
24.5941   129
24.6041   117
24.6141   122
24.6241   117
24.6341   108
24.6441   115
24.6541   131
24.6641   126
24.6741   132
24.6841   129
24.6941   114
24.7041   112
24.7141   127
24.7241   113
24.7341   128
24.7441   106
24.7541   104
24.7641   118
24.7741    92
24.7841   102
24.7941   120
24.8041   118
24.8141   129
24.8241   115
24.8341   109
24.8441   116
24.8541   128
24.8641   108
24.8741   120
24.8841   114
24.8941   122
24.9041   121
24.9141   116
24.9241   103
24.9341   105
24.9441   117
24.9541    96
24.9641   129
24.9741   126
24.9841   128
24.9941   128
25.0041   117
25.0141   121
25.0241   110
25.0341    95
25.0441   113
25.0541   109
25.0641   108
25.0741   110
25.0841   115
25.0941   104
25.1041   105
25.1141   113
25.1241   106
25.1341   110
25.1441   111
25.1541   104
25.1641   107
25.1741   115
25.1841   117
25.1941   126
25.2041   102
25.2141   118
25.2241   122
25.2341   124
25.2441   108
25.2541   106
25.2641   122
25.2741   125
25.2841   108
25.2941   121
25.3041   117
25.3141   115
25.3241   130
25.3341   118
25.3441   125
25.3541   108
25.3641   111
25.3741   111
25.3841   116
25.3941   126
25.4041   100
25.4141   125
25.4241   126
25.4341   112
25.4441   110
25.4541   109
25.4641   108
25.4741   105
25.4841    97
25.4941    98
25.5041   115
25.5141   103
25.5241   101
25.5341   100
25.5441   110
25.5541   107
25.5641   112
25.5741    99
25.5841   122
25.5941   115
25.6041    98
25.6141    99
25.6241    95
25.6341   106
25.6441    95
25.6541   104
25.6641   111
25.6741   105
25.6841    94
25.6941   104
25.7041   117
25.7141   101
25.7241   113
25.7341   101
25.7441   108
25.7541   103
25.7641   104
25.7741   102
25.7841   107
25.7941   104
25.8041   127
25.8141   107
25.8241   100
25.8341   109
25.8441    95
25.8541   111
25.8641   113
25.8741   105
25.8841   113
25.8941    85
25.9041    98
25.9141   101
25.9241   109
25.9341   108
25.9441   107
25.9541    97
25.9641    96
25.9741    98
25.9841   113
25.9941   114
26.0041   106
26.0141    93
26.0241   120
26.0341    87
26.0441    93
26.0541   119
26.0641   100
26.0741    98
26.0841   112
26.0941    94
26.1041   105
26.1141   100
26.1241    97
26.1341   105
26.1441   110
26.1541   108
26.1641   100
26.1741   106
26.1841    97
26.1941   111
26.2041   107
26.2141   106
26.2241   108
26.2341   106
26.2441    94
26.2541    98
26.2641   107
26.2741   105
26.2841    90
26.2941    98
26.3041   103
26.3141   103
26.3241   100
26.3341   116
26.3441    94
26.3541    97
26.3641   115
26.3741   112
26.3841    93
26.3941    99
26.4041   111
26.4141    98
26.4241   103
26.4341    97
26.4441    88
26.4541    89
26.4641    95
26.4741   106
26.4841    94
26.4941    95
26.5041   101
26.5141   115
26.5241   116
26.5341   105
26.5441    96
26.5541    94
26.5641   108
26.5741   106
26.5841   100
26.5941    95
26.6041    97
26.6141    98
26.6241    94
26.6341    95
26.6441    98
26.6541    88
26.6641    98
26.6741   111
26.6841    92
26.6941    93
26.7041    86
26.7141   106
26.7241    90
26.7341    98
26.7441    88
26.7541    78
26.7641    96
26.7741   101
26.7841    99
26.7941    93
26.8041   110
26.8141   106
26.8241   110
26.8341    87
26.8441   104
26.8541    98
26.8641    85
26.8741    97
26.8841   108
26.8941    99
26.9041    93
26.9141    95
26.9241    90
26.9341   102
26.9441   105
26.9541   100
26.9641    69
26.9741   102
26.9841   105
26.9941    89
27.0041    96
27.0141    97
27.0241   104
27.0341    96
27.0441    91
27.0541    79
27.0641    86
27.0741    93
27.0841   102
27.0941   100
27.1041   106
27.1141    85
27.1241    86
27.1341    82
27.1441    93
27.1541    86
27.1641    94
27.1741    77
27.1841    81
27.1941    80
27.2041    88
27.2141    85
27.2241   111
27.2341    84
27.2441    84
27.2541    96
27.2641    97
27.2741    84
27.2841    93
27.2941    97
27.3041    87
27.3141    92
27.3241    95
27.3341   103
27.3441   101
27.3541    87
27.3641   109
27.3741    89
27.3841    98
27.3941   108
27.4041    89
27.4141    88
27.4241    97
27.4341    82
27.4441    95
27.4541    92
27.4641    85
27.4741    91
27.4841    98
27.4941   107
27.5041    83
27.5141    99
27.5241    94
27.5341    81
27.5441    99
27.5541    99
27.5641    99
27.5741    99
27.5841    97
27.5941    93
27.6041    70
27.6141    76
27.6241    94
27.6341    81
27.6441    82
27.6541    82
27.6641    88
27.6741    89
27.6841    98
27.6941    97
27.7041    87
27.7141    86
27.7241    91
27.7341    84
27.7441    98
27.7541    80
27.7641   104
27.7741    96
27.7841    94
27.7941   108
27.8041    93
27.8141    97
27.8241    96
27.8341    79
27.8441    97
27.8541    87
27.8641    85
27.8741    97
27.8841    75
27.8941    81
27.9041    73
27.9141    93
27.9241    94
27.9341    79
27.9441    75
27.9541    81
27.9641    90
27.9741    93
27.9841    82
27.9941    77
28.0041    90
28.0141    78
28.0241    66
28.0341    77
28.0441    77
28.0541    89
28.0641    90
28.0741    83
28.0841    77
28.0941    77
28.1041   100
28.1141    98
28.1241    89
28.1341    77
28.1441    70
28.1541    78
28.1641    53
28.1741    64
28.1841    87
28.1941    69
28.2041    75
28.2141    74
28.2241    85
28.2341    79
28.2441    67
28.2541    74
28.2641    88
28.2741    85
28.2841    86
28.2941    75
28.3041    94
28.3141    82
28.3241    88
28.3341    87
28.3441    70
28.3541    78
28.3641    82
28.3741    79
28.3841    69
28.3941    79
28.4041    78
28.4141    77
28.4241    72
28.4341    63
28.4441    73
28.4541   110
28.4641    87
28.4741    76
28.4841    88
28.4941    83
28.5041    76
28.5141    68
28.5241    58
28.5341    75
28.5441    83
28.5541    71
28.5641    67
28.5741    79
28.5841    78
28.5941    70
28.6041    72
28.6141    68
28.6241    71
28.6341    81
28.6441    76
28.6541    88
28.6641    89
28.6741    78
28.6841    93
28.6941    79
28.7041    73
28.7141    69
28.7241    67
28.7341    74
28.7441    72
28.7541    76
28.7641    90
28.7741    79
28.7841    79
28.7941    85
28.8041    73
28.8141   107
28.8241    79
28.8341    86
28.8441    74
28.8541    72
28.8641    63
28.8741    80
28.8841    80
28.8941    75
28.9041    87
28.9141    70
28.9241    73
28.9341    65
28.9441    72
28.9541    74
28.9641    75
28.9741    74
28.9841    68
28.9941    84
29.0041    86
29.0141    70
29.0241    90
29.0341    75
29.0441    72
29.0541    71
29.0641    70
29.0741    78
29.0841    58
29.0941    68
29.1041    79
29.1141    79
29.1241    75
29.1341    67
29.1441    65
29.1541    77
29.1641    82
29.1741    74
29.1841    82
29.1941    70
29.2041    77
29.2141    81
29.2241    75
29.2341    65
29.2441    61
29.2541    79
29.2641    87
29.2741    69
29.2841    77
29.2941    71
29.3041    75
29.3141    71
29.3241    81
29.3341    71
29.3441    62
29.3541    74
29.3641    65
29.3741    71
29.3841    92
29.3941    71
29.4041    62
29.4141    59
29.4241    79
29.4341    75
29.4441    64
29.4541    61
29.4641    67
29.4741    58
29.4841    59
29.4941    80
29.5041    70
29.5141    84
29.5241    58
29.5341    60
29.5441    58
29.5541    59
29.5641    67
29.5741    74
29.5841    61
29.5941    75
29.6041    66
29.6141    53
29.6241    51
29.6341    56
29.6441    62
29.6541    61
29.6641    71
29.6741    68
29.6841    67
29.6941    57
29.7041    71
29.7141    67
29.7241    60
29.7341    69
29.7441    73
29.7541    62
29.7641    60
29.7741    59
29.7841    69
29.7941    76
29.8041    73
29.8141    62
29.8241    83
29.8341    81
29.8441    67
29.8541    62
29.8641    57
29.8741    47
29.8841    63
29.8941    59
29.9041    70
29.9141    73
29.9241    75
29.9341    68
29.9441    74
29.9541    70
29.9641    59
29.9741    72
29.9841    64
29.9941    67
30.0041    76
30.0141    59
30.0241    58
30.0341    59
30.0441    67
30.0541    61
30.0641    65
30.0741    62
30.0841    66
30.0941    51
30.1041    48
30.1141    63
30.1241    63
30.1341    60
30.1441    64
30.1541    59
30.1641    57
30.1741    71
30.1841    59
30.1941    69
30.2041    65
30.2141    58
30.2241    59
30.2341    59
30.2441    64
30.2541    51
30.2641    61
30.2741    52
30.2841    49
30.2941    59
30.3041    57
30.3141    49
30.3241    51
30.3341    52
30.3441    58
30.3541    65
30.3641    60
30.3741    56
30.3841    56
30.3941    64
30.4041    53
30.4141    58
30.4241    46
30.4341    58
30.4441    54
30.4541    54
30.4641    61
30.4741    69
30.4841    61
30.4941    58
30.5041    61
30.5141    54
30.5241    73
30.5341    51
30.5441    60
30.5541    57
30.5641    55
30.5741    59
30.5841    53
30.5941    76
30.6041    68
30.6141    52
30.6241    50
30.6341    53
30.6441    49
30.6541    63
30.6641    55
30.6741    51
30.6841    64
30.6941    67
30.7041    56
30.7141    59
30.7241    70
30.7341    60
30.7441    69
30.7541    65
30.7641    65
30.7741    61
30.7841    59
30.7941    45
30.8041    52
30.8141    66
30.8241    53
30.8341    53
30.8441    53
30.8541    60
30.8641    55
30.8741    74
30.8841    70
30.8941    47
30.9041    63
30.9141    40
30.9241    69
30.9341    51
30.9441    67
30.9541    53
30.9641    55
30.9741    54
30.9841    52
30.9941    62
31.0041    50
31.0141    55
31.0241    67
31.0341    67
31.0441    62
31.0541    59
31.0641    52
31.0741    58
31.0841    49
31.0941    60
31.1041    51
31.1141    56
31.1241    59
31.1341    58
31.1441    61
31.1541    51
31.1641    55
31.1741    53
31.1841    60
31.1941    60
31.2041    60
31.2141    51
31.2241    63
31.2341    63
31.2441    54
31.2541    53
31.2641    47
31.2741    52
31.2841    49
31.2941    45
31.3041    54
31.3141    59
31.3241    49
31.3341    56
31.3441    47
31.3541    53
31.3641    52
31.3741    56
31.3841    51
31.3941    59
31.4041    53
31.4141    51
31.4241    40
31.4341    50
31.4441    48
31.4541    46
31.4641    54
31.4741    67
31.4841    65
31.4941    44
31.5041    44
31.5141    44
31.5241    46
31.5341    66
31.5441    58
31.5541    43
31.5641    47
31.5741    44
31.5841    40
31.5941    51
31.6041    48
31.6141    46
31.6241    42
31.6341    52
31.6441    42
31.6541    27
31.6641    50
31.6741    48
31.6841    54
31.6941    52
31.7041    51
31.7141    51
31.7241    51
31.7341    38
31.7441    46
31.7541    53
31.7641    56
31.7741    51
31.7841    50
31.7941    45
31.8041    51
31.8141    52
31.8241    55
31.8341    47
31.8441    52
31.8541    57
31.8641    56
31.8741    57
31.8841    55
31.8941    54
31.9041    51
31.9141    49
31.9241    49
31.9341    58
31.9441    56
31.9541    54
31.9641    55
31.9741    55
31.9841    46
31.9941    46
32.0041    49
32.0141    49
32.0241    54
32.0341    42
32.0441    50
32.0541    55
32.0641    55
32.0741    49
32.0841    47
32.0941    49
32.1041    42
32.1141    65
32.1241    58
32.1341    62
32.1441    47
32.1541    49
32.1641    62
32.1741    52
32.1841    54
32.1941    48
32.2041    45
32.2141    56
32.2241    53
32.2341    46
32.2441    44
32.2541    47
32.2641    52
32.2741    56
32.2841    45
32.2941    47
32.3041    37
32.3141    47
32.3241    38
32.3341    46
32.3441    41
32.3541    47
32.3641    42
32.3741    49
32.3841    38
32.3941    52
32.4041    43
32.4141    35
32.4241    52
32.4341    62
32.4441    40
32.4541    55
32.4641    43
32.4741    43
32.4841    41
32.4941    45
32.5041    52
32.5141    45
32.5241    48
32.5341    37
32.5441    46
32.5541    45
32.5641    47
32.5741    42
32.5841    41
32.5941    44
32.6041    44
32.6141    41
32.6241    44
32.6341    49
32.6441    49
32.6541    47
32.6641    46
32.6741    40
32.6841    40
32.6941    49
32.7041    31
32.7141    46
32.7241    36
32.7341    44
32.7441    34
32.7541    41
32.7641    53
32.7741    42
32.7841    38
32.7941    40
32.8041    42
32.8141    38
32.8241    36
32.8341    52
32.8441    31
32.8541    39
32.8641    39
32.8741    46
32.8841    42
32.8941    41
32.9041    47
32.9141    41
32.9241    33
32.9341    39
32.9441    27
32.9541    44
32.9641    36
32.9741    45
32.9841    43
32.9941    42
33.0041    38
33.0141    37
33.0241    36
33.0341    34
33.0441    42
33.0541    42
33.0641    40
33.0741    42
33.0841    36
33.0941    38
33.1041    52
33.1141    38
33.1241    41
33.1341    35
33.1441    34
33.1541    35
33.1641    45
33.1741    47
33.1841    47
33.1941    42
33.2041    35
33.2141    27
33.2241    35
33.2341    45
33.2441    38
33.2541    34
33.2641    37
33.2741    46
33.2841    48
33.2941    39
33.3041    40
33.3141    34
33.3241    39
33.3341    43
33.3441    42
33.3541    41
33.3641    45
33.3741    41
33.3841    38
33.3941    39
33.4041    48
33.4141    40
33.4241    43
33.4341    33
33.4441    19
33.4541    35
33.4641    24
33.4741    30
33.4841    30
33.4941    42
33.5041    34
33.5141    32
33.5241    36
33.5341    39
33.5441    33
33.5541    35
33.5641    41
33.5741    34
33.5841    33
33.5941    33
33.6041    41
33.6141    32
33.6241    35
33.6341    35
33.6441    37
33.6541    38
33.6641    40
33.6741    46
33.6841    35
33.6941    37
33.7041    40
33.7141    39
33.7241    35
33.7341    40
33.7441    29
33.7541    21
33.7641    31
33.7741    29
33.7841    39
33.7941    37
33.8041    35
33.8141    31
33.8241    30
33.8341    40
33.8441    38
33.8541    38
33.8641    38
33.8741    33
33.8841    35
33.8941    27
33.9041    26
33.9141    23
33.9241    34
33.9341    41
33.9441    24
33.9541    31
33.9641    39
33.9741    33
33.9841    29
33.9941    28
34.0041    34
34.0141    33
34.0241    28
34.0341    34
34.0441    36
34.0541    36
34.0641    33
34.0741    34
34.0841    34
34.0941    30
34.1041    26
34.1141    38
34.1241    33
34.1341    36
34.1441    35
34.1541    38
34.1641    33
34.1741    33
34.1841    26
34.1941    26
34.2041    35
34.2141    37
34.2241    38
34.2341    36
34.2441    35
34.2541    29
34.2641    24
34.2741    27
34.2841    31
34.2941    40
34.3041    23
34.3141    38
34.3241    24
34.3341    32
34.3441    34
34.3541    26
34.3641    28
34.3741    29
34.3841    26
34.3941    37
34.4041    33
34.4141    35
34.4241    29
34.4341    30
34.4441    26
34.4541    29
34.4641    34
34.4741    41
34.4841    27
34.4941    45
34.5041    31
34.5141    35
34.5241    32
34.5341    33
34.5441    26
34.5541    33
34.5641    34
34.5741    32
34.5841    26
34.5941    32
34.6041    24
34.6141    24
34.6241    27
34.6341    39
34.6441    26
34.6541    25
34.6641    29
34.6741    27
34.6841    34
34.6941    30
34.7041    36
34.7141    23
34.7241    29
34.7341    18
34.7441    30
34.7541    29
34.7641    24
34.7741    24
34.7841    31
34.7941    20
34.8041    33
34.8141    27
34.8241    26
34.8341    34
34.8441    23
34.8541    38
34.8641    32
34.8741    21
34.8841    27
34.8941    27
34.9041    27
34.9141    29
34.9241    38
34.9341    23
34.9441    27
34.9541    32
34.9641    29
34.9741    36
34.9841    25
34.9941    25
35.0041    32
35.0141    29
35.0241    39
35.0341    29
35.0441    29
35.0541    30
35.0641    25
35.0741    20
35.0841    27
35.0941    29
35.1041    30
35.1141    31
35.1241    25
35.1341    25
35.1441    39
35.1541    24
35.1641    15
35.1741    29
35.1841    30
35.1941    29
35.2041    27
35.2141    24
35.2241    30
35.2341    28
35.2441    34
35.2541    28
35.2641    24
35.2741    22
35.2841    31
35.2941    32
35.3041    25
35.3141    27
35.3241    30
35.3341    24
35.3441    19
35.3541    20
35.3641    25
35.3741    32
35.3841    18
35.3941    18
35.4041    18
35.4141    22
35.4241    21
35.4341    36
35.4441    34
35.4541    23
35.4641    22
35.4741    22
35.4841    22
35.4941    23
35.5041    22
35.5141    24
35.5241    25
35.5341    25
35.5441    23
35.5541    25
35.5641    20
35.5741    30
35.5841    26
35.5941    34
35.6041    28
35.6141    28
35.6241    27
35.6341    29
35.6441    22
35.6541    22
35.6641    24
35.6741    20
35.6841    19
35.6941    19
35.7041    20
35.7141    22
35.7241    19
35.7341    25
35.7441    20
35.7541    24
35.7641    21
35.7741    23
35.7841    33
35.7941    21
35.8041    20
35.8141    20
35.8241    20
35.8341    29
35.8441    21
35.8541    17
35.8641    24
35.8741    22
35.8841    25
35.8941    18
35.9041    23
35.9141    21
35.9241    22
35.9341    27
35.9441    13
35.9541    17
35.9641    24
35.9741    20
35.9841    21
35.9941    22
36.0041    28
36.0141    18
36.0241    19
36.0341    15
36.0441    17
36.0541    24
36.0641    24
36.0741    24
36.0841    26
36.0941    25
36.1041    15
36.1141    22
36.1241    19
36.1341    20
36.1441    28
36.1541    19
36.1641    19
36.1741    26
36.1841    28
36.1941    19
36.2041    17
36.2141    22
36.2241    21
36.2341    22
36.2441    16
36.2541    23
36.2641    16
36.2741    20
36.2841    23
36.2941    22
36.3041    28
36.3141    26
36.3241    25
36.3341    18
36.3441    24
36.3541    24
36.3641    19
36.3741    20
36.3841    22
36.3941    15
36.4041    26
36.4141    19
36.4241    28
36.4341    27
36.4441    14
36.4541    14
36.4641    23
36.4741    17
36.4841    22
36.4941    20
36.5041    23
36.5141    25
36.5241    13
36.5341    21
36.5441    18
36.5541    15
36.5641    22
36.5741    13
36.5841    14
36.5941    15
36.6041    21
36.6141    16
36.6241    15
36.6341    18
36.6441    17
36.6541    19
36.6641    21
36.6741    17
36.6841    17
36.6941    25
36.7041    24
36.7141    16
36.7241    23
36.7341    21
36.7441    23
36.7541    21
36.7641    17
36.7741    12
36.7841    17
36.7941    24
36.8041    18
36.8141    15
36.8241    14
36.8341    18
36.8441    15
36.8541    16
36.8641    14
36.8741    24
36.8841    17
36.8941    20
36.9041    15
36.9141    21
36.9241    26
36.9341    14
36.9441    19
36.9541    17
36.9641    17
36.9741    22
36.9841    11
36.9941    16
37.0041     9
37.0141    20
37.0241    15
37.0341    14
37.0441    18
37.0541    19
37.0641    21
37.0741    20
37.0841    17
37.0941    19
37.1041    21
37.1141    19
37.1241    18
37.1341    20
37.1441    23
37.1541    12
37.1641    14
37.1741     8
37.1841     9
37.1941    14
37.2041    29
37.2141    19
37.2241    16
37.2341    20
37.2441    14
37.2541    19
37.2641    12
37.2741    17
37.2841    19
37.2941    18
37.3041    20
37.3141    10
37.3241    17
37.3341    15
37.3441    17
37.3541    21
37.3641    17
37.3741    16
37.3841    18
37.3941    20
37.4041    17
37.4141    15
37.4241    19
37.4341    19
37.4441    21
37.4541    10
37.4641     9
37.4741    14
37.4841    10
37.4941    12
37.5041    13
37.5141    11
37.5241    21
37.5341    13
37.5441    15
37.5541    14
37.5641    16
37.5741    16
37.5841    13
37.5941    18
37.6041    18
37.6141    16
37.6241    10
37.6341    18
37.6441     8
37.6541    11
37.6641    11
37.6741    20
37.6841    14
37.6941    20
37.7041    15
37.7141    19
37.7241    15
37.7341    11
37.7441    13
37.7541    16
37.7641    10
37.7741    15
37.7841    16
37.7941    10
37.8041    13
37.8141    16
37.8241    20
37.8341    14
37.8441    17
37.8541    12
37.8641    14
37.8741    15
37.8841    19
37.8941     6
37.9041    15
37.9141    15
37.9241    12
37.9341    14
37.9441    12
37.9541    11
37.9641    15
37.9741    13
37.9841    12
37.9941    17
38.0041    16
38.0141    13
38.0241    15
38.0341    13
38.0441    15
38.0541    13
38.0641    17
38.0741    12
38.0841    13
38.0941    23
38.1041    14
38.1141    14
38.1241    13
38.1341    12
38.1441    10
38.1541    18
38.1641    10
38.1741    20
38.1841    14
38.1941    11
38.2041    15
38.2141    15
38.2241    16
38.2341    11
38.2441    10
38.2541    11
38.2641    12
38.2741    13
38.2841    15
38.2941     7
38.3041    11
38.3141    14
38.3241    14
38.3341    17
38.3441    11
38.3541    11
38.3641    13
38.3741    15
38.3841    12
38.3941     8
38.4041    11
38.4141    19
38.4241     7
38.4341    10
38.4441    18
38.4541    12
38.4641     8
38.4741    18
38.4841    13
38.4941    13
38.5041    12
38.5141    11
38.5241    13
38.5341    14
38.5441    12
38.5541    13
38.5641    14
38.5741    12
38.5841    11
38.5941    13
38.6041    12
38.6141    14
38.6241    20
38.6341     6
38.6441    16
38.6541     4
38.6641     8
38.6741     9
38.6841    12
38.6941     8
38.7041    13
38.7141    15
38.7241    14
38.7341    15
38.7441    15
38.7541    12
38.7641    10
38.7741    12
38.7841     7
38.7941     9
38.8041     4
38.8141     7
38.8241     9
38.8341     5
38.8441     9
38.8541     3
38.8641    10
38.8741    13
38.8841    16
38.8941     8
38.9041     8
38.9141    11
38.9241     9
38.9341    12
38.9441    10
38.9541    10
38.9641    17
38.9741     5
38.9841    11
38.9941     9
39.0041    11
39.0141    14
39.0241    13
39.0341     5
39.0441    10
39.0541    13
39.0641    10
39.0741    12
39.0841    11
39.0941    11
39.1041     7
39.1141    10
39.1241    10
39.1341    13
39.1441    10
39.1541     8
39.1641     9
39.1741     6
39.1841    14
39.1941    10
39.2041     3
39.2141     7
39.2241    11
39.2341     7
39.2441     5
39.2541     3
39.2641     9
39.2741     8
39.2841     9
39.2941     9
39.3041     4
39.3141    10
39.3241    12
39.3341     7
39.3441    12
39.3541    14
39.3641     5
39.3741     8
39.3841     8
39.3941     8
39.4041     6
39.4141    10
39.4241    15
39.4341    11
39.4441    11
39.4541     7
39.4641     4
39.4741     8
39.4841     6
39.4941     8
39.5041     9
39.5141    13
39.5241    11
39.5341    10
39.5441     7
39.5541     7
39.5641    11
39.5741     4
39.5841     4
39.5941     5
39.6041     8
39.6141     5
39.6241     7
39.6341     4
39.6441     8
39.6541    10
39.6641    12
39.6741     6
39.6841    11
39.6941     9
39.7041     8
39.7141     7
39.7241     6
39.7341     5
39.7441     5
39.7541     7
39.7641    11
39.7741     7
39.7841     9
39.7941     7
39.8041     4
39.8141     8
39.8241     7
39.8341     7
39.8441     4
39.8541     6
39.8641     7
39.8741     4
39.8841     7
39.8941     3
39.9041     7
39.9141     4
39.9241     8
39.9341     8
39.9441     6
39.9541    10
39.9641     6
39.9741     6
39.9841     6
