Bruker Nano GmbH Berlin, Germany
Esprit 1.9

Date: 5/14/2021 1:37:30 PM
Real time: 15025
Life time: 14008
Pulse density: 102426


Detector type: XFlash 430
Window type: Custom type
Detector thickness: 0.45
Si dead layer:0.029

Calibration, lin.: 10
Calibration, abs.: -955.9
Mn FWHM: 137.05
Fano factor: 0.121
Channels: 4095

Energy Counts
-0.9559     0
-0.9459     0
-0.9359     0
-0.9259     0
-0.9159     0
-0.9059     0
-0.8959     0
-0.8859     0
-0.8759     0
-0.8659     0
-0.8559     0
-0.8459     0
-0.8359     0
-0.8259     0
-0.8159     0
-0.8059     0
-0.7959     0
-0.7859     0
-0.7759     0
-0.7659     0
-0.7559     0
-0.7459     0
-0.7359     0
-0.7259     0
-0.7159     0
-0.7059     0
-0.6959     0
-0.6859     0
-0.6759     0
-0.6659     0
-0.6559     0
-0.6459     0
-0.6359     0
-0.6259     0
-0.6159     0
-0.6059     0
-0.5959     0
-0.5859     0
-0.5759     0
-0.5659     0
-0.5559     0
-0.5459     0
-0.5359     0
-0.5259     0
-0.5159     0
-0.5059     0
-0.4959     0
-0.4859     0
-0.4759     0
-0.4659     0
-0.4559     0
-0.4459     0
-0.4359     0
-0.4259     0
-0.4159     0
-0.4059     0
-0.3959     0
-0.3859     0
-0.3759     0
-0.3659     0
-0.3559     0
-0.3459     0
-0.3359     0
-0.3259     0
-0.3159     0
-0.3059     0
-0.2959     0
-0.2859     0
-0.2759     0
-0.2659     0
-0.2559     0
-0.2459     0
-0.2359     0
-0.2259     0
-0.2159     0
-0.2059     0
-0.1959     0
-0.1859     0
-0.1759     0
-0.1659     0
-0.1559     0
-0.1459     1
-0.1359     0
-0.1259     0
-0.1159     2
-0.1059     7
-0.0959    36
-0.0859   145
-0.0759   533
-0.0659  1644
-0.0559  3977
-0.0459  8907
-0.0359 16663
-0.0259 26684
-0.0159 36616
-0.0059 43236
 0.0041 43027
 0.0141 37114
 0.0241 27200
 0.0341 17531
 0.0441  9385
 0.0541  4442
 0.0641  1828
 0.0741   617
 0.0841   187
 0.0941    49
 0.1041    15
 0.1141     6
 0.1241     6
 0.1341     5
 0.1441     4
 0.1541     4
 0.1641     1
 0.1741    17
 0.1841   128
 0.1941   218
 0.2041   227
 0.2141   213
 0.2241   214
 0.2341   226
 0.2441   191
 0.2541   208
 0.2641   216
 0.2741   217
 0.2841   221
 0.2941   212
 0.3041   211
 0.3141   184
 0.3241   201
 0.3341   194
 0.3441   198
 0.3541   210
 0.3641   195
 0.3741   195
 0.3841   179
 0.3941   199
 0.4041   201
 0.4141   191
 0.4241   179
 0.4341   192
 0.4441   181
 0.4541   180
 0.4641   186
 0.4741   181
 0.4841   178
 0.4941   172
 0.5041   164
 0.5141   177
 0.5241   176
 0.5341   178
 0.5441   185
 0.5541   173
 0.5641   170
 0.5741   160
 0.5841   163
 0.5941   166
 0.6041   162
 0.6141   171
 0.6241   168
 0.6341   179
 0.6441   163
 0.6541   166
 0.6641   171
 0.6741   167
 0.6841   155
 0.6941   149
 0.7041   151
 0.7141   166
 0.7241   160
 0.7341   150
 0.7441   154
 0.7541   148
 0.7641   148
 0.7741   147
 0.7841   154
 0.7941   151
 0.8041   158
 0.8141   157
 0.8241   159
 0.8341   157
 0.8441   152
 0.8541   144
 0.8641   145
 0.8741   142
 0.8841   135
 0.8941   132
 0.9041   130
 0.9141   136
 0.9241   169
 0.9341   159
 0.9441   138
 0.9541   148
 0.9641   148
 0.9741   127
 0.9841   130
 0.9941   143
 1.0041   140
 1.0141   130
 1.0241   116
 1.0341   129
 1.0441   133
 1.0541   163
 1.0641   136
 1.0741   135
 1.0841   138
 1.0941   140
 1.1041   142
 1.1141   132
 1.1241   131
 1.1341   153
 1.1441   138
 1.1541   148
 1.1641   145
 1.1741   140
 1.1841   144
 1.1941   122
 1.2041   113
 1.2141   137
 1.2241   112
 1.2341   131
 1.2441   137
 1.2541   135
 1.2641   122
 1.2741   120
 1.2841   134
 1.2941   125
 1.3041   131
 1.3141   128
 1.3241   130
 1.3341   134
 1.3441   127
 1.3541   132
 1.3641   113
 1.3741   111
 1.3841   119
 1.3941   124
 1.4041   133
 1.4141   127
 1.4241   126
 1.4341   138
 1.4441   131
 1.4541   118
 1.4641   121
 1.4741   120
 1.4841   133
 1.4941   129
 1.5041   113
 1.5141   138
 1.5241   131
 1.5341   124
 1.5441   129
 1.5541   129
 1.5641   108
 1.5741   116
 1.5841   130
 1.5941   123
 1.6041   127
 1.6141   123
 1.6241   132
 1.6341   134
 1.6441   140
 1.6541   158
 1.6641   173
 1.6741   201
 1.6841   274
 1.6941   349
 1.7041   392
 1.7141   551
 1.7241   512
 1.7341   491
 1.7441   526
 1.7541   531
 1.7641   457
 1.7741   415
 1.7841   327
 1.7941   295
 1.8041   245
 1.8141   208
 1.8241   180
 1.8341   164
 1.8441   156
 1.8541   158
 1.8641   137
 1.8741   144
 1.8841   136
 1.8941   136
 1.9041   131
 1.9141   119
 1.9241   133
 1.9341   126
 1.9441   110
 1.9541   124
 1.9641   140
 1.9741   142
 1.9841   151
 1.9941   164
 2.0041   149
 2.0141   165
 2.0241   178
 2.0341   154
 2.0441   144
 2.0541   133
 2.0641   116
 2.0741   143
 2.0841   116
 2.0941   115
 2.1041   128
 2.1141   145
 2.1241   126
 2.1341   137
 2.1441   133
 2.1541   133
 2.1641   112
 2.1741   112
 2.1841   119
 2.1941   113
 2.2041   107
 2.2141   111
 2.2241   114
 2.2341   106
 2.2441    98
 2.2541   107
 2.2641   104
 2.2741    92
 2.2841   111
 2.2941   103
 2.3041   111
 2.3141   108
 2.3241   111
 2.3341   109
 2.3441   118
 2.3541   102
 2.3641   112
 2.3741   100
 2.3841    86
 2.3941   103
 2.4041   100
 2.4141    96
 2.4241   120
 2.4341    90
 2.4441   100
 2.4541   113
 2.4641    97
 2.4741   104
 2.4841   101
 2.4941    94
 2.5041   100
 2.5141    84
 2.5241   100
 2.5341    97
 2.5441    80
 2.5541    94
 2.5641    97
 2.5741    92
 2.5841    92
 2.5941    90
 2.6041   102
 2.6141    86
 2.6241    94
 2.6341    92
 2.6441    90
 2.6541    90
 2.6641    88
 2.6741    94
 2.6841    95
 2.6941   104
 2.7041    73
 2.7141    95
 2.7241    91
 2.7341    96
 2.7441    93
 2.7541   106
 2.7641    78
 2.7741   112
 2.7841   103
 2.7941    91
 2.8041   104
 2.8141    94
 2.8241    96
 2.8341   101
 2.8441    79
 2.8541   104
 2.8641    88
 2.8741    86
 2.8841    75
 2.8941    91
 2.9041    80
 2.9141    93
 2.9241   107
 2.9341    95
 2.9441    89
 2.9541    86
 2.9641   105
 2.9741    74
 2.9841    86
 2.9941    91
 3.0041    96
 3.0141    89
 3.0241    80
 3.0341    85
 3.0441    85
 3.0541    77
 3.0641    68
 3.0741    72
 3.0841    71
 3.0941    77
 3.1041    77
 3.1141    71
 3.1241    83
 3.1341    71
 3.1441    78
 3.1541    78
 3.1641    91
 3.1741    82
 3.1841    92
 3.1941    89
 3.2041    82
 3.2141    84
 3.2241   106
 3.2341   123
 3.2441   135
 3.2541   131
 3.2641   159
 3.2741   187
 3.2841   165
 3.2941   215
 3.3041   213
 3.3141   206
 3.3241   205
 3.3341   227
 3.3441   212
 3.3541   161
 3.3641   151
 3.3741   138
 3.3841   118
 3.3941    95
 3.4041   105
 3.4141    90
 3.4241    76
 3.4341    77
 3.4441    70
 3.4541    62
 3.4641    81
 3.4741    79
 3.4841    78
 3.4941    81
 3.5041    69
 3.5141    80
 3.5241   100
 3.5341    96
 3.5441   116
 3.5541   100
 3.5641   121
 3.5741   143
 3.5841   181
 3.5941   199
 3.6041   249
 3.6141   323
 3.6241   393
 3.6341   463
 3.6441   582
 3.6541   664
 3.6641   724
 3.6741   761
 3.6841   857
 3.6941   824
 3.7041   796
 3.7141   710
 3.7241   671
 3.7341   557
 3.7441   490
 3.7541   330
 3.7641   321
 3.7741   216
 3.7841   176
 3.7941   115
 3.8041   113
 3.8141    84
 3.8241    78
 3.8341    75
 3.8441    87
 3.8541    74
 3.8641    60
 3.8741    71
 3.8841    75
 3.8941    64
 3.9041    82
 3.9141    82
 3.9241    95
 3.9341   103
 3.9441    96
 3.9541   109
 3.9641   113
 3.9741   156
 3.9841   151
 3.9941   159
 4.0041   174
 4.0141   151
 4.0241   157
 4.0341   143
 4.0441   128
 4.0541   124
 4.0641   126
 4.0741   118
 4.0841    98
 4.0941    92
 4.1041    70
 4.1141    71
 4.1241    67
 4.1341    80
 4.1441    64
 4.1541    54
 4.1641    51
 4.1741    62
 4.1841    59
 4.1941    68
 4.2041    48
 4.2141    52
 4.2241    51
 4.2341    54
 4.2441    58
 4.2541    47
 4.2641    56
 4.2741    63
 4.2841    57
 4.2941    62
 4.3041    57
 4.3141    57
 4.3241    54
 4.3341    53
 4.3441    53
 4.3541    68
 4.3641    88
 4.3741    80
 4.3841    95
 4.3941    97
 4.4041   125
 4.4141   126
 4.4241   161
 4.4341   202
 4.4441   270
 4.4541   279
 4.4641   321
 4.4741   362
 4.4841   432
 4.4941   426
 4.5041   377
 4.5141   431
 4.5241   416
 4.5341   381
 4.5441   344
 4.5541   310
 4.5641   281
 4.5741   232
 4.5841   214
 4.5941   157
 4.6041   149
 4.6141   114
 4.6241    95
 4.6341    76
 4.6441    85
 4.6541    99
 4.6641    57
 4.6741    73
 4.6841    61
 4.6941    57
 4.7041    66
 4.7141    59
 4.7241    53
 4.7341    67
 4.7441    59
 4.7541    76
 4.7641    71
 4.7741    83
 4.7841    95
 4.7941    96
 4.8041    85
 4.8141   102
 4.8241   104
 4.8341   106
 4.8441   112
 4.8541   108
 4.8641   133
 4.8741   114
 4.8841   131
 4.8941   140
 4.9041   140
 4.9141   159
 4.9241   138
 4.9341   146
 4.9441   137
 4.9541   124
 4.9641   137
 4.9741   125
 4.9841    98
 4.9941   122
 5.0041    99
 5.0141    96
 5.0241    86
 5.0341    87
 5.0441    73
 5.0541    70
 5.0641    77
 5.0741    74
 5.0841    63
 5.0941    70
 5.1041    77
 5.1141    80
 5.1241    66
 5.1341    74
 5.1441    79
 5.1541    80
 5.1641    79
 5.1741    75
 5.1841    72
 5.1941    77
 5.2041    69
 5.2141    71
 5.2241    61
 5.2341    80
 5.2441    67
 5.2541    70
 5.2641    63
 5.2741    62
 5.2841    69
 5.2941    73
 5.3041    76
 5.3141    81
 5.3241    89
 5.3341    79
 5.3441    67
 5.3541    90
 5.3641    98
 5.3741    97
 5.3841    97
 5.3941   107
 5.4041   102
 5.4141    96
 5.4241   106
 5.4341    98
 5.4441    97
 5.4541   115
 5.4641   113
 5.4741   107
 5.4841   108
 5.4941   102
 5.5041    98
 5.5141    82
 5.5241    86
 5.5341    71
 5.5441    85
 5.5541    76
 5.5641    85
 5.5741    72
 5.5841    79
 5.5941    71
 5.6041    83
 5.6141    71
 5.6241    89
 5.6341    78
 5.6441    71
 5.6541    80
 5.6641    78
 5.6741    73
 5.6841    82
 5.6941    76
 5.7041    88
 5.7141    83
 5.7241    90
 5.7341    80
 5.7441    97
 5.7541   100
 5.7641   120
 5.7741   126
 5.7841   137
 5.7941   148
 5.8041   191
 5.8141   211
 5.8241   228
 5.8341   282
 5.8441   309
 5.8541   330
 5.8641   358
 5.8741   392
 5.8841   391
 5.8941   381
 5.9041   406
 5.9141   407
 5.9241   371
 5.9341   340
 5.9441   314
 5.9541   277
 5.9641   252
 5.9741   218
 5.9841   185
 5.9941   163
 6.0041   178
 6.0141   129
 6.0241   120
 6.0341   127
 6.0441   125
 6.0541   101
 6.0641   126
 6.0741   131
 6.0841    96
 6.0941    99
 6.1041   129
 6.1141   102
 6.1241   149
 6.1341   151
 6.1441   145
 6.1541   159
 6.1641   177
 6.1741   226
 6.1841   227
 6.1941   297
 6.2041   366
 6.2141   483
 6.2241   690
 6.2341   944
 6.2441  1278
 6.2541  1758
 6.2641  2534
 6.2741  3443
 6.2841  4669
 6.2941  6145
 6.3041  7828
 6.3141 10375
 6.3241 12556
 6.3341 15104
 6.3441 17483
 6.3541 20169
 6.3641 22594
 6.3741 24378
 6.3841 25872
 6.3941 26249
 6.4041 26215
 6.4141 25375
 6.4241 23970
 6.4341 21843
 6.4441 19661
 6.4541 17041
 6.4641 14261
 6.4741 11755
 6.4841  9536
 6.4941  7460
 6.5041  5606
 6.5141  4130
 6.5241  2996
 6.5341  2117
 6.5441  1504
 6.5541  1090
 6.5641   735
 6.5741   499
 6.5841   364
 6.5941   300
 6.6041   215
 6.6141   191
 6.6241   166
 6.6341   154
 6.6441   149
 6.6541   153
 6.6641   154
 6.6741   143
 6.6841   136
 6.6941   149
 6.7041   150
 6.7141   153
 6.7241   133
 6.7341   133
 6.7441   135
 6.7541   138
 6.7641   181
 6.7741   169
 6.7841   165
 6.7941   183
 6.8041   158
 6.8141   180
 6.8241   201
 6.8341   191
 6.8441   220
 6.8541   227
 6.8641   283
 6.8741   297
 6.8841   370
 6.8941   435
 6.9041   511
 6.9141   630
 6.9241   822
 6.9341   992
 6.9441  1240
 6.9541  1471
 6.9641  1755
 6.9741  2144
 6.9841  2482
 6.9941  2865
 7.0041  3349
 7.0141  3792
 7.0241  3885
 7.0341  4202
 7.0441  4390
 7.0541  4397
 7.0641  4301
 7.0741  4191
 7.0841  3892
 7.0941  3552
 7.1041  3270
 7.1141  2840
 7.1241  2433
 7.1341  2120
 7.1441  1690
 7.1541  1277
 7.1641  1056
 7.1741   813
 7.1841   659
 7.1941   475
 7.2041   391
 7.2141   298
 7.2241   246
 7.2341   236
 7.2441   155
 7.2541   171
 7.2641   155
 7.2741   133
 7.2841   161
 7.2941   162
 7.3041   147
 7.3141   161
 7.3241   167
 7.3341   153
 7.3441   187
 7.3541   200
 7.3641   214
 7.3741   189
 7.3841   203
 7.3941   199
 7.4041   230
 7.4141   244
 7.4241   237
 7.4341   246
 7.4441   212
 7.4541   197
 7.4641   233
 7.4741   190
 7.4841   182
 7.4941   197
 7.5041   183
 7.5141   160
 7.5241   202
 7.5341   175
 7.5441   165
 7.5541   135
 7.5641   160
 7.5741   145
 7.5841   150
 7.5941   136
 7.6041   129
 7.6141   135
 7.6241   125
 7.6341   139
 7.6441   152
 7.6541   145
 7.6641   157
 7.6741   164
 7.6841   143
 7.6941   165
 7.7041   131
 7.7141   168
 7.7241   173
 7.7341   158
 7.7441   162
 7.7541   173
 7.7641   138
 7.7741   166
 7.7841   173
 7.7941   162
 7.8041   188
 7.8141   183
 7.8241   201
 7.8341   191
 7.8441   206
 7.8541   187
 7.8641   199
 7.8741   237
 7.8841   239
 7.8941   206
 7.9041   228
 7.9141   261
 7.9241   289
 7.9341   270
 7.9441   296
 7.9541   291
 7.9641   335
 7.9741   373
 7.9841   374
 7.9941   418
 8.0041   425
 8.0141   467
 8.0241   482
 8.0341   539
 8.0441   555
 8.0541   631
 8.0641   611
 8.0741   687
 8.0841   689
 8.0941   731
 8.1041   770
 8.1141   832
 8.1241   879
 8.1341   871
 8.1441   899
 8.1541   947
 8.1641   950
 8.1741   936
 8.1841   947
 8.1941   955
 8.2041   927
 8.2141   996
 8.2241  1071
 8.2341  1069
 8.2441  1101
 8.2541  1081
 8.2641  1146
 8.2741  1208
 8.2841  1296
 8.2941  1482
 8.3041  1600
 8.3141  1748
 8.3241  1815
 8.3341  2013
 8.3441  2086
 8.3541  2262
 8.3641  2366
 8.3741  2402
 8.3841  2450
 8.3941  2444
 8.4041  2371
 8.4141  2350
 8.4241  2216
 8.4341  2097
 8.4441  1943
 8.4541  1671
 8.4641  1463
 8.4741  1280
 8.4841  1094
 8.4941   959
 8.5041   798
 8.5141   670
 8.5241   558
 8.5341   464
 8.5441   411
 8.5541   357
 8.5641   333
 8.5741   307
 8.5841   283
 8.5941   299
 8.6041   305
 8.6141   295
 8.6241   290
 8.6341   280
 8.6441   302
 8.6541   306
 8.6641   268
 8.6741   275
 8.6841   276
 8.6941   247
 8.7041   236
 8.7141   243
 8.7241   241
 8.7341   223
 8.7441   220
 8.7541   224
 8.7641   213
 8.7741   241
 8.7841   219
 8.7941   223
 8.8041   192
 8.8141   192
 8.8241   204
 8.8341   196
 8.8441   195
 8.8541   199
 8.8641   220
 8.8741   215
 8.8841   223
 8.8941   216
 8.9041   248
 8.9141   231
 8.9241   208
 8.9341   226
 8.9441   221
 8.9541   230
 8.9641   240
 8.9741   251
 8.9841   241
 8.9941   244
 9.0041   272
 9.0141   248
 9.0241   261
 9.0341   277
 9.0441   254
 9.0541   284
 9.0641   310
 9.0741   321
 9.0841   294
 9.0941   319
 9.1041   333
 9.1141   368
 9.1241   382
 9.1341   381
 9.1441   379
 9.1541   407
 9.1641   480
 9.1741   458
 9.1841   463
 9.1941   479
 9.2041   500
 9.2141   539
 9.2241   581
 9.2341   576
 9.2441   624
 9.2541   613
 9.2641   657
 9.2741   713
 9.2841   776
 9.2941   780
 9.3041   812
 9.3141   800
 9.3241   854
 9.3341   855
 9.3441   877
 9.3541   871
 9.3641   866
 9.3741   910
 9.3841   939
 9.3941   976
 9.4041   950
 9.4141  1015
 9.4241   987
 9.4341   991
 9.4441   971
 9.4541  1010
 9.4641  1071
 9.4741  1015
 9.4841  1029
 9.4941  1065
 9.5041  1081
 9.5141  1111
 9.5241  1163
 9.5341  1168
 9.5441  1271
 9.5541  1338
 9.5641  1413
 9.5741  1456
 9.5841  1554
 9.5941  1596
 9.6041  1695
 9.6141  1845
 9.6241  1952
 9.6341  1899
 9.6441  2001
 9.6541  2101
 9.6641  2066
 9.6741  2021
 9.6841  2006
 9.6941  1899
 9.7041  1878
 9.7141  1780
 9.7241  1691
 9.7341  1614
 9.7441  1463
 9.7541  1323
 9.7641  1295
 9.7741  1157
 9.7841  1035
 9.7941   995
 9.8041   921
 9.8141   862
 9.8241   862
 9.8341   872
 9.8441   818
 9.8541   775
 9.8641   747
 9.8741   823
 9.8841   809
 9.8941   863
 9.9041   820
 9.9141   846
 9.9241   914
 9.9341   925
 9.9441   869
 9.9541   887
 9.9641   865
 9.9741   845
 9.9841   839
 9.9941   787
10.0041   758
10.0141   701
10.0241   624
10.0341   563
10.0441   513
10.0541   461
10.0641   427
10.0741   373
10.0841   335
10.0941   316
10.1041   280
10.1141   247
10.1241   231
10.1341   200
10.1441   211
10.1541   182
10.1641   188
10.1741   170
10.1841   157
10.1941   174
10.2041   157
10.2141   151
10.2241   145
10.2341   135
10.2441   132
10.2541   135
10.2641   131
10.2741   138
10.2841   118
10.2941   124
10.3041   116
10.3141   117
10.3241   113
10.3341   104
10.3441   110
10.3541   118
10.3641   130
10.3741   111
10.3841   102
10.3941   117
10.4041   138
10.4141   125
10.4241   118
10.4341   130
10.4441   130
10.4541   126
10.4641   133
10.4741   125
10.4841   113
10.4941   107
10.5041   143
10.5141   152
10.5241   161
10.5341   150
10.5441   140
10.5541   138
10.5641   147
10.5741   153
10.5841   153
10.5941   150
10.6041   142
10.6141   131
10.6241   114
10.6341   130
10.6441   142
10.6541   151
10.6641   153
10.6741   155
10.6841   151
10.6941   170
10.7041   148
10.7141   164
10.7241   152
10.7341   150
10.7441   165
10.7541   171
10.7641   153
10.7741   171
10.7841   173
10.7941   187
10.8041   193
10.8141   196
10.8241   215
10.8341   210
10.8441   188
10.8541   198
10.8641   205
10.8741   210
10.8841   192
10.8941   192
10.9041   215
10.9141   212
10.9241   221
10.9341   219
10.9441   206
10.9541   238
10.9641   249
10.9741   209
10.9841   189
10.9941   175
11.0041   178
11.0141   175
11.0241   177
11.0341   190
11.0441   203
11.0541   194
11.0641   179
11.0741   162
11.0841   183
11.0941   182
11.1041   181
11.1141   177
11.1241   173
11.1341   167
11.1441   197
11.1541   193
11.1641   212
11.1741   217
11.1841   226
11.1941   251
11.2041   227
11.2141   237
11.2241   256
11.2341   273
11.2441   275
11.2541   274
11.2641   273
11.2741   298
11.2841   299
11.2941   307
11.3041   285
11.3141   300
11.3241   281
11.3341   250
11.3441   254
11.3541   231
11.3641   231
11.3741   217
11.3841   200
11.3941   186
11.4041   189
11.4141   192
11.4241   171
11.4341   169
11.4441   142
11.4541   162
11.4641   170
11.4741   160
11.4841   136
11.4941   146
11.5041   144
11.5141   129
11.5241   130
11.5341   142
11.5441   143
11.5541   151
11.5641   152
11.5741   144
11.5841   151
11.5941   148
11.6041   153
11.6141   155
11.6241   145
11.6341   143
11.6441   160
11.6541   145
11.6641   144
11.6741   149
11.6841   145
11.6941   133
11.7041   147
11.7141   143
11.7241   136
11.7341   143
11.7441   141
11.7541   128
11.7641   118
11.7741   114
11.7841   112
11.7941   109
11.8041   108
11.8141   106
11.8241   116
11.8341   106
11.8441   116
11.8541   112
11.8641   111
11.8741   118
11.8841   115
11.8941   111
11.9041   111
11.9141   110
11.9241   110
11.9341   105
11.9441   110
11.9541   120
11.9641   122
11.9741   109
11.9841   103
11.9941    93
12.0041    99
12.0141   106
12.0241   108
12.0341   117
12.0441   113
12.0541   112
12.0641   108
12.0741   107
12.0841   112
12.0941   110
12.1041   105
12.1141   112
12.1241   118
12.1341   119
12.1441   107
12.1541   107
12.1641   113
12.1741   115
12.1841   109
12.1941   115
12.2041   104
12.2141    97
12.2241    97
12.2341   111
12.2441   117
12.2541   100
12.2641    97
12.2741   106
12.2841   102
12.2941   104
12.3041    99
12.3141    93
12.3241    95
12.3341   115
12.3441   111
12.3541    99
12.3641    99
12.3741   103
12.3841    99
12.3941    94
12.4041   106
12.4141   105
12.4241    96
12.4341   103
12.4441   100
12.4541   107
12.4641    98
12.4741    86
12.4841    95
12.4941   100
12.5041   108
12.5141   113
12.5241   105
12.5341   103
12.5441   115
12.5541   131
12.5641   128
12.5741   118
12.5841   117
12.5941   129
12.6041   124
12.6141   130
12.6241   137
12.6341   130
12.6441   129
12.6541   127
12.6641   122
12.6741   122
12.6841   122
12.6941   125
12.7041   132
12.7141   133
12.7241   129
12.7341   130
12.7441   134
12.7541   131
12.7641   122
12.7741   117
12.7841   115
12.7941   122
12.8041   131
12.8141   133
12.8241   127
12.8341   120
12.8441   112
12.8541   110
12.8641   113
12.8741   118
12.8841   124
12.8941   130
12.9041   130
12.9141   124
12.9241   123
12.9341   126
12.9441   125
12.9541   117
12.9641   111
12.9741   110
12.9841   103
12.9941   116
13.0041   127
13.0141   118
13.0241   118
13.0341   120
13.0441   127
13.0541   135
13.0641   118
13.0741   133
13.0841   137
13.0941   142
13.1041   142
13.1141   121
13.1241   120
13.1341   132
13.1441   131
13.1541   132
13.1641   149
13.1741   152
13.1841   144
13.1941   151
13.2041   142
13.2141   150
13.2241   168
13.2341   155
13.2441   170
13.2541   181
13.2641   178
13.2741   189
13.2841   191
13.2941   208
13.3041   219
13.3141   221
13.3241   250
13.3341   253
13.3441   246
13.3541   252
13.3641   252
13.3741   254
13.3841   257
13.3941   247
13.4041   237
13.4141   237
13.4241   235
13.4341   228
13.4441   217
13.4541   205
13.4641   200
13.4741   200
13.4841   193
13.4941   186
13.5041   188
13.5141   188
13.5241   177
13.5341   170
13.5441   168
13.5541   160
13.5641   157
13.5741   166
13.5841   168
13.5941   158
13.6041   148
13.6141   143
13.6241   150
13.6341   158
13.6441   150
13.6541   145
13.6641   135
13.6741   136
13.6841   152
13.6941   152
13.7041   155
13.7141   153
13.7241   141
13.7341   149
13.7441   150
13.7541   148
13.7641   137
13.7741   127
13.7841   135
13.7941   143
13.8041   155
13.8141   142
13.8241   139
13.8341   154
13.8441   146
13.8541   143
13.8641   149
13.8741   165
13.8841   170
13.8941   160
13.9041   165
13.9141   168
13.9241   173
13.9341   179
13.9441   183
13.9541   192
13.9641   201
13.9741   217
13.9841   237
13.9941   252
14.0041   264
14.0141   278
14.0241   295
14.0341   320
14.0441   352
14.0541   382
14.0641   399
14.0741   414
14.0841   430
14.0941   445
14.1041   456
14.1141   469
14.1241   485
14.1341   501
14.1441   518
14.1541   521
14.1641   500
14.1741   484
14.1841   496
14.1941   480
14.2041   462
14.2141   453
14.2241   413
14.2341   375
14.2441   349
14.2541   335
14.2641   312
14.2741   296
14.2841   270
14.2941   248
14.3041   234
14.3141   220
14.3241   197
14.3341   183
14.3441   181
14.3541   184
14.3641   197
14.3741   192
14.3841   181
14.3941   166
14.4041   171
14.4141   174
14.4241   159
14.4341   170
14.4441   183
14.4541   171
14.4641   170
14.4741   178
14.4841   169
14.4941   163
14.5041   168
14.5141   163
14.5241   164
14.5341   162
14.5441   159
14.5541   165
14.5641   172
14.5741   174
14.5841   170
14.5941   166
14.6041   167
14.6141   193
14.6241   170
14.6341   148
14.6441   184
14.6541   192
14.6641   173
14.6741   171
14.6841   184
14.6941   189
14.7041   177
14.7141   170
14.7241   181
14.7341   186
14.7441   178
14.7541   174
14.7641   181
14.7741   193
14.7841   193
14.7941   179
14.8041   191
14.8141   197
14.8241   195
14.8341   192
14.8441   181
14.8541   180
14.8641   191
14.8741   203
14.8841   208
14.8941   208
14.9041   217
14.9141   223
14.9241   216
14.9341   233
14.9441   235
14.9541   232
14.9641   218
14.9741   214
14.9841   236
14.9941   226
15.0041   219
15.0141   209
15.0241   217
15.0341   218
15.0441   215
15.0541   202
15.0641   204
15.0741   205
15.0841   201
15.0941   202
15.1041   206
15.1141   218
15.1241   206
15.1341   196
15.1441   196
15.1541   189
15.1641   194
15.1741   191
15.1841   190
15.1941   203
15.2041   197
15.2141   191
15.2241   196
15.2341   198
15.2441   181
15.2541   191
15.2641   194
15.2741   215
15.2841   227
15.2941   209
15.3041   193
15.3141   191
15.3241   194
15.3341   180
15.3441   194
15.3541   204
15.3641   205
15.3741   212
15.3841   215
15.3941   202
15.4041   189
15.4141   203
15.4241   210
15.4341   196
15.4441   198
15.4541   215
15.4641   223
15.4741   219
15.4841   211
15.4941   214
15.5041   222
15.5141   238
15.5241   238
15.5341   233
15.5441   228
15.5541   240
15.5641   245
15.5741   244
15.5841   268
15.5941   269
15.6041   252
15.6141   268
15.6241   308
15.6341   310
15.6441   302
15.6541   328
15.6641   333
15.6741   351
15.6841   359
15.6941   358
15.7041   387
15.7141   394
15.7241   382
15.7341   389
15.7441   394
15.7541   416
15.7641   432
15.7741   418
15.7841   412
15.7941   409
15.8041   426
15.8141   411
15.8241   408
15.8341   405
15.8441   386
15.8541   353
15.8641   325
15.8741   324
15.8841   332
15.8941   330
15.9041   333
15.9141   301
15.9241   277
15.9341   281
15.9441   272
15.9541   257
15.9641   259
15.9741   258
15.9841   253
15.9941   264
16.0041   251
16.0141   266
16.0241   262
16.0341   238
16.0441   234
16.0541   232
16.0641   229
16.0741   238
16.0841   246
16.0941   232
16.1041   221
16.1141   218
16.1241   249
16.1341   231
16.1441   232
16.1541   245
16.1641   233
16.1741   224
16.1841   232
16.1941   239
16.2041   225
16.2141   238
16.2241   240
16.2341   241
16.2441   237
16.2541   229
16.2641   239
16.2741   245
16.2841   241
16.2941   247
16.3041   246
16.3141   262
16.3241   247
16.3341   232
16.3441   243
16.3541   256
16.3641   247
16.3741   238
16.3841   220
16.3941   222
16.4041   235
16.4141   251
16.4241   256
16.4341   258
16.4441   263
16.4541   256
16.4641   258
16.4741   252
16.4841   252
16.4941   257
16.5041   243
16.5141   245
16.5241   256
16.5341   254
16.5441   263
16.5541   266
16.5641   265
16.5741   270
16.5841   253
16.5941   254
16.6041   258
16.6141   251
16.6241   260
16.6341   274
16.6441   283
16.6541   264
16.6641   249
16.6741   258
16.6841   259
16.6941   260
16.7041   275
16.7141   279
16.7241   269
16.7341   271
16.7441   252
16.7541   263
16.7641   257
16.7741   262
16.7841   274
16.7941   265
16.8041   261
16.8141   243
16.8241   246
16.8341   254
16.8441   260
16.8541   262
16.8641   265
16.8741   264
16.8841   243
16.8941   234
16.9041   256
16.9141   271
16.9241   264
16.9341   260
16.9441   259
16.9541   280
16.9641   273
16.9741   265
16.9841   267
16.9941   269
17.0041   280
17.0141   293
17.0241   291
17.0341   267
17.0441   253
17.0541   270
17.0641   255
17.0741   256
17.0841   279
17.0941   285
17.1041   281
17.1141   287
17.1241   291
17.1341   281
17.1441   263
17.1541   259
17.1641   269
17.1741   266
17.1841   268
17.1941   281
17.2041   251
17.2141   294
17.2241   280
17.2341   261
17.2441   260
17.2541   276
17.2641   276
17.2741   273
17.2841   269
17.2941   282
17.3041   298
17.3141   281
17.3241   274
17.3341   286
17.3441   308
17.3541   313
17.3641   279
17.3741   282
17.3841   285
17.3941   289
17.4041   299
17.4141   280
17.4241   283
17.4341   288
17.4441   289
17.4541   306
17.4641   293
17.4741   280
17.4841   289
17.4941   297
17.5041   281
17.5141   323
17.5241   323
17.5341   303
17.5441   317
17.5541   315
17.5641   303
17.5741   292
17.5841   294
17.5941   302
17.6041   298
17.6141   309
17.6241   292
17.6341   318
17.6441   310
17.6541   319
17.6641   325
17.6741   306
17.6841   320
17.6941   324
17.7041   309
17.7141   297
17.7241   310
17.7341   328
17.7441   339
17.7541   303
17.7641   294
17.7741   322
17.7841   304
17.7941   291
17.8041   317
17.8141   314
17.8241   299
17.8341   304
17.8441   322
17.8541   308
17.8641   318
17.8741   337
17.8841   294
17.8941   284
17.9041   293
17.9141   292
17.9241   330
17.9341   318
17.9441   299
17.9541   302
17.9641   334
17.9741   346
17.9841   317
17.9941   296
18.0041   296
18.0141   294
18.0241   293
18.0341   304
18.0441   315
18.0541   308
18.0641   324
18.0741   308
18.0841   289
18.0941   317
18.1041   288
18.1141   285
18.1241   287
18.1341   307
18.1441   325
18.1541   312
18.1641   329
18.1741   338
18.1841   338
18.1941   327
18.2041   296
18.2141   308
18.2241   316
18.2341   311
18.2441   314
18.2541   308
18.2641   311
18.2741   315
18.2841   324
18.2941   316
18.3041   320
18.3141   351
18.3241   355
18.3341   326
18.3441   332
18.3541   312
18.3641   320
18.3741   323
18.3841   304
18.3941   331
18.4041   326
18.4141   336
18.4241   302
18.4341   315
18.4441   351
18.4541   328
18.4641   318
18.4741   321
18.4841   333
18.4941   323
18.5041   335
18.5141   330
18.5241   315
18.5341   341
18.5441   339
18.5541   308
18.5641   339
18.5741   303
18.5841   328
18.5941   317
18.6041   317
18.6141   347
18.6241   341
18.6341   356
18.6441   350
18.6541   341
18.6641   326
18.6741   342
18.6841   333
18.6941   338
18.7041   354
18.7141   327
18.7241   348
18.7341   319
18.7441   319
18.7541   353
18.7641   345
18.7741   343
18.7841   368
18.7941   362
18.8041   328
18.8141   318
18.8241   314
18.8341   318
18.8441   327
18.8541   349
18.8641   372
18.8741   368
18.8841   359
18.8941   346
18.9041   349
18.9141   353
18.9241   358
18.9341   356
18.9441   364
18.9541   370
18.9641   344
18.9741   346
18.9841   322
18.9941   334
19.0041   324
19.0141   352
19.0241   335
19.0341   365
19.0441   376
19.0541   343
19.0641   307
19.0741   323
19.0841   331
19.0941   350
19.1041   334
19.1141   341
19.1241   340
19.1341   344
19.1441   327
19.1541   327
19.1641   354
19.1741   339
19.1841   338
19.1941   333
19.2041   381
19.2141   375
19.2241   345
19.2341   338
19.2441   344
19.2541   354
19.2641   339
19.2741   359
19.2841   373
19.2941   354
19.3041   334
19.3141   353
19.3241   358
19.3341   356
19.3441   365
19.3541   345
19.3641   344
19.3741   367
19.3841   348
19.3941   359
19.4041   395
19.4141   353
19.4241   362
19.4341   371
19.4441   379
19.4541   344
19.4641   368
19.4741   378
19.4841   362
19.4941   362
19.5041   325
19.5141   334
19.5241   325
19.5341   363
19.5441   359
19.5541   368
19.5641   347
19.5741   351
19.5841   337
19.5941   335
19.6041   336
19.6141   356
19.6241   369
19.6341   359
19.6441   329
19.6541   377
19.6641   425
19.6741   365
19.6841   346
19.6941   345
19.7041   330
19.7141   344
19.7241   353
19.7341   366
19.7441   370
19.7541   347
19.7641   351
19.7741   368
19.7841   364
19.7941   377
19.8041   383
19.8141   385
19.8241   383
19.8341   350
19.8441   333
19.8541   329
19.8641   368
19.8741   382
19.8841   362
19.8941   369
19.9041   369
19.9141   373
19.9241   368
19.9341   354
19.9441   371
19.9541   383
19.9641   369
19.9741   363
19.9841   388
19.9941   380
20.0041   373
20.0141   400
20.0241   383
20.0341   369
20.0441   372
20.0541   393
20.0641   364
20.0741   348
20.0841   359
20.0941   367
20.1041   371
20.1141   393
20.1241   363
20.1341   342
20.1441   344
20.1541   392
20.1641   359
20.1741   355
20.1841   403
20.1941   376
20.2041   362
20.2141   351
20.2241   404
20.2341   379
20.2441   394
20.2541   358
20.2641   353
20.2741   344
20.2841   377
20.2941   370
20.3041   361
20.3141   372
20.3241   341
20.3341   375
20.3441   384
20.3541   391
20.3641   390
20.3741   381
20.3841   363
20.3941   373
20.4041   391
20.4141   413
20.4241   388
20.4341   389
20.4441   355
20.4541   413
20.4641   406
20.4741   350
20.4841   372
20.4941   374
20.5041   383
20.5141   365
20.5241   364
20.5341   383
20.5441   389
20.5541   364
20.5641   374
20.5741   357
20.5841   380
20.5941   395
20.6041   390
20.6141   356
20.6241   374
20.6341   369
20.6441   390
20.6541   394
20.6641   370
20.6741   386
20.6841   404
20.6941   395
20.7041   379
20.7141   398
20.7241   374
20.7341   389
20.7441   368
20.7541   380
20.7641   374
20.7741   398
20.7841   417
20.7941   412
20.8041   395
20.8141   401
20.8241   411
20.8341   408
20.8441   422
20.8541   416
20.8641   432
20.8741   406
20.8841   460
20.8941   424
20.9041   476
20.9141   447
20.9241   469
20.9341   456
20.9441   496
20.9541   483
20.9641   484
20.9741   494
20.9841   487
20.9941   517
21.0041   469
21.0141   529
21.0241   548
21.0341   525
21.0441   532
21.0541   536
21.0641   595
21.0741   579
21.0841   558
21.0941   610
21.1041   616
21.1141   580
21.1241   577
21.1341   612
21.1441   593
21.1541   595
21.1641   590
21.1741   584
21.1841   563
21.1941   605
21.2041   579
21.2141   558
21.2241   539
21.2341   510
21.2441   514
21.2541   490
21.2641   475
21.2741   471
21.2841   485
21.2941   483
21.3041   430
21.3141   475
21.3241   454
21.3341   440
21.3441   443
21.3541   393
21.3641   404
21.3741   397
21.3841   407
21.3941   334
21.4041   414
21.4141   378
21.4241   424
21.4341   404
21.4441   398
21.4541   379
21.4641   382
21.4741   417
21.4841   402
21.4941   402
21.5041   374
21.5141   410
21.5241   392
21.5341   378
21.5441   377
21.5541   355
21.5641   409
21.5741   415
21.5841   388
21.5941   385
21.6041   373
21.6141   375
21.6241   393
21.6341   393
21.6441   391
21.6541   411
21.6641   374
21.6741   369
21.6841   405
21.6941   387
21.7041   369
21.7141   385
21.7241   407
21.7341   349
21.7441   389
21.7541   397
21.7641   349
21.7741   372
21.7841   368
21.7941   362
21.8041   372
21.8141   361
21.8241   413
21.8341   377
21.8441   376
21.8541   383
21.8641   396
21.8741   397
21.8841   401
21.8941   368
21.9041   401
21.9141   390
21.9241   399
21.9341   386
21.9441   386
21.9541   357
21.9641   395
21.9741   366
21.9841   393
21.9941   399
22.0041   401
22.0141   390
22.0241   402
22.0341   379
22.0441   382
22.0541   371
22.0641   403
22.0741   400
22.0841   396
22.0941   396
22.1041   406
22.1141   386
22.1241   404
22.1341   402
22.1441   404
22.1541   411
22.1641   392
22.1741   379
22.1841   361
22.1941   380
22.2041   412
22.2141   418
22.2241   406
22.2341   426
22.2441   363
22.2541   394
22.2641   412
22.2741   412
22.2841   377
22.2941   407
22.3041   426
22.3141   407
22.3241   393
22.3341   387
22.3441   394
22.3541   398
22.3641   355
22.3741   373
22.3841   387
22.3941   411
22.4041   362
22.4141   403
22.4241   403
22.4341   403
22.4441   417
22.4541   386
22.4641   410
22.4741   369
22.4841   381
22.4941   408
22.5041   385
22.5141   377
22.5241   398
22.5341   370
22.5441   385
22.5541   395
22.5641   420
22.5741   385
22.5841   384
22.5941   389
22.6041   378
22.6141   378
22.6241   375
22.6341   387
22.6441   393
22.6541   390
22.6641   376
22.6741   386
22.6841   375
22.6941   403
22.7041   380
22.7141   409
22.7241   372
22.7341   360
22.7441   365
22.7541   392
22.7641   376
22.7741   410
22.7841   362
22.7941   359
22.8041   362
22.8141   360
22.8241   387
22.8341   395
22.8441   409
22.8541   425
22.8641   370
22.8741   386
22.8841   391
22.8941   364
22.9041   369
22.9141   386
22.9241   377
22.9341   388
22.9441   414
22.9541   422
22.9641   394
22.9741   410
22.9841   384
22.9941   396
23.0041   360
23.0141   376
23.0241   417
23.0341   377
23.0441   377
23.0541   386
23.0641   381
23.0741   391
23.0841   386
23.0941   370
23.1041   365
23.1141   393
23.1241   386
23.1341   358
23.1441   380
23.1541   394
23.1641   376
23.1741   377
23.1841   379
23.1941   352
23.2041   398
23.2141   397
23.2241   389
23.2341   406
23.2441   425
23.2541   410
23.2641   395
23.2741   383
23.2841   418
23.2941   356
23.3041   355
23.3141   377
23.3241   375
23.3341   385
23.3441   386
23.3541   391
23.3641   389
23.3741   408
23.3841   369
23.3941   389
23.4041   371
23.4141   348
23.4241   393
23.4341   378
23.4441   384
23.4541   369
23.4641   386
23.4741   360
23.4841   354
23.4941   358
23.5041   360
23.5141   365
23.5241   387
23.5341   370
23.5441   351
23.5541   364
23.5641   401
23.5741   378
23.5841   388
23.5941   364
23.6041   394
23.6141   413
23.6241   342
23.6341   414
23.6441   375
23.6541   377
23.6641   364
23.6741   391
23.6841   372
23.6941   406
23.7041   404
23.7141   358
23.7241   388
23.7341   353
23.7441   391
23.7541   432
23.7641   423
23.7741   384
23.7841   412
23.7941   425
23.8041   388
23.8141   383
23.8241   393
23.8341   407
23.8441   371
23.8541   435
23.8641   373
23.8741   415
23.8841   388
23.8941   403
23.9041   406
23.9141   391
23.9241   374
23.9341   361
23.9441   366
23.9541   391
23.9641   356
23.9741   350
23.9841   379
23.9941   345
24.0041   343
24.0141   371
24.0241   384
24.0341   369
24.0441   353
24.0541   391
24.0641   368
24.0741   379
24.0841   364
24.0941   355
24.1041   361
24.1141   386
24.1241   341
24.1341   367
24.1441   357
24.1541   353
24.1641   346
24.1741   394
24.1841   352
24.1941   392
24.2041   389
24.2141   390
24.2241   393
24.2341   401
24.2441   334
24.2541   364
24.2641   381
24.2741   352
24.2841   367
24.2941   354
24.3041   396
24.3141   390
24.3241   369
24.3341   400
24.3441   354
24.3541   364
24.3641   380
24.3741   328
24.3841   372
24.3941   363
24.4041   356
24.4141   331
24.4241   363
24.4341   377
24.4441   394
24.4541   365
24.4641   374
24.4741   358
24.4841   327
24.4941   330
24.5041   360
24.5141   374
24.5241   375
24.5341   368
24.5441   352
24.5541   356
24.5641   366
24.5741   341
24.5841   342
24.5941   355
24.6041   372
24.6141   372
24.6241   350
24.6341   412
24.6441   363
24.6541   369
24.6641   323
24.6741   364
24.6841   365
24.6941   353
24.7041   329
24.7141   329
24.7241   309
24.7341   354
24.7441   343
24.7541   322
24.7641   354
24.7741   338
24.7841   336
24.7941   395
24.8041   314
24.8141   364
24.8241   353
24.8341   313
24.8441   343
24.8541   349
24.8641   345
24.8741   327
24.8841   351
24.8941   340
24.9041   319
24.9141   341
24.9241   341
24.9341   376
24.9441   381
24.9541   369
24.9641   339
24.9741   370
24.9841   360
24.9941   318
25.0041   374
25.0141   346
25.0241   320
25.0341   330
25.0441   340
25.0541   352
25.0641   364
25.0741   393
25.0841   338
25.0941   379
25.1041   351
25.1141   359
25.1241   352
25.1341   325
25.1441   357
25.1541   335
25.1641   339
25.1741   346
25.1841   380
25.1941   351
25.2041   328
25.2141   315
25.2241   362
25.2341   362
25.2441   375
25.2541   372
25.2641   360
25.2741   329
25.2841   334
25.2941   348
25.3041   372
25.3141   365
25.3241   354
25.3341   350
25.3441   344
25.3541   325
25.3641   355
25.3741   349
25.3841   347
25.3941   366
25.4041   342
25.4141   334
25.4241   321
25.4341   338
25.4441   318
25.4541   343
25.4641   327
25.4741   347
25.4841   349
25.4941   346
25.5041   363
25.5141   349
25.5241   338
25.5341   335
25.5441   331
25.5541   303
25.5641   316
25.5741   317
25.5841   325
25.5941   331
25.6041   327
25.6141   321
25.6241   345
25.6341   338
25.6441   365
25.6541   318
25.6641   349
25.6741   342
25.6841   293
25.6941   329
25.7041   331
25.7141   363
25.7241   337
25.7341   324
25.7441   285
25.7541   324
25.7641   318
25.7741   329
25.7841   302
25.7941   316
25.8041   328
25.8141   336
25.8241   309
25.8341   323
25.8441   326
25.8541   322
25.8641   322
25.8741   320
25.8841   322
25.8941   311
25.9041   296
25.9141   339
25.9241   343
25.9341   300
25.9441   331
25.9541   335
25.9641   328
25.9741   326
25.9841   347
25.9941   295
26.0041   346
26.0141   327
26.0241   322
26.0341   330
26.0441   312
26.0541   330
26.0641   332
26.0741   329
26.0841   309
26.0941   327
26.1041   319
26.1141   324
26.1241   305
26.1341   318
26.1441   292
26.1541   296
26.1641   315
26.1741   288
26.1841   280
26.1941   294
26.2041   292
26.2141   309
26.2241   318
26.2341   290
26.2441   327
26.2541   300
26.2641   305
26.2741   302
26.2841   332
26.2941   325
26.3041   315
26.3141   295
26.3241   325
26.3341   319
26.3441   307
26.3541   322
26.3641   343
26.3741   306
26.3841   291
26.3941   323
26.4041   321
26.4141   287
26.4241   302
26.4341   303
26.4441   316
26.4541   310
26.4641   317
26.4741   311
26.4841   313
26.4941   303
26.5041   295
26.5141   312
26.5241   303
26.5341   274
26.5441   289
26.5541   285
26.5641   272
26.5741   304
26.5841   301
26.5941   303
26.6041   312
26.6141   304
26.6241   285
26.6341   313
26.6441   302
26.6541   292
26.6641   275
26.6741   310
26.6841   334
26.6941   282
26.7041   281
26.7141   323
26.7241   296
26.7341   312
26.7441   299
26.7541   293
26.7641   304
26.7741   300
26.7841   262
26.7941   291
26.8041   284
26.8141   309
26.8241   289
26.8341   305
26.8441   266
26.8541   310
26.8641   261
26.8741   287
26.8841   312
26.8941   305
26.9041   285
26.9141   289
26.9241   298
26.9341   288
26.9441   298
26.9541   316
26.9641   286
26.9741   289
26.9841   292
26.9941   286
27.0041   291
27.0141   289
27.0241   285
27.0341   267
27.0441   298
27.0541   278
27.0641   321
27.0741   311
27.0841   297
27.0941   301
27.1041   278
27.1141   284
27.1241   287
27.1341   289
27.1441   278
27.1541   270
27.1641   294
27.1741   265
27.1841   276
27.1941   294
27.2041   290
27.2141   290
27.2241   296
27.2341   294
27.2441   319
27.2541   280
27.2641   297
27.2741   316
27.2841   254
27.2941   307
27.3041   282
27.3141   293
27.3241   317
27.3341   284
27.3441   303
27.3541   275
27.3641   300
27.3741   318
27.3841   275
27.3941   259
27.4041   293
27.4141   293
27.4241   307
27.4341   288
27.4441   301
27.4541   266
27.4641   274
27.4741   278
27.4841   293
27.4941   295
27.5041   278
27.5141   281
27.5241   285
27.5341   258
27.5441   296
27.5541   300
27.5641   282
27.5741   241
27.5841   260
27.5941   270
27.6041   268
27.6141   263
27.6241   238
27.6341   286
27.6441   259
27.6541   248
27.6641   240
27.6741   278
27.6841   276
27.6941   286
27.7041   277
27.7141   273
27.7241   255
27.7341   258
27.7441   298
27.7541   270
27.7641   291
27.7741   261
27.7841   278
27.7941   273
27.8041   262
27.8141   295
27.8241   294
27.8341   261
27.8441   266
27.8541   240
27.8641   268
27.8741   254
27.8841   257
27.8941   266
27.9041   254
27.9141   262
27.9241   289
27.9341   248
27.9441   265
27.9541   256
27.9641   261
27.9741   259
27.9841   282
27.9941   274
28.0041   272
28.0141   249
28.0241   301
28.0341   275
28.0441   253
28.0541   246
28.0641   259
28.0741   259
28.0841   255
28.0941   242
28.1041   260
28.1141   263
28.1241   237
28.1341   257
28.1441   249
28.1541   238
28.1641   253
28.1741   247
28.1841   255
28.1941   244
28.2041   252
28.2141   280
28.2241   281
28.2341   238
28.2441   217
28.2541   234
28.2641   240
28.2741   226
28.2841   242
28.2941   252
28.3041   255
28.3141   247
28.3241   265
28.3341   236
28.3441   240
28.3541   253
28.3641   290
28.3741   248
28.3841   267
28.3941   280
28.4041   242
28.4141   284
28.4241   249
28.4341   232
28.4441   245
28.4541   274
28.4641   231
28.4741   233
28.4841   263
28.4941   273
28.5041   245
28.5141   253
28.5241   246
28.5341   257
28.5441   237
28.5541   234
28.5641   258
28.5741   211
28.5841   254
28.5941   245
28.6041   239
28.6141   230
28.6241   242
28.6341   213
28.6441   235
28.6541   247
28.6641   234
28.6741   225
28.6841   225
28.6941   225
28.7041   249
28.7141   232
28.7241   256
28.7341   206
28.7441   223
28.7541   246
28.7641   234
28.7741   236
28.7841   245
28.7941   230
28.8041   228
28.8141   227
28.8241   235
28.8341   249
28.8441   219
28.8541   226
28.8641   201
28.8741   221
28.8841   230
28.8941   243
28.9041   259
28.9141   220
28.9241   261
28.9341   224
28.9441   222
28.9541   221
28.9641   257
28.9741   226
28.9841   225
28.9941   221
29.0041   236
29.0141   235
29.0241   228
29.0341   205
29.0441   230
29.0541   235
29.0641   201
29.0741   222
29.0841   208
29.0941   216
29.1041   245
29.1141   242
29.1241   224
29.1341   234
29.1441   227
29.1541   228
29.1641   226
29.1741   216
29.1841   231
29.1941   260
29.2041   221
29.2141   217
29.2241   194
29.2341   225
29.2441   238
29.2541   245
29.2641   220
29.2741   239
29.2841   201
29.2941   247
29.3041   226
29.3141   194
29.3241   243
29.3341   221
29.3441   203
29.3541   216
29.3641   232
29.3741   185
29.3841   234
29.3941   218
29.4041   205
29.4141   213
29.4241   205
29.4341   216
29.4441   239
29.4541   204
29.4641   204
29.4741   207
29.4841   230
29.4941   214
29.5041   228
29.5141   200
29.5241   230
29.5341   228
29.5441   201
29.5541   206
29.5641   227
29.5741   206
29.5841   214
29.5941   194
29.6041   214
29.6141   224
29.6241   210
29.6341   207
29.6441   215
29.6541   200
29.6641   193
29.6741   217
29.6841   209
29.6941   216
29.7041   219
29.7141   208
29.7241   220
29.7341   207
29.7441   194
29.7541   237
29.7641   207
29.7741   203
29.7841   254
29.7941   222
29.8041   225
29.8141   224
29.8241   207
29.8341   210
29.8441   206
29.8541   209
29.8641   201
29.8741   191
29.8841   210
29.8941   192
29.9041   195
29.9141   226
29.9241   192
29.9341   188
29.9441   219
29.9541   211
29.9641   219
29.9741   190
29.9841   183
29.9941   195
30.0041   202
30.0141   210
30.0241   221
30.0341   218
30.0441   200
30.0541   219
30.0641   206
30.0741   202
30.0841   186
30.0941   186
30.1041   201
30.1141   208
30.1241   209
30.1341   199
30.1441   217
30.1541   187
30.1641   185
30.1741   215
30.1841   190
30.1941   224
30.2041   180
30.2141   193
30.2241   202
30.2341   203
30.2441   203
30.2541   211
30.2641   186
30.2741   184
30.2841   219
30.2941   234
30.3041   194
30.3141   192
30.3241   207
30.3341   193
30.3441   186
30.3541   201
30.3641   183
30.3741   202
30.3841   186
30.3941   182
30.4041   184
30.4141   178
30.4241   165
30.4341   203
30.4441   209
30.4541   192
30.4641   231
30.4741   198
30.4841   204
30.4941   182
30.5041   177
30.5141   174
30.5241   167
30.5341   168
30.5441   175
30.5541   176
30.5641   172
30.5741   167
30.5841   193
30.5941   187
30.6041   183
30.6141   192
30.6241   204
30.6341   202
30.6441   184
30.6541   175
30.6641   170
30.6741   201
30.6841   196
30.6941   201
30.7041   166
30.7141   164
30.7241   174
30.7341   196
30.7441   183
30.7541   188
30.7641   178
30.7741   181
30.7841   171
30.7941   187
30.8041   172
30.8141   161
30.8241   187
30.8341   195
30.8441   168
30.8541   163
30.8641   190
30.8741   195
30.8841   171
30.8941   176
30.9041   170
30.9141   175
30.9241   173
30.9341   159
30.9441   176
30.9541   169
30.9641   157
30.9741   174
30.9841   148
30.9941   175
31.0041   169
31.0141   204
31.0241   173
31.0341   192
31.0441   187
31.0541   168
31.0641   162
31.0741   171
31.0841   193
31.0941   171
31.1041   159
31.1141   157
31.1241   185
31.1341   184
31.1441   191
31.1541   191
31.1641   173
31.1741   179
31.1841   184
31.1941   193
31.2041   162
31.2141   167
31.2241   152
31.2341   148
31.2441   179
31.2541   181
31.2641   185
31.2741   171
31.2841   179
31.2941   161
31.3041   159
31.3141   164
31.3241   165
31.3341   160
31.3441   173
31.3541   178
31.3641   173
31.3741   164
31.3841   190
31.3941   148
31.4041   155
31.4141   151
31.4241   169
31.4341   160
31.4441   178
31.4541   163
31.4641   151
31.4741   171
31.4841   153
31.4941   158
31.5041   162
31.5141   161
31.5241   153
31.5341   170
31.5441   180
31.5541   164
31.5641   151
31.5741   153
31.5841   164
31.5941   153
31.6041   154
31.6141   192
31.6241   167
31.6341   139
31.6441   160
31.6541   164
31.6641   158
31.6741   163
31.6841   161
31.6941   169
31.7041   163
31.7141   162
31.7241   180
31.7341   155
31.7441   168
31.7541   176
31.7641   184
31.7741   166
31.7841   183
31.7941   173
31.8041   171
31.8141   159
31.8241   177
31.8341   142
31.8441   171
31.8541   189
31.8641   156
31.8741   171
31.8841   163
31.8941   145
31.9041   195
31.9141   145
31.9241   150
31.9341   186
31.9441   164
31.9541   160
31.9641   162
31.9741   160
31.9841   166
31.9941   179
32.0041   170
32.0141   156
32.0241   155
32.0341   159
32.0441   148
32.0541   161
32.0641   144
32.0741   151
32.0841   154
32.0941   170
32.1041   156
32.1141   170
32.1241   160
32.1341   172
32.1441   172
32.1541   171
32.1641   155
32.1741   163
32.1841   157
32.1941   182
32.2041   176
32.2141   144
32.2241   159
32.2341   156
32.2441   161
32.2541   140
32.2641   152
32.2741   159
32.2841   168
32.2941   152
32.3041   147
32.3141   150
32.3241   156
32.3341   154
32.3441   144
32.3541   166
32.3641   145
32.3741   124
32.3841   139
32.3941   138
32.4041   149
32.4141   138
32.4241   166
32.4341   128
32.4441   135
32.4541   147
32.4641   138
32.4741   134
32.4841   150
32.4941   137
32.5041   164
32.5141   165
32.5241   133
32.5341   142
32.5441   128
32.5541   152
32.5641   133
32.5741   118
32.5841   136
32.5941   128
32.6041   126
32.6141   145
32.6241   154
32.6341   164
32.6441   144
32.6541   149
32.6641   148
32.6741   142
32.6841   141
32.6941   147
32.7041   134
32.7141   135
32.7241   141
32.7341   137
32.7441   118
32.7541   126
32.7641   107
32.7741   120
32.7841   135
32.7941   144
32.8041   144
32.8141   123
32.8241   116
32.8341   120
32.8441   152
32.8541   126
32.8641   137
32.8741   113
32.8841   105
32.8941   120
32.9041   123
32.9141   125
32.9241   113
32.9341   115
32.9441   117
32.9541   127
32.9641   126
32.9741   134
32.9841   129
32.9941   111
33.0041   125
33.0141   144
33.0241   102
33.0341   123
33.0441    89
33.0541   122
33.0641   120
33.0741   129
33.0841   122
33.0941   134
33.1041   122
33.1141   128
33.1241   114
33.1341   114
33.1441   119
33.1541   122
33.1641   119
33.1741   109
33.1841   145
33.1941   126
33.2041   126
33.2141   135
33.2241   121
33.2341   124
33.2441   108
33.2541   124
33.2641   107
33.2741   121
33.2841   102
33.2941   124
33.3041   126
33.3141   136
33.3241   132
33.3341   135
33.3441   101
33.3541   108
33.3641   143
33.3741   114
33.3841   114
33.3941   126
33.4041   119
33.4141   127
33.4241   136
33.4341   126
33.4441   124
33.4541   130
33.4641   114
33.4741   106
33.4841   129
33.4941   137
33.5041   127
33.5141   121
33.5241   112
33.5341    97
33.5441   105
33.5541    91
33.5641   108
33.5741   109
33.5841   112
33.5941    97
33.6041   115
33.6141   108
33.6241   134
33.6341    95
33.6441   110
33.6541    91
33.6641    99
33.6741   116
33.6841   126
33.6941    94
33.7041   109
33.7141   124
33.7241   110
33.7341    96
33.7441    92
33.7541   109
33.7641   128
33.7741   123
33.7841    99
33.7941    95
33.8041    96
33.8141   101
33.8241   115
33.8341   101
33.8441    93
33.8541   102
33.8641   117
33.8741    97
33.8841   103
33.8941   104
33.9041   116
33.9141   114
33.9241   116
33.9341    94
33.9441   123
33.9541    97
33.9641   101
33.9741   105
33.9841   103
33.9941   125
34.0041    98
34.0141   119
34.0241   102
34.0341   107
34.0441    98
34.0541    94
34.0641   112
34.0741   117
34.0841   103
34.0941   104
34.1041    91
34.1141   103
34.1241   103
34.1341    80
34.1441    93
34.1541   111
34.1641    96
34.1741   116
34.1841    99
34.1941   104
34.2041   104
34.2141   104
34.2241   104
34.2341   105
34.2441    85
34.2541    91
34.2641   106
34.2741   103
34.2841   100
34.2941    99
34.3041   113
34.3141    96
34.3241    97
34.3341    90
34.3441    97
34.3541    98
34.3641    88
34.3741   103
34.3841   100
34.3941   100
34.4041    92
34.4141    98
34.4241    99
34.4341   101
34.4441    99
34.4541   105
34.4641    98
34.4741    97
34.4841    93
34.4941    96
34.5041   102
34.5141    93
34.5241   105
34.5341    89
34.5441    92
34.5541    88
34.5641    85
34.5741   103
34.5841    97
34.5941    96
34.6041    92
34.6141   107
34.6241   100
34.6341   103
34.6441    97
34.6541   106
34.6641    97
34.6741    85
34.6841    87
34.6941    81
34.7041    98
34.7141    94
34.7241    81
34.7341    92
34.7441    96
34.7541    87
34.7641    74
34.7741    93
34.7841    90
34.7941    99
34.8041    97
34.8141    87
34.8241    87
34.8341    90
34.8441    75
34.8541    79
34.8641    82
34.8741    77
34.8841    78
34.8941    95
34.9041    95
34.9141    79
34.9241    99
34.9341    92
34.9441    83
34.9541    84
34.9641    83
34.9741   100
34.9841   101
34.9941    83
35.0041    63
35.0141    80
35.0241    98
35.0341    85
35.0441    87
35.0541    81
35.0641    91
35.0741    90
35.0841    90
35.0941    96
35.1041    95
35.1141    81
35.1241    80
35.1341   101
35.1441    92
35.1541    94
35.1641   102
35.1741    66
35.1841   100
35.1941    97
35.2041    79
35.2141    86
35.2241    84
35.2341    88
35.2441    76
35.2541    86
35.2641    85
35.2741    86
35.2841    59
35.2941    80
35.3041    71
35.3141    86
35.3241    75
35.3341    82
35.3441    82
35.3541    88
35.3641    87
35.3741    87
35.3841    65
35.3941    86
35.4041    85
35.4141    75
35.4241    99
35.4341    84
35.4441    84
35.4541    86
35.4641    72
35.4741    86
35.4841    94
35.4941    80
35.5041    84
35.5141    70
35.5241    76
35.5341    71
35.5441    75
35.5541    76
35.5641    74
35.5741    76
35.5841    92
35.5941    69
35.6041    84
35.6141    74
35.6241    70
35.6341    61
35.6441    76
35.6541    86
35.6641    97
35.6741    71
35.6841    62
35.6941    61
35.7041    71
35.7141    64
35.7241    84
35.7341    85
35.7441    75
35.7541    80
35.7641    71
35.7741    63
35.7841    75
35.7941    83
35.8041    84
35.8141    69
35.8241    87
35.8341    80
35.8441    83
35.8541    69
35.8641    67
35.8741    83
35.8841    56
35.8941    75
35.9041    73
35.9141    56
35.9241    72
35.9341    63
35.9441    88
35.9541    62
35.9641    74
35.9741    68
35.9841    52
35.9941    76
36.0041    59
36.0141    79
36.0241    70
36.0341    74
36.0441    61
36.0541    67
36.0641    71
36.0741    86
36.0841    71
36.0941    69
36.1041    60
36.1141    77
36.1241    70
36.1341    74
36.1441    77
36.1541    63
36.1641    66
36.1741    61
36.1841    71
36.1941    73
36.2041    60
36.2141    65
36.2241    71
36.2341    75
36.2441    64
36.2541    76
36.2641    64
36.2741    66
36.2841    53
36.2941    82
36.3041    84
36.3141    83
36.3241    76
36.3341    62
36.3441    82
36.3541    64
36.3641    61
36.3741    82
36.3841    61
36.3941    90
36.4041    69
36.4141    81
36.4241    71
36.4341    63
36.4441    54
36.4541    67
36.4641    64
36.4741    66
36.4841    66
36.4941    53
36.5041    54
36.5141    54
36.5241    61
36.5341    64
36.5441    80
36.5541    73
36.5641    72
36.5741    63
36.5841    68
36.5941    68
36.6041    62
36.6141    56
36.6241    59
36.6341    68
36.6441    63
36.6541    69
36.6641    61
36.6741    51
36.6841    50
36.6941    60
36.7041    64
36.7141    56
36.7241    55
36.7341    58
36.7441    53
36.7541    86
36.7641    66
36.7741    57
36.7841    59
36.7941    55
36.8041    55
36.8141    50
36.8241    67
36.8341    50
36.8441    57
36.8541    52
36.8641    59
36.8741    61
36.8841    62
36.8941    47
36.9041    57
36.9141    59
36.9241    62
36.9341    54
36.9441    58
36.9541    61
36.9641    49
36.9741    54
36.9841    52
36.9941    58
37.0041    59
37.0141    55
37.0241    47
37.0341    55
37.0441    67
37.0541    55
37.0641    60
37.0741    50
37.0841    67
37.0941    53
37.1041    55
37.1141    56
37.1241    62
37.1341    58
37.1441    45
37.1541    46
37.1641    51
37.1741    55
37.1841    49
37.1941    52
37.2041    63
37.2141    57
37.2241    52
37.2341    42
37.2441    46
37.2541    44
37.2641    54
37.2741    43
37.2841    45
37.2941    63
37.3041    45
37.3141    55
37.3241    51
37.3341    62
37.3441    41
37.3541    42
37.3641    50
37.3741    51
37.3841    59
37.3941    61
37.4041    57
37.4141    48
37.4241    46
37.4341    41
37.4441    54
37.4541    45
37.4641    44
37.4741    42
37.4841    38
37.4941    42
37.5041    54
37.5141    68
37.5241    46
37.5341    52
37.5441    43
37.5541    52
37.5641    43
37.5741    51
37.5841    39
37.5941    44
37.6041    43
37.6141    48
37.6241    45
37.6341    45
37.6441    59
37.6541    56
37.6641    38
37.6741    35
37.6841    39
37.6941    45
37.7041    35
37.7141    43
37.7241    57
37.7341    55
37.7441    46
37.7541    46
37.7641    42
37.7741    49
37.7841    46
37.7941    41
37.8041    49
37.8141    38
37.8241    48
37.8341    44
37.8441    43
37.8541    35
37.8641    35
37.8741    48
37.8841    41
37.8941    35
37.9041    43
37.9141    36
37.9241    37
37.9341    44
37.9441    57
37.9541    33
37.9641    27
37.9741    37
37.9841    52
37.9941    52
38.0041    36
38.0141    45
38.0241    37
38.0341    33
38.0441    50
38.0541    44
38.0641    46
38.0741    35
38.0841    32
38.0941    31
38.1041    33
38.1141    38
38.1241    42
38.1341    39
38.1441    33
38.1541    40
38.1641    44
38.1741    34
38.1841    48
38.1941    37
38.2041    27
38.2141    49
38.2241    38
38.2341    40
38.2441    41
38.2541    39
38.2641    54
38.2741    38
38.2841    46
38.2941    35
38.3041    46
38.3141    26
38.3241    33
38.3341    43
38.3441    33
38.3541    45
38.3641    40
38.3741    30
38.3841    28
38.3941    30
38.4041    34
38.4141    39
38.4241    42
38.4341    42
38.4441    39
38.4541    32
38.4641    40
38.4741    34
38.4841    42
38.4941    22
38.5041    37
38.5141    33
38.5241    32
38.5341    34
38.5441    29
38.5541    38
38.5641    30
38.5741    33
38.5841    36
38.5941    31
38.6041    28
38.6141    37
38.6241    45
38.6341    43
38.6441    25
38.6541    30
38.6641    39
38.6741    38
38.6841    44
38.6941    33
38.7041    32
38.7141    34
38.7241    33
38.7341    41
38.7441    29
38.7541    30
38.7641    35
38.7741    33
38.7841    32
38.7941    27
38.8041    38
38.8141    37
38.8241    37
38.8341    34
38.8441    27
38.8541    24
38.8641    42
38.8741    23
38.8841    32
38.8941    41
38.9041    31
38.9141    28
38.9241    27
38.9341    27
38.9441    36
38.9541    34
38.9641    34
38.9741    32
38.9841    26
38.9941    27
39.0041    37
39.0141    37
39.0241    38
39.0341    26
39.0441    35
39.0541    41
39.0641    26
39.0741    31
39.0841    35
39.0941    37
39.1041    20
39.1141    30
39.1241    24
39.1341    39
39.1441    29
39.1541    20
39.1641    28
39.1741    26
39.1841    30
39.1941    27
39.2041    25
39.2141    36
39.2241    22
39.2341    21
39.2441    27
39.2541    39
39.2641    28
39.2741    38
39.2841    33
39.2941    33
39.3041    18
39.3141    22
39.3241    31
39.3341    27
39.3441    29
39.3541    23
39.3641    28
39.3741    33
39.3841    28
39.3941    32
39.4041    23
39.4141    30
39.4241    28
39.4341    17
39.4441    29
39.4541    33
39.4641    31
39.4741    20
39.4841    25
39.4941    23
39.5041    30
39.5141    26
39.5241    30
39.5341    35
39.5441    30
39.5541    20
39.5641    20
39.5741    29
39.5841    23
39.5941    18
39.6041    27
39.6141    24
39.6241    29
39.6341    26
39.6441    21
39.6541    25
39.6641    23
39.6741    22
39.6841    21
39.6941    26
39.7041    23
39.7141    18
39.7241    26
39.7341    27
39.7441    30
39.7541    19
39.7641    27
39.7741    21
39.7841    20
39.7941    13
39.8041    24
39.8141    22
39.8241    20
39.8341    24
39.8441    26
39.8541    19
39.8641    27
39.8741    26
39.8841    26
39.8941    34
39.9041    25
39.9141    23
39.9241    21
39.9341    25
39.9441    26
39.9541    16
39.9641    16
39.9741    30
39.9841    16
