Bruker Nano GmbH Berlin, Germany
Esprit 1.9

Date: 6/2/2021 1:30:29 PM
Real time: 5000
Life time: 4564
Pulse density: 136017


Detector type: XFlash 430
Window type: Custom type
Detector thickness: 0.45
Si dead layer:0.029

Calibration, lin.: 10
Calibration, abs.: -955.9
Mn FWHM: 137.05
Fano factor: 0.121
Channels: 4095

Energy Counts
-0.9559     0
-0.9459     0
-0.9359     0
-0.9259     0
-0.9159     0
-0.9059     0
-0.8959     0
-0.8859     0
-0.8759     0
-0.8659     0
-0.8559     0
-0.8459     0
-0.8359     0
-0.8259     0
-0.8159     0
-0.8059     0
-0.7959     0
-0.7859     0
-0.7759     0
-0.7659     0
-0.7559     0
-0.7459     0
-0.7359     0
-0.7259     0
-0.7159     0
-0.7059     0
-0.6959     0
-0.6859     0
-0.6759     0
-0.6659     0
-0.6559     0
-0.6459     0
-0.6359     0
-0.6259     0
-0.6159     0
-0.6059     0
-0.5959     0
-0.5859     0
-0.5759     0
-0.5659     0
-0.5559     0
-0.5459     0
-0.5359     0
-0.5259     0
-0.5159     0
-0.5059     0
-0.4959     0
-0.4859     0
-0.4759     0
-0.4659     0
-0.4559     0
-0.4459     0
-0.4359     0
-0.4259     0
-0.4159     0
-0.4059     0
-0.3959     0
-0.3859     0
-0.3759     0
-0.3659     0
-0.3559     0
-0.3459     0
-0.3359     0
-0.3259     0
-0.3159     0
-0.3059     0
-0.2959     0
-0.2859     0
-0.2759     0
-0.2659     0
-0.2559     0
-0.2459     0
-0.2359     0
-0.2259     0
-0.2159     0
-0.2059     0
-0.1959     0
-0.1859     0
-0.1759     0
-0.1659     0
-0.1559     0
-0.1459     0
-0.1359     0
-0.1259     0
-0.1159     1
-0.1059     1
-0.0959    12
-0.0859    52
-0.0759   198
-0.0659   548
-0.0559  1362
-0.0459  2891
-0.0359  5301
-0.0259  8686
-0.0159 12014
-0.0059 13959
 0.0041 13993
 0.0141 12007
 0.0241  9002
 0.0341  5753
 0.0441  3103
 0.0541  1411
 0.0641   600
 0.0741   199
 0.0841    67
 0.0941    20
 0.1041     6
 0.1141     0
 0.1241     1
 0.1341     5
 0.1441     0
 0.1541     1
 0.1641     0
 0.1741     8
 0.1841    49
 0.1941    58
 0.2041    60
 0.2141    57
 0.2241    63
 0.2341    67
 0.2441    74
 0.2541    74
 0.2641    64
 0.2741    65
 0.2841    71
 0.2941    69
 0.3041    69
 0.3141    60
 0.3241    74
 0.3341    64
 0.3441    65
 0.3541    57
 0.3641    54
 0.3741    56
 0.3841    66
 0.3941    62
 0.4041    49
 0.4141    57
 0.4241    68
 0.4341    67
 0.4441    64
 0.4541    57
 0.4641    52
 0.4741    60
 0.4841    64
 0.4941    62
 0.5041    72
 0.5141    66
 0.5241    58
 0.5341    47
 0.5441    43
 0.5541    54
 0.5641    51
 0.5741    42
 0.5841    48
 0.5941    55
 0.6041    61
 0.6141    57
 0.6241    54
 0.6341    53
 0.6441    62
 0.6541    54
 0.6641    41
 0.6741    47
 0.6841    56
 0.6941    51
 0.7041    52
 0.7141    54
 0.7241    57
 0.7341    54
 0.7441    48
 0.7541    50
 0.7641    53
 0.7741    49
 0.7841    50
 0.7941    50
 0.8041    43
 0.8141    49
 0.8241    50
 0.8341    46
 0.8441    44
 0.8541    45
 0.8641    39
 0.8741    44
 0.8841    46
 0.8941    42
 0.9041    50
 0.9141    47
 0.9241    38
 0.9341    39
 0.9441    53
 0.9541    50
 0.9641    53
 0.9741    48
 0.9841    43
 0.9941    35
 1.0041    44
 1.0141    43
 1.0241    37
 1.0341    46
 1.0441    41
 1.0541    46
 1.0641    36
 1.0741    49
 1.0841    43
 1.0941    48
 1.1041    44
 1.1141    42
 1.1241    43
 1.1341    39
 1.1441    36
 1.1541    40
 1.1641    40
 1.1741    43
 1.1841    42
 1.1941    38
 1.2041    34
 1.2141    34
 1.2241    41
 1.2341    47
 1.2441    35
 1.2541    35
 1.2641    50
 1.2741    41
 1.2841    33
 1.2941    45
 1.3041    36
 1.3141    32
 1.3241    38
 1.3341    38
 1.3441    39
 1.3541    39
 1.3641    46
 1.3741    45
 1.3841    52
 1.3941    40
 1.4041    33
 1.4141    36
 1.4241    37
 1.4341    36
 1.4441    46
 1.4541    41
 1.4641    35
 1.4741    36
 1.4841    39
 1.4941    35
 1.5041    40
 1.5141    39
 1.5241    27
 1.5341    29
 1.5441    32
 1.5541    44
 1.5641    43
 1.5741    39
 1.5841    39
 1.5941    47
 1.6041    36
 1.6141    40
 1.6241    41
 1.6341    40
 1.6441    48
 1.6541    47
 1.6641    61
 1.6741    76
 1.6841    82
 1.6941   102
 1.7041   143
 1.7141   173
 1.7241   171
 1.7341   184
 1.7441   174
 1.7541   177
 1.7641   158
 1.7741   139
 1.7841   109
 1.7941    97
 1.8041    88
 1.8141    65
 1.8241    47
 1.8341    57
 1.8441    43
 1.8541    47
 1.8641    41
 1.8741    41
 1.8841    44
 1.8941    50
 1.9041    47
 1.9141    50
 1.9241    50
 1.9341    54
 1.9441    46
 1.9541    51
 1.9641    41
 1.9741    39
 1.9841    60
 1.9941    46
 2.0041    46
 2.0141    42
 2.0241    51
 2.0341    45
 2.0441    42
 2.0541    48
 2.0641    41
 2.0741    35
 2.0841    43
 2.0941    40
 2.1041    39
 2.1141    34
 2.1241    45
 2.1341    36
 2.1441    33
 2.1541    38
 2.1641    41
 2.1741    28
 2.1841    26
 2.1941    34
 2.2041    37
 2.2141    35
 2.2241    38
 2.2341    39
 2.2441    39
 2.2541    48
 2.2641    35
 2.2741    27
 2.2841    33
 2.2941    46
 2.3041    34
 2.3141    30
 2.3241    41
 2.3341    48
 2.3441    30
 2.3541    32
 2.3641    36
 2.3741    32
 2.3841    38
 2.3941    36
 2.4041    32
 2.4141    28
 2.4241    26
 2.4341    35
 2.4441    34
 2.4541    36
 2.4641    31
 2.4741    38
 2.4841    43
 2.4941    41
 2.5041    29
 2.5141    32
 2.5241    26
 2.5341    32
 2.5441    33
 2.5541    32
 2.5641    31
 2.5741    37
 2.5841    32
 2.5941    40
 2.6041    33
 2.6141    30
 2.6241    43
 2.6341    36
 2.6441    24
 2.6541    37
 2.6641    30
 2.6741    32
 2.6841    31
 2.6941    35
 2.7041    32
 2.7141    24
 2.7241    32
 2.7341    45
 2.7441    29
 2.7541    41
 2.7641    24
 2.7741    37
 2.7841    30
 2.7941    39
 2.8041    36
 2.8141    33
 2.8241    38
 2.8341    24
 2.8441    32
 2.8541    36
 2.8641    44
 2.8741    43
 2.8841    30
 2.8941    28
 2.9041    33
 2.9141    34
 2.9241    32
 2.9341    29
 2.9441    28
 2.9541    34
 2.9641    31
 2.9741    24
 2.9841    28
 2.9941    23
 3.0041    33
 3.0141    39
 3.0241    28
 3.0341    36
 3.0441    27
 3.0541    27
 3.0641    31
 3.0741    34
 3.0841    29
 3.0941    34
 3.1041    34
 3.1141    27
 3.1241    24
 3.1341    29
 3.1441    35
 3.1541    32
 3.1641    28
 3.1741    29
 3.1841    26
 3.1941    25
 3.2041    28
 3.2141    29
 3.2241    22
 3.2341    24
 3.2441    24
 3.2541    28
 3.2641    33
 3.2741    29
 3.2841    29
 3.2941    30
 3.3041    27
 3.3141    36
 3.3241    36
 3.3341    32
 3.3441    29
 3.3541    28
 3.3641    23
 3.3741    30
 3.3841    25
 3.3941    29
 3.4041    31
 3.4141    27
 3.4241    23
 3.4341    27
 3.4441    13
 3.4541    15
 3.4641    20
 3.4741    32
 3.4841    27
 3.4941    25
 3.5041    23
 3.5141    26
 3.5241    32
 3.5341    31
 3.5441    33
 3.5541    44
 3.5641    57
 3.5741    60
 3.5841    81
 3.5941   114
 3.6041   136
 3.6141   202
 3.6241   252
 3.6341   276
 3.6441   377
 3.6541   437
 3.6641   513
 3.6741   521
 3.6841   575
 3.6941   598
 3.7041   547
 3.7141   475
 3.7241   452
 3.7341   365
 3.7441   314
 3.7541   247
 3.7641   191
 3.7741   146
 3.7841    93
 3.7941    75
 3.8041    45
 3.8141    47
 3.8241    34
 3.8341    35
 3.8441    25
 3.8541    21
 3.8641    26
 3.8741    29
 3.8841    32
 3.8941    29
 3.9041    40
 3.9141    42
 3.9241    58
 3.9341    48
 3.9441    62
 3.9541    71
 3.9641    81
 3.9741    88
 3.9841   109
 3.9941   120
 4.0041   121
 4.0141   125
 4.0241   107
 4.0341   114
 4.0441    79
 4.0541    80
 4.0641    83
 4.0741    59
 4.0841    52
 4.0941    51
 4.1041    42
 4.1141    26
 4.1241    27
 4.1341    31
 4.1441    23
 4.1541    19
 4.1641    17
 4.1741    23
 4.1841    17
 4.1941    20
 4.2041    18
 4.2141    14
 4.2241    15
 4.2341    21
 4.2441    16
 4.2541    18
 4.2641    31
 4.2741    25
 4.2841    29
 4.2941    24
 4.3041    23
 4.3141    27
 4.3241    38
 4.3341    42
 4.3441    51
 4.3541    50
 4.3641    64
 4.3741    80
 4.3841   105
 4.3941   157
 4.4041   233
 4.4141   318
 4.4241   424
 4.4341   535
 4.4441   665
 4.4541   874
 4.4641   996
 4.4741  1098
 4.4841  1258
 4.4941  1303
 4.5041  1328
 4.5141  1361
 4.5241  1314
 4.5341  1166
 4.5441  1014
 4.5541   862
 4.5641   765
 4.5741   589
 4.5841   462
 4.5941   357
 4.6041   248
 4.6141   180
 4.6241   114
 4.6341    85
 4.6441    57
 4.6541    57
 4.6641    43
 4.6741    29
 4.6841    39
 4.6941    34
 4.7041    37
 4.7141    27
 4.7241    36
 4.7341    36
 4.7441    37
 4.7541    33
 4.7641    41
 4.7741    35
 4.7841    40
 4.7941    49
 4.8041    42
 4.8141    53
 4.8241    67
 4.8341    85
 4.8441   101
 4.8541   128
 4.8641   170
 4.8741   217
 4.8841   219
 4.8941   240
 4.9041   261
 4.9141   308
 4.9241   275
 4.9341   296
 4.9441   293
 4.9541   286
 4.9641   255
 4.9741   227
 4.9841   183
 4.9941   159
 5.0041   147
 5.0141   102
 5.0241    77
 5.0341    80
 5.0441    46
 5.0541    43
 5.0641    44
 5.0741    37
 5.0841    34
 5.0941    26
 5.1041    24
 5.1141    32
 5.1241    19
 5.1341    16
 5.1441    24
 5.1541    14
 5.1641    25
 5.1741    24
 5.1841    26
 5.1941    23
 5.2041    31
 5.2141    30
 5.2241    23
 5.2341    23
 5.2441    16
 5.2541    21
 5.2641    29
 5.2741    38
 5.2841    41
 5.2941    53
 5.3041    50
 5.3141    55
 5.3241    70
 5.3341    68
 5.3441    78
 5.3541    81
 5.3641   112
 5.3741   120
 5.3841   129
 5.3941   132
 5.4041   144
 5.4141   137
 5.4241   132
 5.4341   118
 5.4441   137
 5.4541    93
 5.4641    80
 5.4741    82
 5.4841    78
 5.4941    51
 5.5041    61
 5.5141    47
 5.5241    44
 5.5341    49
 5.5441    37
 5.5541    32
 5.5641    33
 5.5741    35
 5.5841    37
 5.5941    25
 5.6041    24
 5.6141    32
 5.6241    27
 5.6341    16
 5.6441    20
 5.6541    19
 5.6641    25
 5.6741    27
 5.6841    26
 5.6941    25
 5.7041    31
 5.7141    43
 5.7241    35
 5.7341    34
 5.7441    46
 5.7541    42
 5.7641    43
 5.7741    75
 5.7841    62
 5.7941    86
 5.8041   101
 5.8141   113
 5.8241   161
 5.8341   141
 5.8441   209
 5.8541   215
 5.8641   257
 5.8741   256
 5.8841   270
 5.8941   259
 5.9041   259
 5.9141   268
 5.9241   242
 5.9341   232
 5.9441   216
 5.9541   174
 5.9641   145
 5.9741   139
 5.9841   111
 5.9941    95
 6.0041    87
 6.0141    57
 6.0241    63
 6.0341    85
 6.0441    47
 6.0541    57
 6.0641    49
 6.0741    59
 6.0841    61
 6.0941    53
 6.1041    54
 6.1141    61
 6.1241    63
 6.1341    73
 6.1441    81
 6.1541    83
 6.1641   103
 6.1741   109
 6.1841   143
 6.1941   175
 6.2041   234
 6.2141   334
 6.2241   457
 6.2341   630
 6.2441   898
 6.2541  1266
 6.2641  1760
 6.2741  2384
 6.2841  3220
 6.2941  4351
 6.3041  5558
 6.3141  7086
 6.3241  8515
 6.3341 10213
 6.3441 12015
 6.3541 13906
 6.3641 15193
 6.3741 16555
 6.3841 16969
 6.3941 17338
 6.4041 17356
 6.4141 16613
 6.4241 15530
 6.4341 14335
 6.4441 12548
 6.4541 11025
 6.4641  9133
 6.4741  7618
 6.4841  6078
 6.4941  4504
 6.5041  3439
 6.5141  2586
 6.5241  1838
 6.5341  1258
 6.5441   914
 6.5541   659
 6.5641   440
 6.5741   285
 6.5841   198
 6.5941   144
 6.6041   127
 6.6141    82
 6.6241    69
 6.6341    74
 6.6441    63
 6.6541    52
 6.6641    71
 6.6741    67
 6.6841    63
 6.6941    65
 6.7041    74
 6.7141    54
 6.7241    64
 6.7341    53
 6.7441    64
 6.7541    79
 6.7641    73
 6.7741    69
 6.7841    93
 6.7941    72
 6.8041    87
 6.8141    90
 6.8241    89
 6.8341    99
 6.8441   116
 6.8541   157
 6.8641   150
 6.8741   179
 6.8841   246
 6.8941   271
 6.9041   359
 6.9141   416
 6.9241   526
 6.9341   648
 6.9441   798
 6.9541  1056
 6.9641  1243
 6.9741  1478
 6.9841  1776
 6.9941  2012
 7.0041  2299
 7.0141  2494
 7.0241  2778
 7.0341  2789
 7.0441  2812
 7.0541  2915
 7.0641  2871
 7.0741  2705
 7.0841  2456
 7.0941  2328
 7.1041  2110
 7.1141  1814
 7.1241  1535
 7.1341  1239
 7.1441  1118
 7.1541   799
 7.1641   696
 7.1741   451
 7.1841   347
 7.1941   287
 7.2041   227
 7.2141   154
 7.2241   125
 7.2341    84
 7.2441    67
 7.2541    71
 7.2641    62
 7.2741    65
 7.2841    57
 7.2941    50
 7.3041    51
 7.3141    47
 7.3241    60
 7.3341    59
 7.3441    69
 7.3541    68
 7.3641    77
 7.3741    85
 7.3841    87
 7.3941    84
 7.4041   112
 7.4141   109
 7.4241   107
 7.4341   102
 7.4441   127
 7.4541   133
 7.4641   111
 7.4741   122
 7.4841   108
 7.4941   110
 7.5041    97
 7.5141   111
 7.5241    83
 7.5341    78
 7.5441    66
 7.5541    69
 7.5641    60
 7.5741    71
 7.5841    52
 7.5941    54
 7.6041    62
 7.6141    60
 7.6241    55
 7.6341    41
 7.6441    50
 7.6541    50
 7.6641    49
 7.6741    47
 7.6841    52
 7.6941    48
 7.7041    46
 7.7141    57
 7.7241    64
 7.7341    48
 7.7441    57
 7.7541    52
 7.7641    57
 7.7741    44
 7.7841    41
 7.7941    49
 7.8041    55
 7.8141    49
 7.8241    64
 7.8341    54
 7.8441    61
 7.8541    72
 7.8641    69
 7.8741    58
 7.8841    66
 7.8941    59
 7.9041    66
 7.9141    73
 7.9241    64
 7.9341    78
 7.9441    95
 7.9541    87
 7.9641   106
 7.9741   101
 7.9841   111
 7.9941   131
 8.0041   134
 8.0141   154
 8.0241   154
 8.0341   165
 8.0441   195
 8.0541   207
 8.0641   224
 8.0741   210
 8.0841   201
 8.0941   227
 8.1041   258
 8.1141   247
 8.1241   268
 8.1341   260
 8.1441   277
 8.1541   287
 8.1641   304
 8.1741   288
 8.1841   298
 8.1941   290
 8.2041   321
 8.2141   285
 8.2241   297
 8.2341   298
 8.2441   355
 8.2541   339
 8.2641   360
 8.2741   400
 8.2841   392
 8.2941   466
 8.3041   483
 8.3141   478
 8.3241   538
 8.3341   583
 8.3441   618
 8.3541   646
 8.3641   656
 8.3741   715
 8.3841   707
 8.3941   693
 8.4041   688
 8.4141   681
 8.4241   599
 8.4341   545
 8.4441   486
 8.4541   433
 8.4641   389
 8.4741   350
 8.4841   312
 8.4941   231
 8.5041   217
 8.5141   193
 8.5241   163
 8.5341   141
 8.5441   104
 8.5541    99
 8.5641   113
 8.5741   106
 8.5841    97
 8.5941    98
 8.6041    94
 8.6141    83
 8.6241    86
 8.6341    89
 8.6441   100
 8.6541    87
 8.6641    93
 8.6741    95
 8.6841    85
 8.6941    76
 8.7041    84
 8.7141    71
 8.7241    73
 8.7341    80
 8.7441    81
 8.7541    74
 8.7641    70
 8.7741    68
 8.7841    69
 8.7941    54
 8.8041    52
 8.8141    57
 8.8241    62
 8.8341    63
 8.8441    68
 8.8541    74
 8.8641    65
 8.8741    69
 8.8841    64
 8.8941    69
 8.9041    60
 8.9141    68
 8.9241    74
 8.9341    66
 8.9441    63
 8.9541    75
 8.9641    64
 8.9741    76
 8.9841    59
 8.9941    72
 9.0041    74
 9.0141    81
 9.0241    63
 9.0341    82
 9.0441    79
 9.0541    92
 9.0641    88
 9.0741    75
 9.0841    91
 9.0941    98
 9.1041   103
 9.1141   102
 9.1241   103
 9.1341   103
 9.1441   120
 9.1541   122
 9.1641   111
 9.1741   138
 9.1841   133
 9.1941   143
 9.2041   146
 9.2141   156
 9.2241   161
 9.2341   172
 9.2441   160
 9.2541   183
 9.2641   185
 9.2741   198
 9.2841   200
 9.2941   235
 9.3041   237
 9.3141   222
 9.3241   235
 9.3341   244
 9.3441   247
 9.3541   267
 9.3641   250
 9.3741   261
 9.3841   277
 9.3941   279
 9.4041   284
 9.4141   271
 9.4241   273
 9.4341   260
 9.4441   263
 9.4541   303
 9.4641   303
 9.4741   269
 9.4841   295
 9.4941   327
 9.5041   301
 9.5141   293
 9.5241   323
 9.5341   373
 9.5441   393
 9.5541   378
 9.5641   419
 9.5741   425
 9.5841   466
 9.5941   486
 9.6041   520
 9.6141   550
 9.6241   561
 9.6341   556
 9.6441   571
 9.6541   612
 9.6641   603
 9.6741   585
 9.6841   564
 9.6941   578
 9.7041   546
 9.7141   501
 9.7241   451
 9.7341   482
 9.7441   402
 9.7541   377
 9.7641   337
 9.7741   305
 9.7841   287
 9.7941   285
 9.8041   261
 9.8141   263
 9.8241   253
 9.8341   233
 9.8441   223
 9.8541   216
 9.8641   229
 9.8741   225
 9.8841   266
 9.8941   259
 9.9041   270
 9.9141   242
 9.9241   260
 9.9341   251
 9.9441   270
 9.9541   270
 9.9641   272
 9.9741   262
 9.9841   245
 9.9941   256
10.0041   246
10.0141   222
10.0241   202
10.0341   191
10.0441   161
10.0541   135
10.0641   124
10.0741   123
10.0841    98
10.0941    87
10.1041    78
10.1141    63
10.1241    62
10.1341    64
10.1441    63
10.1541    61
10.1641    50
10.1741    44
10.1841    44
10.1941    41
10.2041    47
10.2141    38
10.2241    49
10.2341    43
10.2441    48
10.2541    45
10.2641    41
10.2741    33
10.2841    28
10.2941    36
10.3041    33
10.3141    32
10.3241    39
10.3341    28
10.3441    26
10.3541    26
10.3641    33
10.3741    38
10.3841    38
10.3941    36
10.4041    32
10.4141    30
10.4241    31
10.4341    35
10.4441    39
10.4541    40
10.4641    33
10.4741    41
10.4841    36
10.4941    39
10.5041    43
10.5141    41
10.5241    36
10.5341    38
10.5441    37
10.5541    34
10.5641    36
10.5741    42
10.5841    44
10.5941    43
10.6041    40
10.6141    37
10.6241    38
10.6341    32
10.6441    33
10.6541    33
10.6641    32
10.6741    34
10.6841    38
10.6941    43
10.7041    45
10.7141    39
10.7241    40
10.7341    48
10.7441    44
10.7541    46
10.7641    40
10.7741    38
10.7841    40
10.7941    48
10.8041    53
10.8141    58
10.8241    49
10.8341    55
10.8441    49
10.8541    49
10.8641    56
10.8741    52
10.8841    58
10.8941    54
10.9041    53
10.9141    50
10.9241    58
10.9341    59
10.9441    52
10.9541    55
10.9641    54
10.9741    55
10.9841    55
10.9941    52
11.0041    46
11.0141    43
11.0241    51
11.0341    53
11.0441    47
11.0541    54
11.0641    50
11.0741    56
11.0841    51
11.0941    57
11.1041    53
11.1141    48
11.1241    46
11.1341    52
11.1441    57
11.1541    58
11.1641    65
11.1741    57
11.1841    56
11.1941    58
11.2041    58
11.2141    62
11.2241    59
11.2341    69
11.2441    69
11.2541    74
11.2641    88
11.2741    89
11.2841    80
11.2941    77
11.3041    82
11.3141    74
11.3241    68
11.3341    78
11.3441    76
11.3541    79
11.3641    65
11.3741    57
11.3841    62
11.3941    58
11.4041    54
11.4141    49
11.4241    44
11.4341    44
11.4441    47
11.4541    41
11.4641    39
11.4741    40
11.4841    36
11.4941    33
11.5041    34
11.5141    31
11.5241    27
11.5341    38
11.5441    42
11.5541    39
11.5641    38
11.5741    53
11.5841    52
11.5941    50
11.6041    45
11.6141    39
11.6241    42
11.6341    47
11.6441    45
11.6541    42
11.6641    36
11.6741    39
11.6841    40
11.6941    45
11.7041    42
11.7141    39
11.7241    31
11.7341    38
11.7441    36
11.7541    31
11.7641    29
11.7741    37
11.7841    34
11.7941    26
11.8041    29
11.8141    25
11.8241    28
11.8341    32
11.8441    30
11.8541    28
11.8641    31
11.8741    38
11.8841    36
11.8941    34
11.9041    29
11.9141    29
11.9241    30
11.9341    32
11.9441    31
11.9541    28
11.9641    27
11.9741    26
11.9841    25
11.9941    23
12.0041    27
12.0141    35
12.0241    30
12.0341    28
12.0441    33
12.0541    39
12.0641    31
12.0741    24
12.0841    26
12.0941    30
12.1041    31
12.1141    29
12.1241    28
12.1341    31
12.1441    28
12.1541    24
12.1641    21
12.1741    26
12.1841    27
12.1941    22
12.2041    23
12.2141    24
12.2241    23
12.2341    27
12.2441    25
12.2541    24
12.2641    27
12.2741    24
12.2841    21
12.2941    22
12.3041    27
12.3141    29
12.3241    32
12.3341    31
12.3441    28
12.3541    22
12.3641    28
12.3741    38
12.3841    34
12.3941    27
12.4041    24
12.4141    29
12.4241    32
12.4341    29
12.4441    27
12.4541    32
12.4641    30
12.4741    30
12.4841    26
12.4941    27
12.5041    29
12.5141    26
12.5241    25
12.5341    31
12.5441    36
12.5541    28
12.5641    27
12.5741    32
12.5841    27
12.5941    34
12.6041    30
12.6141    22
12.6241    26
12.6341    25
12.6441    23
12.6541    27
12.6641    29
12.6741    29
12.6841    26
12.6941    23
12.7041    22
12.7141    23
12.7241    25
12.7341    27
12.7441    28
12.7541    29
12.7641    34
12.7741    36
12.7841    32
12.7941    27
12.8041    27
12.8141    26
12.8241    23
12.8341    22
12.8441    23
12.8541    24
12.8641    25
12.8741    29
12.8841    32
12.8941    32
12.9041    32
12.9141    30
12.9241    30
12.9341    34
12.9441    32
12.9541    25
12.9641    22
12.9741    25
12.9841    30
12.9941    36
13.0041    29
13.0141    22
13.0241    24
13.0341    28
13.0441    32
13.0541    30
13.0641    28
13.0741    27
13.0841    28
13.0941    32
13.1041    22
13.1141    22
13.1241    28
13.1341    29
13.1441    34
13.1541    32
13.1641    31
13.1741    35
13.1841    29
13.1941    25
13.2041    30
13.2141    32
13.2241    32
13.2341    31
13.2441    31
13.2541    32
13.2641    33
13.2741    37
13.2841    39
13.2941    37
13.3041    31
13.3141    30
13.3241    35
13.3341    38
13.3441    39
13.3541    41
13.3641    40
13.3741    36
13.3841    32
13.3941    34
13.4041    35
13.4141    37
13.4241    39
13.4341    37
13.4441    33
13.4541    33
13.4641    35
13.4741    37
13.4841    41
13.4941    41
13.5041    36
13.5141    33
13.5241    33
13.5341    37
13.5441    40
13.5541    39
13.5641    35
13.5741    34
13.5841    33
13.5941    34
13.6041    34
13.6141    33
13.6241    35
13.6341    37
13.6441    35
13.6541    36
13.6641    38
13.6741    39
13.6841    37
13.6941    35
13.7041    36
13.7141    36
13.7241    38
13.7341    39
13.7441    36
13.7541    35
13.7641    38
13.7741    39
13.7841    36
13.7941    34
13.8041    36
13.8141    37
13.8241    36
13.8341    34
13.8441    34
13.8541    38
13.8641    43
13.8741    43
13.8841    41
13.8941    42
13.9041    42
13.9141    41
13.9241    43
13.9341    44
13.9441    42
13.9541    41
13.9641    42
13.9741    43
13.9841    42
13.9941    41
14.0041    39
14.0141    38
14.0241    38
14.0341    40
14.0441    47
14.0541    49
14.0641    47
14.0741    46
14.0841    46
14.0941    47
14.1041    50
14.1141    52
14.1241    54
14.1341    55
14.1441    57
14.1541    55
14.1641    53
14.1741    52
14.1841    54
14.1941    57
14.2041    56
14.2141    52
14.2241    47
14.2341    45
14.2441    47
14.2541    50
14.2641    49
14.2741    46
14.2841    46
14.2941    48
14.3041    46
14.3141    40
14.3241    38
14.3341    43
14.3441    37
14.3541    35
14.3641    48
14.3741    45
14.3841    36
14.3941    37
14.4041    36
14.4141    42
14.4241    46
14.4341    48
14.4441    43
14.4541    44
14.4641    45
14.4741    39
14.4841    38
14.4941    38
14.5041    35
14.5141    35
14.5241    38
14.5341    43
14.5441    49
14.5541    44
14.5641    42
14.5741    43
14.5841    40
14.5941    40
14.6041    40
14.6141    52
14.6241    51
14.6341    35
14.6441    34
14.6541    35
14.6641    47
14.6741    49
14.6841    38
14.6941    46
14.7041    51
14.7141    42
14.7241    36
14.7341    35
14.7441    44
14.7541    51
14.7641    50
14.7741    45
14.7841    46
14.7941    50
14.8041    44
14.8141    46
14.8241    44
14.8341    41
14.8441    47
14.8541    57
14.8641    54
14.8741    46
14.8841    50
14.8941    48
14.9041    44
14.9141    47
14.9241    45
14.9341    39
14.9441    34
14.9541    37
14.9641    42
14.9741    45
14.9841    47
14.9941    49
15.0041    45
15.0141    41
15.0241    46
15.0341    46
15.0441    49
15.0541    44
15.0641    38
15.0741    47
15.0841    55
15.0941    48
15.1041    49
15.1141    49
15.1241    51
15.1341    50
15.1441    40
15.1541    50
15.1641    58
15.1741    52
15.1841    45
15.1941    46
15.2041    37
15.2141    38
15.2241    39
15.2341    38
15.2441    45
15.2541    51
15.2641    44
15.2741    47
15.2841    48
15.2941    46
15.3041    52
15.3141    56
15.3241    42
15.3341    38
15.3441    43
15.3541    49
15.3641    46
15.3741    50
15.3841    56
15.3941    57
15.4041    49
15.4141    45
15.4241    47
15.4341    46
15.4441    51
15.4541    48
15.4641    39
15.4741    45
15.4841    48
15.4941    43
15.5041    51
15.5141    56
15.5241    54
15.5341    43
15.5441    42
15.5541    55
15.5641    58
15.5741    57
15.5841    66
15.5941    74
15.6041    67
15.6141    70
15.6241    72
15.6341    74
15.6441    82
15.6541    76
15.6641    82
15.6741   103
15.6841    86
15.6941    87
15.7041   104
15.7141    99
15.7241    81
15.7341    98
15.7441   103
15.7541   101
15.7641   102
15.7741    89
15.7841    94
15.7941    89
15.8041    91
15.8141    88
15.8241    94
15.8341    87
15.8441    78
15.8541    80
15.8641    73
15.8741    67
15.8841    66
15.8941    71
15.9041    70
15.9141    67
15.9241    64
15.9341    57
15.9441    54
15.9541    57
15.9641    55
15.9741    55
15.9841    52
15.9941    48
16.0041    43
16.0141    55
16.0241    56
16.0341    56
16.0441    58
16.0541    56
16.0641    64
16.0741    61
16.0841    53
16.0941    45
16.1041    51
16.1141    48
16.1241    44
16.1341    47
16.1441    47
16.1541    52
16.1641    59
16.1741    57
16.1841    42
16.1941    48
16.2041    55
16.2141    57
16.2241    48
16.2341    61
16.2441    65
16.2541    65
16.2641    71
16.2741    55
16.2841    54
16.2941    55
16.3041    52
16.3141    53
16.3241    52
16.3341    56
16.3441    58
16.3541    65
16.3641    67
16.3741    61
16.3841    53
16.3941    53
16.4041    54
16.4141    59
16.4241    56
16.4341    53
16.4441    60
16.4541    62
16.4641    49
16.4741    52
16.4841    60
16.4941    71
16.5041    65
16.5141    77
16.5241    65
16.5341    61
16.5441    64
16.5541    60
16.5641    60
16.5741    70
16.5841    58
16.5941    53
16.6041    62
16.6141    64
16.6241    68
16.6341    69
16.6441    56
16.6541    54
16.6641    46
16.6741    54
16.6841    72
16.6941    71
16.7041    56
16.7141    57
16.7241    58
16.7341    54
16.7441    53
16.7541    57
16.7641    66
16.7741    67
16.7841    68
16.7941    63
16.8041    59
16.8141    61
16.8241    57
16.8341    61
16.8441    65
16.8541    57
16.8641    65
16.8741    61
16.8841    52
16.8941    56
16.9041    60
16.9141    63
16.9241    65
16.9341    67
16.9441    63
16.9541    63
16.9641    57
16.9741    63
16.9841    78
16.9941    70
17.0041    64
17.0141    60
17.0241    62
17.0341    72
17.0441    74
17.0541    61
17.0641    69
17.0741    64
17.0841    64
17.0941    63
17.1041    62
17.1141    59
17.1241    71
17.1341    77
17.1441    75
17.1541    69
17.1641    73
17.1741    66
17.1841    58
17.1941    63
17.2041    77
17.2141    55
17.2241    56
17.2341    69
17.2441    69
17.2541    67
17.2641    72
17.2741    70
17.2841    78
17.2941    71
17.3041    75
17.3141    81
17.3241    71
17.3341    69
17.3441    89
17.3541    77
17.3641    77
17.3741    77
17.3841    79
17.3941    76
17.4041    61
17.4141    67
17.4241    74
17.4341    73
17.4441    72
17.4541    78
17.4641    76
17.4741    74
17.4841    65
17.4941    75
17.5041    89
17.5141    79
17.5241    71
17.5341    65
17.5441    85
17.5541    82
17.5641    69
17.5741    74
17.5841    79
17.5941    72
17.6041    74
17.6141    82
17.6241    91
17.6341    79
17.6441    76
17.6541    68
17.6641    75
17.6741    78
17.6841    72
17.6941    81
17.7041    87
17.7141    85
17.7241    90
17.7341    81
17.7441    77
17.7541    74
17.7641    70
17.7741    84
17.7841    80
17.7941    73
17.8041    75
17.8141    78
17.8241    73
17.8341    77
17.8441    67
17.8541    70
17.8641    73
17.8741    79
17.8841    75
17.8941    80
17.9041    81
17.9141    73
17.9241    83
17.9341    77
17.9441    78
17.9541    74
17.9641    72
17.9741    65
17.9841    71
17.9941    77
18.0041    71
18.0141    74
18.0241    72
18.0341    82
18.0441    81
18.0541    80
18.0641    90
18.0741    78
18.0841    79
18.0941    77
18.1041    70
18.1141    77
18.1241    80
18.1341    76
18.1441    87
18.1541    88
18.1641    74
18.1741    72
18.1841    75
18.1941    80
18.2041    91
18.2141    82
18.2241    80
18.2341    77
18.2441    78
18.2541    74
18.2641    68
18.2741    68
18.2841    75
18.2941    70
18.3041    54
18.3141    63
18.3241    77
18.3341    67
18.3441    81
18.3541    88
18.3641    93
18.3741    76
18.3841    65
18.3941    73
18.4041    70
18.4141    73
18.4241    82
18.4341    70
18.4441    77
18.4541    88
18.4641    85
18.4741    80
18.4841    84
18.4941    81
18.5041    79
18.5141    89
18.5241    89
18.5341    73
18.5441    79
18.5541    77
18.5641    78
18.5741    83
18.5841    82
18.5941    89
18.6041    80
18.6141    89
18.6241    84
18.6341    72
18.6441    84
18.6541    84
18.6641    84
18.6741    87
18.6841    85
18.6941    84
18.7041    93
18.7141    72
18.7241    86
18.7341    86
18.7441    82
18.7541    78
18.7641    79
18.7741    89
18.7841    99
18.7941    85
18.8041    89
18.8141    81
18.8241    74
18.8341    72
18.8441    90
18.8541    96
18.8641    89
18.8741    86
18.8841    79
18.8941    85
18.9041    84
18.9141    93
18.9241    87
18.9341    88
18.9441    83
18.9541    82
18.9641    71
18.9741    76
18.9841    84
18.9941    80
19.0041    84
19.0141    89
19.0241    91
19.0341    81
19.0441    91
19.0541    98
19.0641    93
19.0741    81
19.0841    85
19.0941    92
19.1041    83
19.1141    91
19.1241    79
19.1341    87
19.1441    92
19.1541    84
19.1641    81
19.1741    78
19.1841    89
19.1941   101
19.2041    79
19.2141    87
19.2241    84
19.2341    85
19.2441    89
19.2541    97
19.2641    78
19.2741    79
19.2841    89
19.2941   102
19.3041   103
19.3141   107
19.3241    81
19.3341    88
19.3441    97
19.3541    94
19.3641    99
19.3741   102
19.3841    99
19.3941    90
19.4041   107
19.4141   101
19.4241    81
19.4341    95
19.4441    92
19.4541    87
19.4641    94
19.4741   109
19.4841    99
19.4941    78
19.5041    86
19.5141    93
19.5241   101
19.5341    88
19.5441    76
19.5541    89
19.5641    88
19.5741    96
19.5841    89
19.5941    82
19.6041    94
19.6141    91
19.6241    88
19.6341    93
19.6441   110
19.6541   107
19.6641    95
19.6741    88
19.6841   101
19.6941    94
19.7041    79
19.7141    78
19.7241    93
19.7341   105
19.7441    92
19.7541    92
19.7641    90
19.7741    86
19.7841   103
19.7941    93
19.8041    97
19.8141    97
19.8241   115
19.8341   102
19.8441    89
19.8541    95
19.8641    83
19.8741   100
19.8841   111
19.8941   104
19.9041    87
19.9141    94
19.9241   100
19.9341    98
19.9441    89
19.9541    98
19.9641   103
19.9741   101
19.9841    90
19.9941    93
20.0041    84
20.0141    85
20.0241   102
20.0341    89
20.0441    97
20.0541    90
20.0641   101
20.0741   108
20.0841    95
20.0941    88
20.1041   103
20.1141    97
20.1241   110
20.1341   101
20.1441    91
20.1541    92
20.1641   109
20.1741    85
20.1841    92
20.1941    93
20.2041   105
20.2141    90
20.2241   103
20.2341   106
20.2441   104
20.2541    95
20.2641   101
20.2741   110
20.2841   115
20.2941    89
20.3041   100
20.3141    97
20.3241   102
20.3341    97
20.3441   100
20.3541    84
20.3641    98
20.3741   107
20.3841    96
20.3941   106
20.4041   101
20.4141   102
20.4241   104
20.4341   100
20.4441    96
20.4541   111
20.4641    94
20.4741   101
20.4841    92
20.4941    99
20.5041    90
20.5141   104
20.5241    99
20.5341   129
20.5441   100
20.5541    88
20.5641    97
20.5741   101
20.5841   103
20.5941    96
20.6041    95
20.6141   112
20.6241    95
20.6341   107
20.6441    93
20.6541    99
20.6641   104
20.6741   102
20.6841   102
20.6941   111
20.7041   109
20.7141    89
20.7241    97
20.7341    97
20.7441   119
20.7541    78
20.7641   120
20.7741   113
20.7841   112
20.7941    97
20.8041   106
20.8141   121
20.8241   102
20.8341   102
20.8441   114
20.8541   108
20.8641   113
20.8741   111
20.8841   109
20.8941   142
20.9041   121
20.9141   127
20.9241   123
20.9341   148
20.9441   147
20.9541   127
20.9641   137
20.9741   145
20.9841   137
20.9941   153
21.0041   155
21.0141   144
21.0241   152
21.0341   174
21.0441   158
21.0541   162
21.0641   143
21.0741   170
21.0841   167
21.0941   206
21.1041   173
21.1141   173
21.1241   179
21.1341   183
21.1441   183
21.1541   189
21.1641   182
21.1741   167
21.1841   159
21.1941   153
21.2041   150
21.2141   165
21.2241   139
21.2341   154
21.2441   154
21.2541   133
21.2641   159
21.2741   145
21.2841   130
21.2941   112
21.3041   145
21.3141   130
21.3241   109
21.3341   120
21.3441   146
21.3541   106
21.3641   123
21.3741   107
21.3841    97
21.3941   118
21.4041   130
21.4141   119
21.4241   126
21.4341   121
21.4441   107
21.4541   108
21.4641   121
21.4741   103
21.4841   113
21.4941   112
21.5041   112
21.5141   120
21.5241   111
21.5341   113
21.5441   102
21.5541   104
21.5641   104
21.5741   130
21.5841   114
21.5941   109
21.6041    98
21.6141   108
21.6241   117
21.6341    91
21.6441    96
21.6541   116
21.6641   128
21.6741   110
21.6841   108
21.6941   103
21.7041   122
21.7141   111
21.7241   109
21.7341   103
21.7441   107
21.7541   108
21.7641   104
21.7741   108
21.7841   108
21.7941   115
21.8041   109
21.8141   106
21.8241   108
21.8341   112
21.8441   109
21.8541    96
21.8641   103
21.8741   117
21.8841    96
21.8941    97
21.9041   108
21.9141   108
21.9241   104
21.9341   112
21.9441   114
21.9541   103
21.9641   106
21.9741    91
21.9841   105
21.9941   118
22.0041   119
22.0141   112
22.0241    97
22.0341    86
22.0441   115
22.0541   120
22.0641   127
22.0741   103
22.0841   121
22.0941   106
22.1041    94
22.1141   116
22.1241   100
22.1341   103
22.1441   107
22.1541   105
22.1641   111
22.1741   116
22.1841   102
22.1941   106
22.2041   110
22.2141   112
22.2241   105
22.2341    96
22.2441    99
22.2541    88
22.2641   117
22.2741   125
22.2841   117
22.2941   124
22.3041    99
22.3141   114
22.3241    94
22.3341    99
22.3441   107
22.3541    98
22.3641   107
22.3741   118
22.3841   104
22.3941   109
22.4041   106
22.4141   113
22.4241   105
22.4341   115
22.4441   117
22.4541    99
22.4641    91
22.4741   116
22.4841   123
22.4941   104
22.5041   105
22.5141   100
22.5241   102
22.5341   105
22.5441    99
22.5541    87
22.5641    98
22.5741   112
22.5841   113
22.5941   108
22.6041   107
22.6141   113
22.6241   115
22.6341   126
22.6441   112
22.6541   112
22.6641   127
22.6741    93
22.6841   110
22.6941   107
22.7041   105
22.7141   112
22.7241   106
22.7341   111
22.7441   115
22.7541   122
22.7641   108
22.7741   118
22.7841   109
22.7941   113
22.8041   109
22.8141   120
22.8241    80
22.8341   121
22.8441   114
22.8541   108
22.8641    98
22.8741    94
22.8841   127
22.8941   106
22.9041   106
22.9141    95
22.9241   116
22.9341   109
22.9441   128
22.9541    97
22.9641   103
22.9741   111
22.9841   105
22.9941   111
23.0041   118
23.0141    98
23.0241   124
23.0341   100
23.0441   104
23.0541   112
23.0641    89
23.0741   120
23.0841   105
23.0941    87
23.1041   101
23.1141   103
23.1241   124
23.1341    97
23.1441    99
23.1541   116
23.1641   103
23.1741   117
23.1841   108
23.1941    83
23.2041   122
23.2141   111
23.2241   142
23.2341   123
23.2441   116
23.2541   108
23.2641   121
23.2741    99
23.2841   111
23.2941    96
23.3041   119
23.3141   112
23.3241   119
23.3341   107
23.3441   115
23.3541   110
23.3641   110
23.3741   106
23.3841    97
23.3941   104
23.4041    98
23.4141   112
23.4241   123
23.4341   124
23.4441   126
23.4541   110
23.4641   121
23.4741   112
23.4841   107
23.4941   113
23.5041   109
23.5141   129
23.5241   112
23.5341   107
23.5441   100
23.5541   107
23.5641   107
23.5741   106
23.5841   111
23.5941   119
23.6041   101
23.6141   104
23.6241    74
23.6341   105
23.6441   118
23.6541   134
23.6641    99
23.6741   111
23.6841    98
23.6941   114
23.7041   111
23.7141   102
23.7241   134
23.7341   125
23.7441   122
23.7541   130
23.7641    99
23.7741   118
23.7841   126
23.7941   122
23.8041   111
23.8141   138
23.8241   116
23.8341   124
23.8441   130
23.8541   116
23.8641   120
23.8741   126
23.8841    92
23.8941   117
23.9041   111
23.9141   120
23.9241   100
23.9341   109
23.9441   122
23.9541   118
23.9641    92
23.9741   124
23.9841   110
23.9941   108
24.0041   101
24.0141   125
24.0241   107
24.0341   118
24.0441   125
24.0541   103
24.0641   103
24.0741    99
24.0841    95
24.0941   111
24.1041   107
24.1141   125
24.1241   116
24.1341   111
24.1441   101
24.1541   113
24.1641    89
24.1741   119
24.1841   104
24.1941   112
24.2041   106
24.2141   120
24.2241   104
24.2341   107
24.2441   119
24.2541   106
24.2641   117
24.2741   107
24.2841   129
24.2941   102
24.3041   112
24.3141   100
24.3241    97
24.3341   117
24.3441   114
24.3541   113
24.3641   107
24.3741   109
24.3841   108
24.3941   114
24.4041   112
24.4141    88
24.4241   102
24.4341   112
24.4441   113
24.4541    91
24.4641   113
24.4741   105
24.4841   105
24.4941    87
24.5041   113
24.5141    92
24.5241   104
24.5341   114
24.5441    98
24.5541    89
24.5641    92
24.5741   112
24.5841   111
24.5941   116
24.6041   100
24.6141   110
24.6241   109
24.6341    99
24.6441    96
24.6541   110
24.6641    94
24.6741   104
24.6841   103
24.6941    91
24.7041   102
24.7141    92
24.7241   107
24.7341    91
24.7441    86
24.7541   102
24.7641   104
24.7741   101
24.7841    89
24.7941   122
24.8041   107
24.8141   104
24.8241   104
24.8341    92
24.8441   100
24.8541    94
24.8641    85
24.8741   111
24.8841   106
24.8941   120
24.9041    96
24.9141   115
24.9241   108
24.9341   115
24.9441    92
24.9541   109
24.9641    98
24.9741   110
24.9841    95
24.9941    96
25.0041    94
25.0141    97
25.0241    91
25.0341    97
25.0441   121
25.0541    95
25.0641   111
25.0741   106
25.0841    93
25.0941   101
25.1041   104
25.1141   102
25.1241   104
25.1341   102
25.1441    99
25.1541   122
25.1641   124
25.1741   104
25.1841   110
25.1941   123
25.2041   117
25.2141   111
25.2241    89
25.2341   102
25.2441   112
25.2541   104
25.2641   101
25.2741    90
25.2841   109
25.2941    80
25.3041    94
25.3141   121
25.3241    95
25.3341   100
25.3441   107
25.3541   114
25.3641   113
25.3741   112
25.3841    92
25.3941   103
25.4041    97
25.4141   101
25.4241    95
25.4341   102
25.4441   100
25.4541   101
25.4641    91
25.4741   106
25.4841   108
25.4941    98
25.5041   110
25.5141   101
25.5241   104
25.5341    99
25.5441    98
25.5541    90
25.5641    84
25.5741    91
25.5841   121
25.5941   112
25.6041    91
25.6141    90
25.6241   115
25.6341   124
25.6441   104
25.6541    96
25.6641   101
25.6741    99
25.6841    96
25.6941    92
25.7041    95
25.7141    98
25.7241   107
25.7341    99
25.7441   124
25.7541   101
25.7641   107
25.7741    99
25.7841   113
25.7941    90
25.8041    89
25.8141    92
25.8241   109
25.8341    97
25.8441    96
25.8541    97
25.8641    99
25.8741    99
25.8841   110
25.8941    95
25.9041    95
25.9141    91
25.9241   125
25.9341   106
25.9441    94
25.9541    99
25.9641    93
25.9741   109
25.9841    99
25.9941    89
26.0041    99
26.0141    97
26.0241   102
26.0341    95
26.0441   110
26.0541   109
26.0641    75
26.0741    80
26.0841    88
26.0941    87
26.1041    93
26.1141    93
26.1241    87
26.1341    94
26.1441    88
26.1541    85
26.1641    90
26.1741    94
26.1841   102
26.1941    92
26.2041    88
26.2141    99
26.2241    89
26.2341   105
26.2441   104
26.2541   113
26.2641    77
26.2741    90
26.2841    91
26.2941   100
26.3041    84
26.3141    90
26.3241   101
26.3341   106
26.3441   103
26.3541    96
26.3641    89
26.3741   105
26.3841    92
26.3941    78
26.4041    80
26.4141    95
26.4241   100
26.4341   102
26.4441    88
26.4541    89
26.4641    90
26.4741    93
26.4841    86
26.4941    92
26.5041   100
26.5141    86
26.5241    96
26.5341    82
26.5441    80
26.5541    88
26.5641    90
26.5741    90
26.5841   105
26.5941    80
26.6041    87
26.6141   100
26.6241    86
26.6341    91
26.6441   102
26.6541    88
26.6641    91
26.6741    79
26.6841    89
26.6941    87
26.7041    83
26.7141   100
26.7241    98
26.7341    92
26.7441    96
26.7541    92
26.7641    84
26.7741    94
26.7841    87
26.7941    99
26.8041    91
26.8141    98
26.8241    95
26.8341    89
26.8441    82
26.8541    92
26.8641    91
26.8741    82
26.8841   107
26.8941    92
26.9041   113
26.9141    93
26.9241    75
26.9341    80
26.9441    86
26.9541    99
26.9641    99
26.9741   111
26.9841    90
26.9941   105
27.0041   100
27.0141    74
27.0241    95
27.0341   100
27.0441    99
27.0541    87
27.0641    93
27.0741    71
27.0841    99
27.0941    95
27.1041    86
27.1141    89
27.1241    96
27.1341    85
27.1441    95
27.1541    82
27.1641    92
27.1741    94
27.1841    82
27.1941    79
27.2041    90
27.2141    86
27.2241    98
27.2341    86
27.2441   100
27.2541    82
27.2641    84
27.2741   110
27.2841    95
27.2941    78
27.3041    94
27.3141    95
27.3241    74
27.3341    75
27.3441    84
27.3541    89
27.3641    88
27.3741    90
27.3841    97
27.3941    83
27.4041    84
27.4141    92
27.4241    89
27.4341    96
27.4441    94
27.4541    68
27.4641    78
27.4741    85
27.4841    86
27.4941    85
27.5041    91
27.5141    71
27.5241    90
27.5341   103
27.5441    83
27.5541    77
27.5641    91
27.5741    76
27.5841    92
27.5941    88
27.6041    95
27.6141    85
27.6241    78
27.6341    82
27.6441    84
27.6541    84
27.6641    89
27.6741    86
27.6841    83
27.6941    84
27.7041    90
27.7141    80
27.7241    87
27.7341    82
27.7441    87
27.7541    78
27.7641    73
27.7741    68
27.7841    85
27.7941    91
27.8041    81
27.8141    83
27.8241    92
27.8341    79
27.8441    96
27.8541    90
27.8641    88
27.8741    79
27.8841    67
27.8941    82
27.9041    80
27.9141    86
27.9241    83
27.9341    72
27.9441    80
27.9541    89
27.9641    80
27.9741    76
27.9841    82
27.9941    94
28.0041    83
28.0141    91
28.0241    76
28.0341    81
28.0441    78
28.0541    66
28.0641    73
28.0741    69
28.0841    70
28.0941    87
28.1041    77
28.1141    76
28.1241    74
28.1341    77
28.1441    73
28.1541    78
28.1641    70
28.1741    85
28.1841    84
28.1941    77
28.2041    78
28.2141    86
28.2241    81
28.2341    87
28.2441    85
28.2541    90
28.2641    81
28.2741    74
28.2841    81
28.2941    89
28.3041    80
28.3141    79
28.3241    81
28.3341    83
28.3441    82
28.3541    68
28.3641    64
28.3741    70
28.3841    79
28.3941    77
28.4041    76
28.4141    77
28.4241    84
28.4341    74
28.4441    78
28.4541    81
28.4641    84
28.4741    82
28.4841    68
28.4941    97
28.5041    78
28.5141    89
28.5241    71
28.5341    88
28.5441    82
28.5541    77
28.5641    69
28.5741    75
28.5841    90
28.5941    75
28.6041    88
28.6141    79
28.6241    65
28.6341    85
28.6441    82
28.6541    87
28.6641    78
28.6741    67
28.6841    75
28.6941    69
28.7041    79
28.7141    84
28.7241    87
28.7341    82
28.7441    70
28.7541    85
28.7641    60
28.7741    69
28.7841    66
28.7941    74
28.8041    54
28.8141    76
28.8241    85
28.8341    68
28.8441    73
28.8541    92
28.8641    84
28.8741    71
28.8841    72
28.8941    55
28.9041    62
28.9141    82
28.9241    59
28.9341    76
28.9441    72
28.9541    75
28.9641    65
28.9741    78
28.9841    77
28.9941    74
29.0041    87
29.0141    80
29.0241    84
29.0341    83
29.0441    71
29.0541    81
29.0641    72
29.0741    69
29.0841    73
29.0941    80
29.1041    79
29.1141    71
29.1241    58
29.1341    63
29.1441    63
29.1541    63
29.1641    66
29.1741    81
29.1841    79
29.1941    63
29.2041    75
29.2141    73
29.2241    74
29.2341    68
29.2441    74
29.2541    75
29.2641    70
29.2741    68
29.2841    80
29.2941    70
29.3041    76
29.3141    71
29.3241    83
29.3341    74
29.3441    74
29.3541    57
29.3641    69
29.3741    75
29.3841    78
29.3941    70
29.4041    85
29.4141    67
29.4241    70
29.4341    81
29.4441    75
29.4541    74
29.4641    74
29.4741    73
29.4841    67
29.4941    61
29.5041    84
29.5141    74
29.5241    54
29.5341    69
29.5441    65
29.5541    68
29.5641    74
29.5741    61
29.5841    55
29.5941    78
29.6041    68
29.6141    80
29.6241    71
29.6341    66
29.6441    57
29.6541    74
29.6641    64
29.6741    73
29.6841    59
29.6941    67
29.7041    73
29.7141    82
29.7241    74
29.7341    68
29.7441    50
29.7541    71
29.7641    66
29.7741    82
29.7841    56
29.7941    57
29.8041    59
29.8141    57
29.8241    77
29.8341    69
29.8441    69
29.8541    71
29.8641    65
29.8741    67
29.8841    62
29.8941    61
29.9041    72
29.9141    69
29.9241    65
29.9341    77
29.9441    57
29.9541    57
29.9641    62
29.9741    65
29.9841    68
29.9941    54
30.0041    72
30.0141    68
30.0241    67
30.0341    68
30.0441    53
30.0541    64
30.0641    66
30.0741    65
30.0841    72
30.0941    76
30.1041    61
30.1141    60
30.1241    67
30.1341    58
30.1441    67
30.1541    57
30.1641    44
30.1741    62
30.1841    68
30.1941    63
30.2041    60
30.2141    58
30.2241    65
30.2341    73
30.2441    65
30.2541    68
30.2641    60
30.2741    64
30.2841    62
30.2941    63
30.3041    57
30.3141    57
30.3241    63
30.3341    65
30.3441    55
30.3541    60
30.3641    77
30.3741    62
30.3841    65
30.3941    62
30.4041    61
30.4141    56
30.4241    57
30.4341    65
30.4441    49
30.4541    50
30.4641    63
30.4741    58
30.4841    47
30.4941    64
30.5041    61
30.5141    54
30.5241    53
30.5341    68
30.5441    65
30.5541    60
30.5641    63
30.5741    56
30.5841    65
30.5941    57
30.6041    52
30.6141    67
30.6241    64
30.6341    50
30.6441    68
30.6541    61
30.6641    50
30.6741    49
30.6841    65
30.6941    64
30.7041    55
30.7141    50
30.7241    59
30.7341    65
30.7441    61
30.7541    73
30.7641    54
30.7741    58
30.7841    55
30.7941    65
30.8041    63
30.8141    59
30.8241    54
30.8341    61
30.8441    60
30.8541    62
30.8641    66
30.8741    51
30.8841    61
30.8941    46
30.9041    56
30.9141    63
30.9241    66
30.9341    43
30.9441    68
30.9541    58
30.9641    52
30.9741    54
30.9841    53
30.9941    66
31.0041    58
31.0141    55
31.0241    63
31.0341    50
31.0441    75
31.0541    49
31.0641    58
31.0741    63
31.0841    59
31.0941    50
31.1041    63
31.1141    57
31.1241    65
31.1341    53
31.1441    60
31.1541    44
31.1641    56
31.1741    56
31.1841    55
31.1941    60
31.2041    59
31.2141    62
31.2241    57
31.2341    61
31.2441    47
31.2541    50
31.2641    59
31.2741    61
31.2841    52
31.2941    58
31.3041    57
31.3141    48
31.3241    44
31.3341    63
31.3441    51
31.3541    53
31.3641    49
31.3741    58
31.3841    60
31.3941    54
31.4041    64
31.4141    55
31.4241    55
31.4341    56
31.4441    56
31.4541    50
31.4641    49
31.4741    49
31.4841    51
31.4941    57
31.5041    66
31.5141    50
31.5241    59
31.5341    56
31.5441    59
31.5541    57
31.5641    65
31.5741    62
31.5841    59
31.5941    55
31.6041    54
31.6141    46
31.6241    49
31.6341    50
31.6441    59
31.6541    51
31.6641    50
31.6741    60
31.6841    52
31.6941    45
31.7041    47
31.7141    55
31.7241    58
31.7341    54
31.7441    61
31.7541    44
31.7641    52
31.7741    66
31.7841    61
31.7941    55
31.8041    61
31.8141    47
31.8241    59
31.8341    54
31.8441    50
31.8541    46
31.8641    46
31.8741    53
31.8841    50
31.8941    59
31.9041    46
31.9141    53
31.9241    38
31.9341    55
31.9441    41
31.9541    41
31.9641    46
31.9741    44
31.9841    47
31.9941    49
32.0041    45
32.0141    48
32.0241    61
32.0341    44
32.0441    45
32.0541    55
32.0641    49
32.0741    52
32.0841    59
32.0941    47
32.1041    52
32.1141    44
32.1241    42
32.1341    58
32.1441    46
32.1541    54
32.1641    52
32.1741    52
32.1841    51
32.1941    50
32.2041    46
32.2141    50
32.2241    35
32.2341    35
32.2441    59
32.2541    55
32.2641    43
32.2741    35
32.2841    55
32.2941    50
32.3041    46
32.3141    44
32.3241    44
32.3341    45
32.3441    51
32.3541    47
32.3641    45
32.3741    30
32.3841    40
32.3941    52
32.4041    47
32.4141    52
32.4241    46
32.4341    45
32.4441    45
32.4541    49
32.4641    50
32.4741    43
32.4841    39
32.4941    43
32.5041    44
32.5141    46
32.5241    49
32.5341    49
32.5441    41
32.5541    50
32.5641    46
32.5741    31
32.5841    46
32.5941    40
32.6041    37
32.6141    41
32.6241    44
32.6341    43
32.6441    40
32.6541    37
32.6641    53
32.6741    39
32.6841    46
32.6941    44
32.7041    40
32.7141    41
32.7241    45
32.7341    42
32.7441    47
32.7541    47
32.7641    41
32.7741    40
32.7841    54
32.7941    45
32.8041    42
32.8141    29
32.8241    43
32.8341    48
32.8441    41
32.8541    41
32.8641    37
32.8741    30
32.8841    41
32.8941    39
32.9041    48
32.9141    43
32.9241    49
32.9341    41
32.9441    46
32.9541    42
32.9641    39
32.9741    38
32.9841    46
32.9941    40
33.0041    47
33.0141    43
33.0241    48
33.0341    44
33.0441    36
33.0541    36
33.0641    46
33.0741    45
33.0841    37
33.0941    33
33.1041    33
33.1141    44
33.1241    60
33.1341    40
33.1441    35
33.1541    52
33.1641    36
33.1741    42
33.1841    41
33.1941    33
33.2041    42
33.2141    39
33.2241    36
33.2341    33
33.2441    46
33.2541    35
33.2641    44
33.2741    24
33.2841    37
33.2941    35
33.3041    53
33.3141    44
33.3241    40
33.3341    42
33.3441    48
33.3541    37
33.3641    45
33.3741    41
33.3841    40
33.3941    49
33.4041    47
33.4141    36
33.4241    40
33.4341    35
33.4441    42
33.4541    33
33.4641    35
33.4741    33
33.4841    43
33.4941    35
33.5041    49
33.5141    36
33.5241    33
33.5341    37
33.5441    36
33.5541    52
33.5641    26
33.5741    26
33.5841    35
33.5941    42
33.6041    38
33.6141    43
33.6241    43
33.6341    44
33.6441    49
33.6541    41
33.6641    36
33.6741    38
33.6841    36
33.6941    44
33.7041    41
33.7141    35
33.7241    34
33.7341    35
33.7441    37
33.7541    34
33.7641    33
33.7741    32
33.7841    30
33.7941    41
33.8041    31
33.8141    38
33.8241    36
33.8341    42
33.8441    35
33.8541    29
33.8641    39
33.8741    22
33.8841    28
33.8941    35
33.9041    39
33.9141    36
33.9241    40
33.9341    37
33.9441    38
33.9541    35
33.9641    28
33.9741    42
33.9841    26
33.9941    36
34.0041    29
34.0141    40
34.0241    30
34.0341    36
34.0441    39
34.0541    32
34.0641    42
34.0741    39
34.0841    36
34.0941    32
34.1041    38
34.1141    31
34.1241    49
34.1341    38
34.1441    44
34.1541    35
34.1641    39
34.1741    40
34.1841    34
34.1941    31
34.2041    37
34.2141    38
34.2241    45
34.2341    36
34.2441    34
34.2541    39
34.2641    32
34.2741    33
34.2841    35
34.2941    38
34.3041    41
34.3141    25
34.3241    21
34.3341    41
34.3441    39
34.3541    29
34.3641    31
34.3741    43
34.3841    32
34.3941    27
34.4041    32
34.4141    30
34.4241    35
34.4341    29
34.4441    34
34.4541    45
34.4641    36
34.4741    26
34.4841    32
34.4941    32
34.5041    30
34.5141    37
34.5241    26
34.5341    39
34.5441    33
34.5541    28
34.5641    39
34.5741    30
34.5841    25
34.5941    27
34.6041    32
34.6141    30
34.6241    34
34.6341    33
34.6441    47
34.6541    46
34.6641    36
34.6741    33
34.6841    25
34.6941    35
34.7041    29
34.7141    39
34.7241    21
34.7341    42
34.7441    35
34.7541    28
34.7641    32
34.7741    38
34.7841    32
34.7941    29
34.8041    41
34.8141    29
34.8241    27
34.8341    29
34.8441    37
34.8541    28
34.8641    27
34.8741    32
34.8841    32
34.8941    32
34.9041    20
34.9141    37
34.9241    27
34.9341    24
34.9441    23
34.9541    21
34.9641    31
34.9741    27
34.9841    39
34.9941    27
35.0041    26
35.0141    32
35.0241    30
35.0341    30
35.0441    22
35.0541    33
35.0641    24
35.0741    25
35.0841    31
35.0941    29
35.1041    22
35.1141    21
35.1241    27
35.1341    25
35.1441    29
35.1541    39
35.1641    22
35.1741    22
35.1841    27
35.1941    23
35.2041    29
35.2141    30
35.2241    31
35.2341    29
35.2441    20
35.2541    26
35.2641    20
35.2741    26
35.2841    25
35.2941    30
35.3041    31
35.3141    32
35.3241    31
35.3341    19
35.3441    30
35.3541    25
35.3641    22
35.3741    38
35.3841    21
35.3941    28
35.4041    21
35.4141    31
35.4241    34
35.4341    24
35.4441    34
35.4541    30
35.4641    16
35.4741    22
35.4841    27
35.4941    12
35.5041    25
35.5141    28
35.5241    26
35.5341    23
35.5441    23
35.5541    17
35.5641    31
35.5741    29
35.5841    25
35.5941    33
35.6041    31
35.6141    22
35.6241    19
35.6341    17
35.6441    21
35.6541    23
35.6641    12
35.6741    24
35.6841    34
35.6941    30
35.7041    19
35.7141    31
35.7241    24
35.7341    21
35.7441    30
35.7541    22
35.7641    25
35.7741    27
35.7841    26
35.7941    25
35.8041    23
35.8141    17
35.8241    29
35.8341    15
35.8441    21
35.8541    20
35.8641    24
35.8741    26
35.8841    32
35.8941    23
35.9041    24
35.9141    25
35.9241    29
35.9341    22
35.9441    17
35.9541    28
35.9641    12
35.9741    27
35.9841    27
35.9941    16
36.0041    30
36.0141    22
36.0241    24
36.0341    25
36.0441    28
36.0541    29
36.0641    33
36.0741    28
36.0841    18
36.0941    16
36.1041    24
36.1141    27
36.1241    14
36.1341    18
36.1441    23
36.1541    22
36.1641    28
36.1741    19
36.1841    17
36.1941    25
36.2041    29
36.2141    13
36.2241    42
36.2341    31
36.2441    20
36.2541    24
36.2641    20
36.2741    26
36.2841    19
36.2941    16
36.3041    16
36.3141    29
36.3241    28
36.3341    15
36.3441    21
36.3541    22
36.3641    29
36.3741    15
36.3841    20
36.3941    22
36.4041    19
36.4141    18
36.4241    29
36.4341    27
36.4441    25
36.4541    20
36.4641    21
36.4741    21
36.4841    19
36.4941    20
36.5041    20
36.5141    22
36.5241    15
36.5341    33
36.5441    20
36.5541    19
36.5641    17
36.5741    13
36.5841    24
36.5941    16
36.6041    16
36.6141    19
36.6241    18
36.6341    28
36.6441    28
36.6541    27
36.6641    27
36.6741    20
36.6841    22
36.6941    15
36.7041    23
36.7141    26
36.7241    26
36.7341    20
36.7441    20
36.7541    17
36.7641    19
36.7741    20
36.7841    20
36.7941    15
36.8041    14
36.8141    19
36.8241    19
36.8341    24
36.8441    23
36.8541    21
36.8641    18
36.8741    18
36.8841    24
36.8941    20
36.9041    18
36.9141    17
36.9241    18
36.9341    22
36.9441    23
36.9541    20
36.9641    22
36.9741    14
36.9841    21
36.9941    17
37.0041    21
37.0141    12
37.0241    14
37.0341    19
37.0441    18
37.0541    19
37.0641    23
37.0741    23
37.0841    17
37.0941    19
37.1041    19
37.1141    19
37.1241    26
37.1341    19
37.1441    23
37.1541    17
37.1641    15
37.1741    25
37.1841    17
37.1941    15
37.2041    16
37.2141    16
37.2241    17
37.2341    14
37.2441    15
37.2541    10
37.2641    25
37.2741    19
37.2841    17
37.2941    20
37.3041    19
37.3141    23
37.3241    19
37.3341    18
37.3441    27
37.3541    30
37.3641    25
37.3741    25
37.3841    13
37.3941    21
37.4041    21
37.4141    19
37.4241    12
37.4341    12
37.4441    13
37.4541    14
37.4641    16
37.4741    17
37.4841    20
37.4941    16
37.5041    19
37.5141    17
37.5241    24
37.5341    19
37.5441    22
37.5541    19
37.5641    11
37.5741    17
37.5841    21
37.5941    20
37.6041    14
37.6141    17
37.6241    19
37.6341    20
37.6441    15
37.6541    14
37.6641    22
37.6741    14
37.6841    14
37.6941    18
37.7041    15
37.7141    12
37.7241    12
37.7341    12
37.7441    18
37.7541    17
37.7641    17
37.7741    15
37.7841    12
37.7941    11
37.8041    14
37.8141    19
37.8241    20
37.8341    24
37.8441    12
37.8541    15
37.8641    15
37.8741    18
37.8841    17
37.8941    13
37.9041    21
37.9141    17
37.9241    13
37.9341    17
37.9441    11
37.9541    11
37.9641    11
37.9741    11
37.9841    14
37.9941    10
38.0041    14
38.0141    16
38.0241    17
38.0341    19
38.0441    20
38.0541    15
38.0641    12
38.0741    22
38.0841    14
38.0941    10
38.1041    21
38.1141    22
38.1241    21
38.1341    17
38.1441    15
38.1541    18
38.1641    17
38.1741    13
38.1841    10
38.1941    11
38.2041    11
38.2141    15
38.2241    13
38.2341    15
38.2441    15
38.2541    13
38.2641    15
38.2741    12
38.2841    17
38.2941    18
38.3041    18
38.3141    12
38.3241    13
38.3341     8
38.3441    16
38.3541    18
38.3641    11
38.3741    12
38.3841     9
38.3941     7
38.4041    15
38.4141    12
38.4241    18
38.4341    17
38.4441    10
38.4541    18
38.4641    14
38.4741     7
38.4841    12
38.4941     8
38.5041    17
38.5141    12
38.5241    17
38.5341    11
38.5441     6
38.5541    13
38.5641    10
38.5741    20
38.5841    20
38.5941    14
38.6041    14
38.6141    10
38.6241    10
38.6341    11
38.6441    15
38.6541    13
38.6641    11
38.6741    13
38.6841     9
38.6941    10
38.7041    12
38.7141     8
38.7241    10
38.7341    14
38.7441    15
38.7541     8
38.7641    13
38.7741     7
38.7841     8
38.7941    13
38.8041    17
38.8141    15
38.8241    15
38.8341    12
38.8441     6
38.8541    13
38.8641    12
38.8741    11
38.8841    12
38.8941    10
38.9041    11
38.9141    22
38.9241    12
38.9341    15
38.9441    13
38.9541    14
38.9641    11
38.9741    10
38.9841     8
38.9941    10
39.0041    12
39.0141    12
39.0241     8
39.0341     8
39.0441     8
39.0541     7
39.0641     9
39.0741    11
39.0841    12
39.0941    14
39.1041    12
39.1141    15
39.1241    12
39.1341    13
39.1441     4
39.1541     8
39.1641    15
39.1741    10
39.1841    11
39.1941    12
39.2041    13
39.2141     7
39.2241     9
39.2341    11
39.2441    10
39.2541    13
39.2641     4
39.2741    12
39.2841     9
39.2941    20
39.3041     7
39.3141    12
39.3241     6
39.3341     8
39.3441     9
39.3541    11
39.3641    13
39.3741    10
39.3841     9
39.3941    16
39.4041     6
39.4141    12
39.4241     9
39.4341    11
39.4441    11
39.4541     5
39.4641     8
39.4741     8
39.4841    10
39.4941     6
39.5041    14
39.5141     7
39.5241     7
39.5341     6
39.5441     8
39.5541    14
39.5641     6
39.5741     8
39.5841    10
39.5941    10
39.6041     9
39.6141     7
39.6241     7
39.6341     7
39.6441     7
39.6541     5
39.6641     7
39.6741    12
39.6841     4
39.6941     7
39.7041     5
39.7141     7
39.7241    10
39.7341     7
39.7441     9
39.7541    10
39.7641     6
39.7741     8
39.7841     9
39.7941     8
39.8041    10
39.8141     9
39.8241     5
39.8341     6
39.8441     2
39.8541     7
39.8641     8
39.8741    10
39.8841     6
39.8941     9
39.9041    11
39.9141    11
39.9241     8
39.9341     6
39.9441    10
39.9541    10
39.9641     9
39.9741     7
39.9841     4
