Bruker Nano GmbH Berlin, Germany
Esprit 1.9

Date: 5/14/2021 3:49:09 PM
Real time: 14039
Life time: 13024
Pulse density: 108833


Detector type: XFlash 430
Window type: Custom type
Detector thickness: 0.45
Si dead layer:0.029

Calibration, lin.: 10
Calibration, abs.: -955.9
Mn FWHM: 137.05
Fano factor: 0.121
Channels: 4095

Energy Counts
-0.9559     0
-0.9459     0
-0.9359     0
-0.9259     0
-0.9159     0
-0.9059     0
-0.8959     0
-0.8859     0
-0.8759     0
-0.8659     0
-0.8559     0
-0.8459     0
-0.8359     0
-0.8259     0
-0.8159     0
-0.8059     0
-0.7959     0
-0.7859     0
-0.7759     0
-0.7659     0
-0.7559     0
-0.7459     0
-0.7359     0
-0.7259     0
-0.7159     0
-0.7059     0
-0.6959     0
-0.6859     0
-0.6759     0
-0.6659     0
-0.6559     0
-0.6459     0
-0.6359     0
-0.6259     0
-0.6159     0
-0.6059     0
-0.5959     0
-0.5859     0
-0.5759     0
-0.5659     0
-0.5559     0
-0.5459     0
-0.5359     0
-0.5259     0
-0.5159     0
-0.5059     0
-0.4959     0
-0.4859     0
-0.4759     0
-0.4659     0
-0.4559     0
-0.4459     0
-0.4359     0
-0.4259     0
-0.4159     0
-0.4059     0
-0.3959     0
-0.3859     0
-0.3759     0
-0.3659     0
-0.3559     0
-0.3459     0
-0.3359     0
-0.3259     0
-0.3159     0
-0.3059     0
-0.2959     0
-0.2859     0
-0.2759     0
-0.2659     0
-0.2559     0
-0.2459     0
-0.2359     0
-0.2259     0
-0.2159     0
-0.2059     0
-0.1959     0
-0.1859     0
-0.1759     0
-0.1659     0
-0.1559     0
-0.1459     0
-0.1359     0
-0.1259     0
-0.1159     1
-0.1059    11
-0.0959    40
-0.0859   161
-0.0759   517
-0.0659  1521
-0.0559  3773
-0.0459  8433
-0.0359 15484
-0.0259 24856
-0.0159 34360
-0.0059 39434
 0.0041 40209
 0.0141 34384
 0.0241 25572
 0.0341 16258
 0.0441  8600
 0.0541  4065
 0.0641  1653
 0.0741   579
 0.0841   165
 0.0941    46
 0.1041    16
 0.1141    13
 0.1241     9
 0.1341     4
 0.1441     1
 0.1541     0
 0.1641     2
 0.1741    14
 0.1841   120
 0.1941   246
 0.2041   203
 0.2141   203
 0.2241   191
 0.2341   214
 0.2441   203
 0.2541   205
 0.2641   197
 0.2741   179
 0.2841   201
 0.2941   203
 0.3041   178
 0.3141   187
 0.3241   205
 0.3341   198
 0.3441   200
 0.3541   183
 0.3641   157
 0.3741   169
 0.3841   186
 0.3941   183
 0.4041   183
 0.4141   181
 0.4241   191
 0.4341   184
 0.4441   185
 0.4541   183
 0.4641   204
 0.4741   193
 0.4841   177
 0.4941   174
 0.5041   169
 0.5141   168
 0.5241   168
 0.5341   169
 0.5441   168
 0.5541   177
 0.5641   177
 0.5741   171
 0.5841   177
 0.5941   161
 0.6041   156
 0.6141   151
 0.6241   157
 0.6341   161
 0.6441   163
 0.6541   161
 0.6641   150
 0.6741   140
 0.6841   142
 0.6941   142
 0.7041   144
 0.7141   146
 0.7241   150
 0.7341   150
 0.7441   138
 0.7541   145
 0.7641   140
 0.7741   140
 0.7841   144
 0.7941   148
 0.8041   156
 0.8141   154
 0.8241   151
 0.8341   143
 0.8441   140
 0.8541   152
 0.8641   150
 0.8741   161
 0.8841   150
 0.8941   134
 0.9041   154
 0.9141   142
 0.9241   139
 0.9341   136
 0.9441   147
 0.9541   139
 0.9641   137
 0.9741   138
 0.9841   126
 0.9941   138
 1.0041   135
 1.0141   136
 1.0241   129
 1.0341   119
 1.0441   149
 1.0541   147
 1.0641   123
 1.0741   125
 1.0841   122
 1.0941   135
 1.1041   153
 1.1141   158
 1.1241   131
 1.1341   125
 1.1441   120
 1.1541   131
 1.1641   135
 1.1741   139
 1.1841   120
 1.1941   125
 1.2041   133
 1.2141   128
 1.2241   142
 1.2341   109
 1.2441   115
 1.2541   116
 1.2641   124
 1.2741   136
 1.2841   119
 1.2941   114
 1.3041   130
 1.3141   120
 1.3241   123
 1.3341   126
 1.3441   113
 1.3541   118
 1.3641   124
 1.3741   131
 1.3841   116
 1.3941   141
 1.4041   120
 1.4141   103
 1.4241   118
 1.4341   125
 1.4441   122
 1.4541   118
 1.4641   121
 1.4741   124
 1.4841   116
 1.4941   122
 1.5041   111
 1.5141   108
 1.5241   119
 1.5341   101
 1.5441   117
 1.5541   107
 1.5641   131
 1.5741   108
 1.5841   105
 1.5941   112
 1.6041   115
 1.6141   116
 1.6241   121
 1.6341   134
 1.6441   143
 1.6541   165
 1.6641   165
 1.6741   208
 1.6841   276
 1.6941   310
 1.7041   330
 1.7141   435
 1.7241   538
 1.7341   523
 1.7441   507
 1.7541   489
 1.7641   435
 1.7741   372
 1.7841   350
 1.7941   267
 1.8041   228
 1.8141   197
 1.8241   165
 1.8341   154
 1.8441   152
 1.8541   150
 1.8641   113
 1.8741   136
 1.8841   138
 1.8941   119
 1.9041   123
 1.9141   113
 1.9241   127
 1.9341   113
 1.9441   135
 1.9541   137
 1.9641   134
 1.9741   149
 1.9841   140
 1.9941   123
 2.0041   140
 2.0141   150
 2.0241   139
 2.0341   129
 2.0441   128
 2.0541   154
 2.0641   130
 2.0741   150
 2.0841   122
 2.0941   121
 2.1041   112
 2.1141   140
 2.1241   110
 2.1341    99
 2.1441   109
 2.1541   122
 2.1641   117
 2.1741   115
 2.1841   113
 2.1941   101
 2.2041   104
 2.2141   119
 2.2241   103
 2.2341   106
 2.2441    97
 2.2541   113
 2.2641   107
 2.2741   100
 2.2841   104
 2.2941   108
 2.3041   104
 2.3141   118
 2.3241   111
 2.3341   108
 2.3441   117
 2.3541    94
 2.3641    82
 2.3741    95
 2.3841    95
 2.3941    98
 2.4041    85
 2.4141   104
 2.4241    82
 2.4341   103
 2.4441    90
 2.4541    88
 2.4641    91
 2.4741    85
 2.4841    92
 2.4941    91
 2.5041   107
 2.5141    99
 2.5241   101
 2.5341    96
 2.5441    93
 2.5541    92
 2.5641    90
 2.5741    66
 2.5841   100
 2.5941    86
 2.6041    77
 2.6141    88
 2.6241    81
 2.6341    90
 2.6441    94
 2.6541    86
 2.6641    70
 2.6741    79
 2.6841    76
 2.6941    81
 2.7041    77
 2.7141    90
 2.7241   106
 2.7341    95
 2.7441    81
 2.7541   109
 2.7641    91
 2.7741    86
 2.7841    89
 2.7941    88
 2.8041    88
 2.8141    96
 2.8241   107
 2.8341    96
 2.8441    81
 2.8541   101
 2.8641    97
 2.8741    89
 2.8841    84
 2.8941    81
 2.9041    87
 2.9141    75
 2.9241    88
 2.9341    89
 2.9441    73
 2.9541    72
 2.9641    99
 2.9741    87
 2.9841    71
 2.9941    94
 3.0041    79
 3.0141    77
 3.0241    66
 3.0341    92
 3.0441    85
 3.0541   110
 3.0641    79
 3.0741    74
 3.0841    83
 3.0941    84
 3.1041    78
 3.1141    76
 3.1241    67
 3.1341    73
 3.1441    70
 3.1541    61
 3.1641    70
 3.1741    84
 3.1841    77
 3.1941    63
 3.2041    83
 3.2141    73
 3.2241    75
 3.2341    87
 3.2441    81
 3.2541    94
 3.2641    95
 3.2741    99
 3.2841   112
 3.2941   123
 3.3041   141
 3.3141   154
 3.3241   106
 3.3341   119
 3.3441    93
 3.3541    83
 3.3641    80
 3.3741    88
 3.3841    77
 3.3941    69
 3.4041    71
 3.4141    74
 3.4241    70
 3.4341    66
 3.4441    72
 3.4541    78
 3.4641    54
 3.4741    79
 3.4841    67
 3.4941    78
 3.5041    65
 3.5141    76
 3.5241    73
 3.5341    58
 3.5441    78
 3.5541    99
 3.5641   104
 3.5741   124
 3.5841   157
 3.5941   186
 3.6041   236
 3.6141   297
 3.6241   357
 3.6341   452
 3.6441   549
 3.6541   647
 3.6641   749
 3.6741   743
 3.6841   782
 3.6941   822
 3.7041   811
 3.7141   740
 3.7241   621
 3.7341   547
 3.7441   512
 3.7541   367
 3.7641   308
 3.7741   234
 3.7841   197
 3.7941   134
 3.8041    97
 3.8141    88
 3.8241    63
 3.8341    60
 3.8441    54
 3.8541    72
 3.8641    73
 3.8741    65
 3.8841    57
 3.8941    66
 3.9041    61
 3.9141    73
 3.9241    81
 3.9341    99
 3.9441    89
 3.9541   110
 3.9641   135
 3.9741   139
 3.9841   132
 3.9941   147
 4.0041   161
 4.0141   174
 4.0241   161
 4.0341   148
 4.0441   159
 4.0541   156
 4.0641   109
 4.0741   105
 4.0841   100
 4.0941    87
 4.1041    91
 4.1141    66
 4.1241    66
 4.1341    64
 4.1441    53
 4.1541    52
 4.1641    48
 4.1741    57
 4.1841    62
 4.1941    53
 4.2041    54
 4.2141    54
 4.2241    65
 4.2341    54
 4.2441    42
 4.2541    59
 4.2641    59
 4.2741    55
 4.2841    59
 4.2941    49
 4.3041    36
 4.3141    55
 4.3241    59
 4.3341    40
 4.3441    52
 4.3541    65
 4.3641    67
 4.3741    84
 4.3841    86
 4.3941    97
 4.4041   131
 4.4141   111
 4.4241   165
 4.4341   205
 4.4441   283
 4.4541   321
 4.4641   365
 4.4741   363
 4.4841   428
 4.4941   440
 4.5041   495
 4.5141   482
 4.5241   438
 4.5341   452
 4.5441   378
 4.5541   317
 4.5641   255
 4.5741   229
 4.5841   204
 4.5941   155
 4.6041   128
 4.6141   113
 4.6241    80
 4.6341   102
 4.6441    77
 4.6541    74
 4.6641    72
 4.6741    79
 4.6841    67
 4.6941    58
 4.7041    68
 4.7141    74
 4.7241    71
 4.7341    71
 4.7441    65
 4.7541    61
 4.7641    67
 4.7741    61
 4.7841    67
 4.7941    65
 4.8041    87
 4.8141    57
 4.8241    88
 4.8341    76
 4.8441    81
 4.8541    97
 4.8641    96
 4.8741   101
 4.8841   145
 4.8941   131
 4.9041   136
 4.9141   162
 4.9241   146
 4.9341   162
 4.9441   156
 4.9541   150
 4.9641   154
 4.9741   148
 4.9841   152
 4.9941   124
 5.0041    89
 5.0141    88
 5.0241   103
 5.0341    81
 5.0441    72
 5.0541    77
 5.0641    78
 5.0741    72
 5.0841    65
 5.0941    70
 5.1041    65
 5.1141    66
 5.1241    68
 5.1341    61
 5.1441    69
 5.1541    67
 5.1641    63
 5.1741    78
 5.1841    69
 5.1941    65
 5.2041    69
 5.2141    72
 5.2241    79
 5.2341    82
 5.2441    62
 5.2541    68
 5.2641    64
 5.2741    60
 5.2841    84
 5.2941    90
 5.3041    61
 5.3141    86
 5.3241    75
 5.3341    65
 5.3441    62
 5.3541    84
 5.3641    79
 5.3741    85
 5.3841    88
 5.3941    94
 5.4041   100
 5.4141    81
 5.4241   101
 5.4341    89
 5.4441    88
 5.4541    96
 5.4641    97
 5.4741    70
 5.4841    87
 5.4941    81
 5.5041    74
 5.5141    90
 5.5241    82
 5.5341    78
 5.5441    72
 5.5541    70
 5.5641    71
 5.5741    78
 5.5841    63
 5.5941    70
 5.6041    78
 5.6141    84
 5.6241    66
 5.6341    71
 5.6441    64
 5.6541    69
 5.6641    71
 5.6741    73
 5.6841    60
 5.6941    75
 5.7041    70
 5.7141    81
 5.7241    81
 5.7341    77
 5.7441    80
 5.7541   110
 5.7641    99
 5.7741   129
 5.7841   149
 5.7941   205
 5.8041   199
 5.8141   253
 5.8241   294
 5.8341   326
 5.8441   372
 5.8541   416
 5.8641   451
 5.8741   450
 5.8841   504
 5.8941   485
 5.9041   507
 5.9141   461
 5.9241   451
 5.9341   422
 5.9441   373
 5.9541   305
 5.9641   263
 5.9741   250
 5.9841   219
 5.9941   192
 6.0041   153
 6.0141   169
 6.0241   135
 6.0341   135
 6.0441   126
 6.0541   139
 6.0641   103
 6.0741   123
 6.0841   112
 6.0941   117
 6.1041   125
 6.1141   129
 6.1241   119
 6.1341   144
 6.1441   168
 6.1541   147
 6.1641   190
 6.1741   185
 6.1841   231
 6.1941   313
 6.2041   394
 6.2141   514
 6.2241   682
 6.2341   919
 6.2441  1357
 6.2541  1789
 6.2641  2686
 6.2741  3526
 6.2841  4766
 6.2941  6307
 6.3041  8219
 6.3141 10438
 6.3241 12688
 6.3341 15245
 6.3441 18213
 6.3541 20510
 6.3641 22687
 6.3741 24962
 6.3841 26092
 6.3941 26660
 6.4041 26853
 6.4141 25957
 6.4241 24245
 6.4341 22324
 6.4441 19874
 6.4541 17293
 6.4641 14765
 6.4741 11990
 6.4841  9691
 6.4941  7483
 6.5041  5675
 6.5141  4237
 6.5241  3120
 6.5341  2186
 6.5441  1483
 6.5541  1018
 6.5641   743
 6.5741   506
 6.5841   359
 6.5941   287
 6.6041   239
 6.6141   187
 6.6241   134
 6.6341   160
 6.6441   162
 6.6541   128
 6.6641   139
 6.6741   158
 6.6841   140
 6.6941   144
 6.7041   136
 6.7141   157
 6.7241   145
 6.7341   156
 6.7441   149
 6.7541   156
 6.7641   139
 6.7741   170
 6.7841   163
 6.7941   158
 6.8041   170
 6.8141   186
 6.8241   214
 6.8341   199
 6.8441   228
 6.8541   230
 6.8641   281
 6.8741   316
 6.8841   344
 6.8941   434
 6.9041   524
 6.9141   655
 6.9241   822
 6.9341   976
 6.9441  1194
 6.9541  1334
 6.9641  1724
 6.9741  2089
 6.9841  2370
 6.9941  2774
 7.0041  3153
 7.0141  3519
 7.0241  3853
 7.0341  3994
 7.0441  4206
 7.0541  4259
 7.0641  4221
 7.0741  4081
 7.0841  3802
 7.0941  3480
 7.1041  3060
 7.1141  2761
 7.1241  2281
 7.1341  1996
 7.1441  1663
 7.1541  1316
 7.1641  1041
 7.1741   784
 7.1841   631
 7.1941   472
 7.2041   360
 7.2141   272
 7.2241   225
 7.2341   233
 7.2441   189
 7.2541   173
 7.2641   147
 7.2741   128
 7.2841   150
 7.2941   165
 7.3041   131
 7.3141   143
 7.3241   140
 7.3341   157
 7.3441   149
 7.3541   155
 7.3641   168
 7.3741   180
 7.3841   186
 7.3941   199
 7.4041   187
 7.4141   188
 7.4241   194
 7.4341   180
 7.4441   170
 7.4541   161
 7.4641   153
 7.4741   157
 7.4841   158
 7.4941   161
 7.5041   157
 7.5141   157
 7.5241   131
 7.5341   147
 7.5441   157
 7.5541   146
 7.5641   158
 7.5741   126
 7.5841   124
 7.5941   162
 7.6041   134
 7.6141   151
 7.6241   136
 7.6341   145
 7.6441   152
 7.6541   147
 7.6641   144
 7.6741   135
 7.6841   143
 7.6941   171
 7.7041   164
 7.7141   164
 7.7241   161
 7.7341   171
 7.7441   172
 7.7541   177
 7.7641   177
 7.7741   155
 7.7841   188
 7.7941   184
 7.8041   166
 7.8141   191
 7.8241   174
 7.8341   211
 7.8441   199
 7.8541   184
 7.8641   218
 7.8741   176
 7.8841   229
 7.8941   237
 7.9041   243
 7.9141   244
 7.9241   275
 7.9341   276
 7.9441   285
 7.9541   306
 7.9641   331
 7.9741   360
 7.9841   425
 7.9941   406
 8.0041   419
 8.0141   450
 8.0241   497
 8.0341   524
 8.0441   548
 8.0541   643
 8.0641   651
 8.0741   691
 8.0841   774
 8.0941   781
 8.1041   818
 8.1141   812
 8.1241   889
 8.1341   876
 8.1441   903
 8.1541   913
 8.1641   974
 8.1741   983
 8.1841  1013
 8.1941   990
 8.2041  1028
 8.2141  1020
 8.2241  1010
 8.2341  1031
 8.2441  1084
 8.2541  1036
 8.2641  1136
 8.2741  1208
 8.2841  1212
 8.2941  1313
 8.3041  1477
 8.3141  1488
 8.3241  1612
 8.3341  1716
 8.3441  1828
 8.3541  1872
 8.3641  1988
 8.3741  1966
 8.3841  2030
 8.3941  2027
 8.4041  1998
 8.4141  1973
 8.4241  1844
 8.4341  1714
 8.4441  1553
 8.4541  1385
 8.4641  1248
 8.4741  1108
 8.4841   927
 8.4941   799
 8.5041   677
 8.5141   553
 8.5241   503
 8.5341   456
 8.5441   370
 8.5541   350
 8.5641   297
 8.5741   319
 8.5841   296
 8.5941   293
 8.6041   282
 8.6141   281
 8.6241   298
 8.6341   291
 8.6441   265
 8.6541   300
 8.6641   266
 8.6741   270
 8.6841   250
 8.6941   265
 8.7041   255
 8.7141   235
 8.7241   224
 8.7341   244
 8.7441   205
 8.7541   218
 8.7641   215
 8.7741   242
 8.7841   206
 8.7941   189
 8.8041   209
 8.8141   207
 8.8241   228
 8.8341   214
 8.8441   224
 8.8541   251
 8.8641   246
 8.8741   227
 8.8841   203
 8.8941   221
 8.9041   227
 8.9141   226
 8.9241   221
 8.9341   235
 8.9441   251
 8.9541   246
 8.9641   217
 8.9741   243
 8.9841   251
 8.9941   289
 9.0041   293
 9.0141   272
 9.0241   265
 9.0341   284
 9.0441   298
 9.0541   276
 9.0641   300
 9.0741   287
 9.0841   329
 9.0941   340
 9.1041   348
 9.1141   335
 9.1241   357
 9.1341   358
 9.1441   404
 9.1541   369
 9.1641   435
 9.1741   420
 9.1841   487
 9.1941   514
 9.2041   559
 9.2141   543
 9.2241   600
 9.2341   596
 9.2441   654
 9.2541   659
 9.2641   699
 9.2741   742
 9.2841   766
 9.2941   797
 9.3041   762
 9.3141   832
 9.3241   847
 9.3341   856
 9.3441   898
 9.3541   863
 9.3641   949
 9.3741   988
 9.3841   963
 9.3941   968
 9.4041  1054
 9.4141  1008
 9.4241  1026
 9.4341  1049
 9.4441  1087
 9.4541  1061
 9.4641  1074
 9.4741  1076
 9.4841  1079
 9.4941  1176
 9.5041  1163
 9.5141  1179
 9.5241  1221
 9.5341  1267
 9.5441  1362
 9.5541  1350
 9.5641  1526
 9.5741  1641
 9.5841  1725
 9.5941  1750
 9.6041  1859
 9.6141  1954
 9.6241  2091
 9.6341  2061
 9.6441  2081
 9.6541  2241
 9.6641  2191
 9.6741  2132
 9.6841  2150
 9.6941  2034
 9.7041  2016
 9.7141  1862
 9.7241  1808
 9.7341  1596
 9.7441  1532
 9.7541  1439
 9.7641  1337
 9.7741  1277
 9.7841  1138
 9.7941  1018
 9.8041   968
 9.8141   957
 9.8241   906
 9.8341   839
 9.8441   852
 9.8541   846
 9.8641   799
 9.8741   803
 9.8841   794
 9.8941   875
 9.9041   853
 9.9141   926
 9.9241   896
 9.9341   899
 9.9441   871
 9.9541   886
 9.9641   885
 9.9741   905
 9.9841   900
 9.9941   815
10.0041   753
10.0141   705
10.0241   632
10.0341   581
10.0441   541
10.0541   521
10.0641   447
10.0741   383
10.0841   327
10.0941   311
10.1041   293
10.1141   267
10.1241   245
10.1341   200
10.1441   203
10.1541   197
10.1641   190
10.1741   158
10.1841   156
10.1941   164
10.2041   156
10.2141   161
10.2241   144
10.2341   140
10.2441   144
10.2541   149
10.2641   142
10.2741   132
10.2841   134
10.2941   132
10.3041   129
10.3141   124
10.3241   128
10.3341   111
10.3441   120
10.3541   122
10.3641   117
10.3741   126
10.3841   115
10.3941   121
10.4041   115
10.4141   119
10.4241   134
10.4341   130
10.4441   138
10.4541   137
10.4641   130
10.4741   133
10.4841   116
10.4941   106
10.5041   123
10.5141   137
10.5241   125
10.5341   142
10.5441   136
10.5541   156
10.5641   149
10.5741   157
10.5841   159
10.5941   142
10.6041   148
10.6141   151
10.6241   158
10.6341   173
10.6441   161
10.6541   169
10.6641   144
10.6741   139
10.6841   139
10.6941   160
10.7041   155
10.7141   177
10.7241   190
10.7341   167
10.7441   174
10.7541   177
10.7641   176
10.7741   206
10.7841   207
10.7941   198
10.8041   209
10.8141   213
10.8241   210
10.8341   201
10.8441   212
10.8541   223
10.8641   240
10.8741   232
10.8841   226
10.8941   231
10.9041   229
10.9141   222
10.9241   220
10.9341   227
10.9441   245
10.9541   244
10.9641   220
10.9741   214
10.9841   220
10.9941   222
11.0041   234
11.0141   220
11.0241   213
11.0341   215
11.0441   221
11.0541   221
11.0641   192
11.0741   205
11.0841   203
11.0941   191
11.1041   207
11.1141   189
11.1241   193
11.1341   203
11.1441   206
11.1541   223
11.1641   224
11.1741   221
11.1841   234
11.1941   246
11.2041   251
11.2141   258
11.2241   280
11.2341   296
11.2441   288
11.2541   299
11.2641   321
11.2741   344
11.2841   335
11.2941   342
11.3041   314
11.3141   318
11.3241   319
11.3341   295
11.3441   292
11.3541   258
11.3641   248
11.3741   248
11.3841   213
11.3941   201
11.4041   182
11.4141   174
11.4241   169
11.4341   186
11.4441   177
11.4541   174
11.4641   174
11.4741   163
11.4841   163
11.4941   168
11.5041   161
11.5141   165
11.5241   152
11.5341   153
11.5441   150
11.5541   149
11.5641   155
11.5741   154
11.5841   157
11.5941   163
11.6041   162
11.6141   168
11.6241   166
11.6341   160
11.6441   160
11.6541   162
11.6641   161
11.6741   165
11.6841   162
11.6941   146
11.7041   140
11.7141   147
11.7241   131
11.7341   127
11.7441   133
11.7541   137
11.7641   126
11.7741   122
11.7841   119
11.7941   127
11.8041   127
11.8141   127
11.8241   128
11.8341   113
11.8441   112
11.8541   115
11.8641   115
11.8741   113
11.8841   110
11.8941   128
11.9041   121
11.9141   120
11.9241   115
11.9341   105
11.9441   112
11.9541   111
11.9641   106
11.9741   106
11.9841   114
11.9941   108
12.0041   108
12.0141   119
12.0241   125
12.0341   119
12.0441   119
12.0541   117
12.0641   123
12.0741   117
12.0841   113
12.0941   104
12.1041   107
12.1141   118
12.1241   118
12.1341    98
12.1441    98
12.1541   122
12.1641   122
12.1741   110
12.1841   101
12.1941   115
12.2041   129
12.2141   114
12.2241   113
12.2341   128
12.2441   136
12.2541   114
12.2641   104
12.2741   114
12.2841   134
12.2941   126
12.3041   111
12.3141   106
12.3241   110
12.3341   122
12.3441   121
12.3541   117
12.3641   126
12.3741   117
12.3841   115
12.3941   104
12.4041   104
12.4141   111
12.4241   113
12.4341   110
12.4441   118
12.4541   133
12.4641   127
12.4741   122
12.4841   115
12.4941   110
12.5041   124
12.5141   130
12.5241   135
12.5341   128
12.5441   123
12.5541   119
12.5641   122
12.5741   118
12.5841   119
12.5941   122
12.6041   125
12.6141   126
12.6241   114
12.6341   116
12.6441   115
12.6541   115
12.6641   111
12.6741   103
12.6841   108
12.6941   122
12.7041   133
12.7141   138
12.7241   135
12.7341   124
12.7441   115
12.7541   117
12.7641   125
12.7741   135
12.7841   137
12.7941   125
12.8041   120
12.8141   123
12.8241   121
12.8341   126
12.8441   141
12.8541   146
12.8641   140
12.8741   137
12.8841   137
12.8941   137
12.9041   132
12.9141   125
12.9241   123
12.9341   125
12.9441   130
12.9541   136
12.9641   140
12.9741   143
12.9841   146
12.9941   150
13.0041   136
13.0141   126
13.0241   131
13.0341   138
13.0441   127
13.0541   132
13.0641   145
13.0741   138
13.0841   140
13.0941   140
13.1041   138
13.1141   139
13.1241   144
13.1341   149
13.1441   139
13.1541   144
13.1641   146
13.1741   140
13.1841   141
13.1941   141
13.2041   146
13.2141   148
13.2241   151
13.2341   152
13.2441   143
13.2541   157
13.2641   170
13.2741   157
13.2841   157
13.2941   165
13.3041   152
13.3141   156
13.3241   166
13.3341   163
13.3441   162
13.3541   165
13.3641   167
13.3741   165
13.3841   161
13.3941   162
13.4041   163
13.4141   162
13.4241   161
13.4341   157
13.4441   154
13.4541   156
13.4641   157
13.4741   153
13.4841   150
13.4941   154
13.5041   163
13.5141   163
13.5241   156
13.5341   153
13.5441   155
13.5541   154
13.5641   146
13.5741   139
13.5841   144
13.5941   154
13.6041   155
13.6141   149
13.6241   146
13.6341   151
13.6441   154
13.6541   147
13.6641   154
13.6741   162
13.6841   147
13.6941   162
13.7041   174
13.7141   154
13.7241   151
13.7341   165
13.7441   162
13.7541   145
13.7641   153
13.7741   174
13.7841   172
13.7941   156
13.8041   147
13.8141   160
13.8241   171
13.8341   170
13.8441   163
13.8541   159
13.8641   173
13.8741   177
13.8841   167
13.8941   159
13.9041   157
13.9141   160
13.9241   162
13.9341   167
13.9441   169
13.9541   169
13.9641   174
13.9741   180
13.9841   177
13.9941   171
14.0041   176
14.0141   186
14.0241   187
14.0341   182
14.0441   182
14.0541   182
14.0641   186
14.0741   189
14.0841   188
14.0941   192
14.1041   198
14.1141   199
14.1241   196
14.1341   196
14.1441   202
14.1541   207
14.1641   205
14.1741   199
14.1841   192
14.1941   199
14.2041   202
14.2141   188
14.2241   185
14.2341   194
14.2441   196
14.2541   190
14.2641   192
14.2741   190
14.2841   189
14.2941   185
14.3041   170
14.3141   167
14.3241   185
14.3341   197
14.3441   199
14.3541   194
14.3641   179
14.3741   193
14.3841   201
14.3941   187
14.4041   186
14.4141   186
14.4241   192
14.4341   195
14.4441   194
14.4541   192
14.4641   195
14.4741   208
14.4841   186
14.4941   176
14.5041   195
14.5141   193
14.5241   182
14.5341   193
14.5441   199
14.5541   196
14.5641   185
14.5741   192
14.5841   198
14.5941   184
14.6041   190
14.6141   189
14.6241   195
14.6341   206
14.6441   206
14.6541   205
14.6641   198
14.6741   188
14.6841   202
14.6941   214
14.7041   196
14.7141   183
14.7241   200
14.7341   213
14.7441   198
14.7541   184
14.7641   196
14.7741   203
14.7841   205
14.7941   199
14.8041   197
14.8141   194
14.8241   189
14.8341   210
14.8441   215
14.8541   216
14.8641   204
14.8741   198
14.8841   212
14.8941   209
14.9041   215
14.9141   223
14.9241   213
14.9341   208
14.9441   211
14.9541   206
14.9641   211
14.9741   228
14.9841   231
14.9941   215
15.0041   204
15.0141   205
15.0241   206
15.0341   224
15.0441   238
15.0541   228
15.0641   206
15.0741   210
15.0841   213
15.0941   214
15.1041   202
15.1141   194
15.1241   211
15.1341   210
15.1441   215
15.1541   228
15.1641   223
15.1741   219
15.1841   219
15.1941   225
15.2041   224
15.2141   222
15.2241   216
15.2341   213
15.2441   210
15.2541   205
15.2641   212
15.2741   216
15.2841   221
15.2941   226
15.3041   221
15.3141   199
15.3241   211
15.3341   229
15.3441   222
15.3541   223
15.3641   234
15.3741   209
15.3841   197
15.3941   213
15.4041   215
15.4141   222
15.4241   227
15.4341   221
15.4441   209
15.4541   207
15.4641   205
15.4741   215
15.4841   221
15.4941   229
15.5041   227
15.5141   240
15.5241   219
15.5341   214
15.5441   218
15.5541   221
15.5641   221
15.5741   219
15.5841   225
15.5941   230
15.6041   251
15.6141   275
15.6241   254
15.6341   240
15.6441   235
15.6541   225
15.6641   239
15.6741   245
15.6841   242
15.6941   243
15.7041   251
15.7141   259
15.7241   274
15.7341   271
15.7441   246
15.7541   235
15.7641   265
15.7741   283
15.7841   264
15.7941   238
15.8041   242
15.8141   253
15.8241   259
15.8341   245
15.8441   227
15.8541   247
15.8641   259
15.8741   268
15.8841   269
15.8941   276
15.9041   270
15.9141   244
15.9241   239
15.9341   250
15.9441   245
15.9541   243
15.9641   247
15.9741   227
15.9841   239
15.9941   243
16.0041   249
16.0141   260
16.0241   243
16.0341   254
16.0441   249
16.0541   243
16.0641   241
16.0741   245
16.0841   248
16.0941   243
16.1041   257
16.1141   241
16.1241   241
16.1341   258
16.1441   243
16.1541   223
16.1641   250
16.1741   246
16.1841   237
16.1941   243
16.2041   246
16.2141   248
16.2241   248
16.2341   248
16.2441   249
16.2541   253
16.2641   247
16.2741   234
16.2841   242
16.2941   273
16.3041   269
16.3141   259
16.3241   255
16.3341   267
16.3441   257
16.3541   260
16.3641   273
16.3741   271
16.3841   267
16.3941   279
16.4041   252
16.4141   254
16.4241   237
16.4341   253
16.4441   260
16.4541   254
16.4641   261
16.4741   267
16.4841   271
16.4941   275
16.5041   267
16.5141   272
16.5241   270
16.5341   264
16.5441   270
16.5541   274
16.5641   254
16.5741   280
16.5841   280
16.5941   295
16.6041   290
16.6141   260
16.6241   258
16.6341   256
16.6441   283
16.6541   284
16.6641   288
16.6741   284
16.6841   279
16.6941   276
16.7041   291
16.7141   290
16.7241   266
16.7341   272
16.7441   293
16.7541   292
16.7641   283
16.7741   306
16.7841   297
16.7941   283
16.8041   273
16.8141   283
16.8241   276
16.8341   304
16.8441   312
16.8541   284
16.8641   291
16.8741   287
16.8841   274
16.8941   267
16.9041   285
16.9141   279
16.9241   270
16.9341   271
16.9441   278
16.9541   289
16.9641   253
16.9741   281
16.9841   279
16.9941   290
17.0041   303
17.0141   297
17.0241   305
17.0341   307
17.0441   282
17.0541   302
17.0641   283
17.0741   290
17.0841   319
17.0941   308
17.1041   297
17.1141   294
17.1241   293
17.1341   299
17.1441   297
17.1541   292
17.1641   288
17.1741   312
17.1841   303
17.1941   308
17.2041   289
17.2141   290
17.2241   307
17.2341   311
17.2441   312
17.2541   327
17.2641   308
17.2741   301
17.2841   318
17.2941   313
17.3041   300
17.3141   301
17.3241   290
17.3341   325
17.3441   309
17.3541   292
17.3641   270
17.3741   275
17.3841   297
17.3941   323
17.4041   321
17.4141   313
17.4241   315
17.4341   302
17.4441   311
17.4541   310
17.4641   325
17.4741   316
17.4841   294
17.4941   302
17.5041   324
17.5141   317
17.5241   319
17.5341   299
17.5441   312
17.5541   333
17.5641   333
17.5741   319
17.5841   307
17.5941   322
17.6041   308
17.6141   307
17.6241   304
17.6341   338
17.6441   324
17.6541   299
17.6641   332
17.6741   329
17.6841   320
17.6941   336
17.7041   325
17.7141   322
17.7241   314
17.7341   315
17.7441   315
17.7541   321
17.7641   313
17.7741   305
17.7841   317
17.7941   323
17.8041   335
17.8141   322
17.8241   316
17.8341   328
17.8441   321
17.8541   297
17.8641   314
17.8741   321
17.8841   339
17.8941   345
17.9041   321
17.9141   322
17.9241   326
17.9341   323
17.9441   299
17.9541   321
17.9641   310
17.9741   314
17.9841   318
17.9941   296
18.0041   317
18.0141   341
18.0241   320
18.0341   322
18.0441   331
18.0541   324
18.0641   311
18.0741   343
18.0841   360
18.0941   343
18.1041   321
18.1141   359
18.1241   338
18.1341   330
18.1441   319
18.1541   341
18.1641   332
18.1741   340
18.1841   341
18.1941   355
18.2041   338
18.2141   340
18.2241   343
18.2341   362
18.2441   341
18.2541   321
18.2641   325
18.2741   375
18.2841   364
18.2941   340
18.3041   363
18.3141   344
18.3241   357
18.3341   334
18.3441   316
18.3541   334
18.3641   346
18.3741   358
18.3841   342
18.3941   332
18.4041   350
18.4141   337
18.4241   327
18.4341   343
18.4441   347
18.4541   317
18.4641   322
18.4741   334
18.4841   335
18.4941   348
18.5041   364
18.5141   330
18.5241   372
18.5341   344
18.5441   347
18.5541   340
18.5641   350
18.5741   331
18.5841   345
18.5941   328
18.6041   373
18.6141   384
18.6241   358
18.6341   353
18.6441   380
18.6541   365
18.6641   353
18.6741   336
18.6841   327
18.6941   366
18.7041   357
18.7141   357
18.7241   347
18.7341   333
18.7441   361
18.7541   339
18.7641   344
18.7741   350
18.7841   353
18.7941   370
18.8041   349
18.8141   360
18.8241   357
18.8341   384
18.8441   363
18.8541   347
18.8641   383
18.8741   356
18.8841   350
18.8941   374
18.9041   377
18.9141   376
18.9241   396
18.9341   352
18.9441   366
18.9541   391
18.9641   395
18.9741   357
18.9841   379
18.9941   402
19.0041   362
19.0141   354
19.0241   358
19.0341   372
19.0441   367
19.0541   362
19.0641   361
19.0741   368
19.0841   352
19.0941   349
19.1041   358
19.1141   375
19.1241   392
19.1341   358
19.1441   377
19.1541   378
19.1641   381
19.1741   363
19.1841   379
19.1941   381
19.2041   343
19.2141   368
19.2241   365
19.2341   357
19.2441   383
19.2541   359
19.2641   342
19.2741   361
19.2841   389
19.2941   364
19.3041   347
19.3141   342
19.3241   377
19.3341   335
19.3441   364
19.3541   366
19.3641   369
19.3741   382
19.3841   399
19.3941   388
19.4041   354
19.4141   352
19.4241   381
19.4341   367
19.4441   371
19.4541   359
19.4641   362
19.4741   361
19.4841   362
19.4941   377
19.5041   375
19.5141   368
19.5241   341
19.5341   386
19.5441   365
19.5541   330
19.5641   332
19.5741   365
19.5841   350
19.5941   356
19.6041   386
19.6141   391
19.6241   378
19.6341   352
19.6441   385
19.6541   379
19.6641   386
19.6741   348
19.6841   373
19.6941   388
19.7041   386
19.7141   407
19.7241   380
19.7341   390
19.7441   375
19.7541   376
19.7641   352
19.7741   411
19.7841   376
19.7941   372
19.8041   371
19.8141   362
19.8241   394
19.8341   384
19.8441   363
19.8541   351
19.8641   407
19.8741   385
19.8841   369
19.8941   389
19.9041   377
19.9141   374
19.9241   380
19.9341   357
19.9441   376
19.9541   404
19.9641   388
19.9741   385
19.9841   369
19.9941   382
20.0041   381
20.0141   363
20.0241   402
20.0341   391
20.0441   375
20.0541   379
20.0641   383
20.0741   419
20.0841   365
20.0941   380
20.1041   352
20.1141   385
20.1241   395
20.1341   387
20.1441   366
20.1541   409
20.1641   407
20.1741   392
20.1841   379
20.1941   378
20.2041   368
20.2141   386
20.2241   372
20.2341   356
20.2441   370
20.2541   359
20.2641   382
20.2741   374
20.2841   407
20.2941   422
20.3041   404
20.3141   404
20.3241   384
20.3341   415
20.3441   411
20.3541   393
20.3641   351
20.3741   373
20.3841   364
20.3941   383
20.4041   393
20.4141   399
20.4241   362
20.4341   408
20.4441   414
20.4541   382
20.4641   412
20.4741   380
20.4841   363
20.4941   375
20.5041   385
20.5141   403
20.5241   378
20.5341   389
20.5441   398
20.5541   379
20.5641   373
20.5741   392
20.5841   410
20.5941   404
20.6041   382
20.6141   387
20.6241   400
20.6341   365
20.6441   396
20.6541   420
20.6641   386
20.6741   376
20.6841   386
20.6941   376
20.7041   379
20.7141   379
20.7241   414
20.7341   367
20.7441   395
20.7541   406
20.7641   393
20.7741   404
20.7841   404
20.7941   400
20.8041   402
20.8141   406
20.8241   403
20.8341   413
20.8441   424
20.8541   401
20.8641   409
20.8741   436
20.8841   431
20.8941   464
20.9041   478
20.9141   438
20.9241   456
20.9341   467
20.9441   496
20.9541   469
20.9641   462
20.9741   492
20.9841   517
20.9941   523
21.0041   520
21.0141   537
21.0241   520
21.0341   501
21.0441   555
21.0541   523
21.0641   550
21.0741   547
21.0841   573
21.0941   563
21.1041   600
21.1141   571
21.1241   583
21.1341   522
21.1441   572
21.1541   554
21.1641   537
21.1741   550
21.1841   552
21.1941   569
21.2041   577
21.2141   546
21.2241   509
21.2341   522
21.2441   506
21.2541   515
21.2641   491
21.2741   458
21.2841   458
21.2941   478
21.3041   466
21.3141   471
21.3241   446
21.3341   449
21.3441   439
21.3541   420
21.3641   425
21.3741   409
21.3841   447
21.3941   389
21.4041   431
21.4141   409
21.4241   429
21.4341   374
21.4441   402
21.4541   379
21.4641   411
21.4741   378
21.4841   401
21.4941   389
21.5041   408
21.5141   388
21.5241   394
21.5341   383
21.5441   386
21.5541   380
21.5641   385
21.5741   376
21.5841   391
21.5941   384
21.6041   372
21.6141   386
21.6241   378
21.6341   372
21.6441   403
21.6541   382
21.6641   352
21.6741   376
21.6841   415
21.6941   372
21.7041   352
21.7141   423
21.7241   401
21.7341   382
21.7441   379
21.7541   422
21.7641   410
21.7741   391
21.7841   361
21.7941   367
21.8041   379
21.8141   382
21.8241   369
21.8341   401
21.8441   397
21.8541   392
21.8641   377
21.8741   398
21.8841   416
21.8941   372
21.9041   412
21.9141   380
21.9241   383
21.9341   389
21.9441   416
21.9541   415
21.9641   380
21.9741   383
21.9841   394
21.9941   403
22.0041   421
22.0141   408
22.0241   409
22.0341   381
22.0441   372
22.0541   383
22.0641   404
22.0741   391
22.0841   374
22.0941   377
22.1041   392
22.1141   398
22.1241   406
22.1341   391
22.1441   397
22.1541   405
22.1641   363
22.1741   406
22.1841   351
22.1941   382
22.2041   403
22.2141   399
22.2241   379
22.2341   370
22.2441   387
22.2541   422
22.2641   357
22.2741   417
22.2841   374
22.2941   367
22.3041   380
22.3141   375
22.3241   379
22.3341   399
22.3441   389
22.3541   401
22.3641   410
22.3741   399
22.3841   392
22.3941   374
22.4041   360
22.4141   373
22.4241   405
22.4341   379
22.4441   363
22.4541   362
22.4641   395
22.4741   404
22.4841   382
22.4941   387
22.5041   379
22.5141   398
22.5241   397
22.5341   388
22.5441   383
22.5541   400
22.5641   360
22.5741   349
22.5841   383
22.5941   376
22.6041   402
22.6141   402
22.6241   374
22.6341   364
22.6441   368
22.6541   374
22.6641   374
22.6741   374
22.6841   369
22.6941   341
22.7041   358
22.7141   386
22.7241   425
22.7341   380
22.7441   371
22.7541   407
22.7641   361
22.7741   391
22.7841   374
22.7941   414
22.8041   356
22.8141   383
22.8241   362
22.8341   400
22.8441   347
22.8541   391
22.8641   360
22.8741   386
22.8841   382
22.8941   380
22.9041   408
22.9141   391
22.9241   395
22.9341   390
22.9441   367
22.9541   366
22.9641   382
22.9741   380
22.9841   409
22.9941   389
23.0041   391
23.0141   387
23.0241   387
23.0341   322
23.0441   360
23.0541   366
23.0641   352
23.0741   409
23.0841   386
23.0941   387
23.1041   390
23.1141   373
23.1241   354
23.1341   346
23.1441   407
23.1541   389
23.1641   389
23.1741   360
23.1841   375
23.1941   383
23.2041   343
23.2141   363
23.2241   382
23.2341   369
23.2441   380
23.2541   399
23.2641   394
23.2741   383
23.2841   372
23.2941   371
23.3041   373
23.3141   373
23.3241   378
23.3341   408
23.3441   341
23.3541   356
23.3641   380
23.3741   379
23.3841   414
23.3941   378
23.4041   362
23.4141   405
23.4241   381
23.4341   386
23.4441   376
23.4541   363
23.4641   361
23.4741   345
23.4841   372
23.4941   360
23.5041   344
23.5141   374
23.5241   367
23.5341   353
23.5441   362
23.5541   370
23.5641   379
23.5741   392
23.5841   374
23.5941   378
23.6041   373
23.6141   372
23.6241   384
23.6341   401
23.6441   384
23.6541   380
23.6641   390
23.6741   408
23.6841   389
23.6941   384
23.7041   365
23.7141   391
23.7241   391
23.7341   378
23.7441   422
23.7541   362
23.7641   386
23.7741   387
23.7841   404
23.7941   387
23.8041   384
23.8141   388
23.8241   421
23.8341   404
23.8441   421
23.8541   393
23.8641   391
23.8741   393
23.8841   398
23.8941   391
23.9041   366
23.9141   372
23.9241   366
23.9341   359
23.9441   388
23.9541   363
23.9641   355
23.9741   370
23.9841   327
23.9941   368
24.0041   363
24.0141   357
24.0241   357
24.0341   345
24.0441   379
24.0541   362
24.0641   334
24.0741   374
24.0841   348
24.0941   328
24.1041   354
24.1141   376
24.1241   399
24.1341   331
24.1441   351
24.1541   393
24.1641   345
24.1741   368
24.1841   315
24.1941   348
24.2041   361
24.2141   369
24.2241   365
24.2341   354
24.2441   316
24.2541   344
24.2641   357
24.2741   368
24.2841   368
24.2941   340
24.3041   321
24.3141   355
24.3241   336
24.3341   334
24.3441   324
24.3541   342
24.3641   353
24.3741   314
24.3841   369
24.3941   386
24.4041   315
24.4141   350
24.4241   327
24.4341   382
24.4441   325
24.4541   349
24.4641   342
24.4741   346
24.4841   334
24.4941   334
24.5041   364
24.5141   340
24.5241   363
24.5341   357
24.5441   359
24.5541   334
24.5641   312
24.5741   336
24.5841   332
24.5941   322
24.6041   317
24.6141   336
24.6241   310
24.6341   331
24.6441   322
24.6541   349
24.6641   371
24.6741   347
24.6841   361
24.6941   325
24.7041   369
24.7141   344
24.7241   326
24.7341   314
24.7441   348
24.7541   335
24.7641   353
24.7741   334
24.7841   363
24.7941   306
24.8041   346
24.8141   349
24.8241   334
24.8341   334
24.8441   337
24.8541   381
24.8641   349
24.8741   343
24.8841   324
24.8941   325
24.9041   363
24.9141   325
24.9241   363
24.9341   380
24.9441   343
24.9541   331
24.9641   322
24.9741   321
24.9841   315
24.9941   325
25.0041   321
25.0141   359
25.0241   363
25.0341   348
25.0441   333
25.0541   385
25.0641   313
25.0741   306
25.0841   348
25.0941   340
25.1041   357
25.1141   347
25.1241   311
25.1341   375
25.1441   328
25.1541   348
25.1641   314
25.1741   345
25.1841   350
25.1941   337
25.2041   334
25.2141   348
25.2241   335
25.2341   351
25.2441   333
25.2541   322
25.2641   358
25.2741   346
25.2841   335
25.2941   348
25.3041   339
25.3141   336
25.3241   334
25.3341   354
25.3441   340
25.3541   331
25.3641   323
25.3741   323
25.3841   328
25.3941   353
25.4041   336
25.4141   363
25.4241   306
25.4341   322
25.4441   323
25.4541   329
25.4641   311
25.4741   310
25.4841   322
25.4941   346
25.5041   283
25.5141   306
25.5241   319
25.5341   286
25.5441   331
25.5541   296
25.5641   286
25.5741   311
25.5841   281
25.5941   309
25.6041   331
25.6141   325
25.6241   339
25.6341   321
25.6441   302
25.6541   309
25.6641   304
25.6741   306
25.6841   289
25.6941   295
25.7041   294
25.7141   327
25.7241   318
25.7341   308
25.7441   312
25.7541   331
25.7641   298
25.7741   303
25.7841   331
25.7941   312
25.8041   311
25.8141   320
25.8241   325
25.8341   305
25.8441   320
25.8541   313
25.8641   327
25.8741   303
25.8841   299
25.8941   286
25.9041   308
25.9141   299
25.9241   271
25.9341   278
25.9441   311
25.9541   312
25.9641   291
25.9741   314
25.9841   289
25.9941   270
26.0041   299
26.0141   327
26.0241   324
26.0341   294
26.0441   306
26.0541   289
26.0641   301
26.0741   319
26.0841   295
26.0941   324
26.1041   276
26.1141   287
26.1241   288
26.1341   327
26.1441   307
26.1541   305
26.1641   321
26.1741   302
26.1841   300
26.1941   289
26.2041   308
26.2141   299
26.2241   298
26.2341   306
26.2441   286
26.2541   303
26.2641   309
26.2741   305
26.2841   292
26.2941   306
26.3041   285
26.3141   323
26.3241   318
26.3341   285
26.3441   305
26.3541   304
26.3641   306
26.3741   304
26.3841   296
26.3941   322
26.4041   298
26.4141   279
26.4241   271
26.4341   292
26.4441   277
26.4541   294
26.4641   283
26.4741   296
26.4841   280
26.4941   266
26.5041   285
26.5141   289
26.5241   277
26.5341   266
26.5441   289
26.5541   305
26.5641   283
26.5741   302
26.5841   285
26.5941   296
26.6041   269
26.6141   281
26.6241   281
26.6341   274
26.6441   296
26.6541   287
26.6641   261
26.6741   278
26.6841   294
26.6941   283
26.7041   271
26.7141   299
26.7241   284
26.7341   260
26.7441   298
26.7541   288
26.7641   282
26.7741   285
26.7841   268
26.7941   278
26.8041   278
26.8141   317
26.8241   289
26.8341   272
26.8441   268
26.8541   275
26.8641   281
26.8741   292
26.8841   292
26.8941   268
26.9041   312
26.9141   301
26.9241   255
26.9341   303
26.9441   281
26.9541   273
26.9641   269
26.9741   287
26.9841   302
26.9941   307
27.0041   257
27.0141   275
27.0241   274
27.0341   287
27.0441   294
27.0541   250
27.0641   259
27.0741   276
27.0841   276
27.0941   290
27.1041   284
27.1141   280
27.1241   288
27.1341   253
27.1441   289
27.1541   259
27.1641   286
27.1741   265
27.1841   269
27.1941   277
27.2041   273
27.2141   256
27.2241   275
27.2341   271
27.2441   266
27.2541   282
27.2641   267
27.2741   244
27.2841   280
27.2941   256
27.3041   243
27.3141   266
27.3241   263
27.3341   312
27.3441   259
27.3541   289
27.3641   250
27.3741   239
27.3841   228
27.3941   268
27.4041   304
27.4141   281
27.4241   261
27.4341   272
27.4441   255
27.4541   256
27.4641   266
27.4741   265
27.4841   277
27.4941   292
27.5041   277
27.5141   256
27.5241   261
27.5341   257
27.5441   254
27.5541   252
27.5641   237
27.5741   224
27.5841   251
27.5941   289
27.6041   251
27.6141   260
27.6241   286
27.6341   252
27.6441   249
27.6541   255
27.6641   273
27.6741   259
27.6841   266
27.6941   275
27.7041   259
27.7141   238
27.7241   237
27.7341   269
27.7441   255
27.7541   249
27.7641   255
27.7741   239
27.7841   252
27.7941   253
27.8041   250
27.8141   249
27.8241   235
27.8341   260
27.8441   227
27.8541   240
27.8641   275
27.8741   264
27.8841   245
27.8941   235
27.9041   249
27.9141   227
27.9241   245
27.9341   237
27.9441   242
27.9541   277
27.9641   237
27.9741   239
27.9841   247
27.9941   233
28.0041   240
28.0141   267
28.0241   231
28.0341   249
28.0441   245
28.0541   238
28.0641   236
28.0741   237
28.0841   241
28.0941   241
28.1041   249
28.1141   249
28.1241   208
28.1341   245
28.1441   254
28.1541   215
28.1641   241
28.1741   261
28.1841   240
28.1941   271
28.2041   248
28.2141   253
28.2241   252
28.2341   220
28.2441   252
28.2541   263
28.2641   258
28.2741   262
28.2841   238
28.2941   238
28.3041   235
28.3141   239
28.3241   233
28.3341   224
28.3441   254
28.3541   246
28.3641   237
28.3741   254
28.3841   238
28.3941   233
28.4041   233
28.4141   216
28.4241   224
28.4341   248
28.4441   258
28.4541   207
28.4641   215
28.4741   218
28.4841   227
28.4941   239
28.5041   248
28.5141   254
28.5241   252
28.5341   226
28.5441   219
28.5541   211
28.5641   254
28.5741   235
28.5841   254
28.5941   236
28.6041   222
28.6141   227
28.6241   224
28.6341   232
28.6441   209
28.6541   231
28.6641   227
28.6741   233
28.6841   209
28.6941   233
28.7041   223
28.7141   223
28.7241   225
28.7341   246
28.7441   217
28.7541   206
28.7641   233
28.7741   198
28.7841   216
28.7941   207
28.8041   223
28.8141   228
28.8241   205
28.8341   206
28.8441   208
28.8541   235
28.8641   195
28.8741   231
28.8841   228
28.8941   245
28.9041   200
28.9141   201
28.9241   244
28.9341   220
28.9441   218
28.9541   227
28.9641   231
28.9741   233
28.9841   216
28.9941   206
29.0041   191
29.0141   201
29.0241   209
29.0341   227
29.0441   228
29.0541   207
29.0641   210
29.0741   212
29.0841   220
29.0941   217
29.1041   222
29.1141   237
29.1241   211
29.1341   215
29.1441   209
29.1541   230
29.1641   214
29.1741   217
29.1841   215
29.1941   242
29.2041   212
29.2141   221
29.2241   217
29.2341   214
29.2441   209
29.2541   198
29.2641   204
29.2741   211
29.2841   203
29.2941   198
29.3041   208
29.3141   215
29.3241   215
29.3341   209
29.3441   192
29.3541   214
29.3641   189
29.3741   188
29.3841   202
29.3941   210
29.4041   218
29.4141   201
29.4241   177
29.4341   181
29.4441   191
29.4541   201
29.4641   182
29.4741   203
29.4841   191
29.4941   195
29.5041   189
29.5141   168
29.5241   201
29.5341   212
29.5441   206
29.5541   173
29.5641   199
29.5741   195
29.5841   213
29.5941   219
29.6041   217
29.6141   214
29.6241   205
29.6341   205
29.6441   193
29.6541   183
29.6641   200
29.6741   211
29.6841   208
29.6941   192
29.7041   212
29.7141   197
29.7241   184
29.7341   184
29.7441   199
29.7541   190
29.7641   179
29.7741   176
29.7841   182
29.7941   189
29.8041   199
29.8141   206
29.8241   188
29.8341   187
29.8441   193
29.8541   211
29.8641   196
29.8741   196
29.8841   175
29.8941   183
29.9041   194
29.9141   164
29.9241   177
29.9341   177
29.9441   174
29.9541   171
29.9641   185
29.9741   190
29.9841   189
29.9941   177
30.0041   181
30.0141   176
30.0241   193
30.0341   191
30.0441   193
30.0541   177
30.0641   183
30.0741   179
30.0841   191
30.0941   187
30.1041   191
30.1141   187
30.1241   180
30.1341   190
30.1441   187
30.1541   173
30.1641   196
30.1741   187
30.1841   168
30.1941   170
30.2041   193
30.2141   190
30.2241   157
30.2341   162
30.2441   191
30.2541   205
30.2641   183
30.2741   150
30.2841   153
30.2941   171
30.3041   176
30.3141   168
30.3241   176
30.3341   183
30.3441   188
30.3541   177
30.3641   188
30.3741   179
30.3841   179
30.3941   168
30.4041   176
30.4141   180
30.4241   201
30.4341   185
30.4441   163
30.4541   184
30.4641   201
30.4741   188
30.4841   190
30.4941   179
30.5041   180
30.5141   182
30.5241   176
30.5341   161
30.5441   179
30.5541   165
30.5641   154
30.5741   185
30.5841   168
30.5941   183
30.6041   183
30.6141   168
30.6241   188
30.6341   172
30.6441   162
30.6541   175
30.6641   165
30.6741   170
30.6841   178
30.6941   162
30.7041   184
30.7141   175
30.7241   177
30.7341   186
30.7441   174
30.7541   160
30.7641   158
30.7741   176
30.7841   179
30.7941   168
30.8041   157
30.8141   189
30.8241   182
30.8341   160
30.8441   170
30.8541   166
30.8641   163
30.8741   156
30.8841   171
30.8941   154
30.9041   145
30.9141   160
30.9241   160
30.9341   162
30.9441   170
30.9541   154
30.9641   174
30.9741   165
30.9841   166
30.9941   178
31.0041   179
31.0141   151
31.0241   193
31.0341   165
31.0441   189
31.0541   174
31.0641   169
31.0741   159
31.0841   169
31.0941   150
31.1041   155
31.1141   166
31.1241   172
31.1341   156
31.1441   141
31.1541   148
31.1641   136
31.1741   174
31.1841   174
31.1941   170
31.2041   157
31.2141   149
31.2241   156
31.2341   155
31.2441   136
31.2541   164
31.2641   149
31.2741   125
31.2841   154
31.2941   140
31.3041   174
31.3141   146
31.3241   150
31.3341   154
31.3441   156
31.3541   147
31.3641   144
31.3741   128
31.3841   159
31.3941   143
31.4041   145
31.4141   152
31.4241   129
31.4341   164
31.4441   154
31.4541   154
31.4641   143
31.4741   140
31.4841   167
31.4941   152
31.5041   156
31.5141   138
31.5241   164
31.5341   141
31.5441   135
31.5541   149
31.5641   134
31.5741   163
31.5841   154
31.5941   133
31.6041   131
31.6141   178
31.6241   154
31.6341   142
31.6441   149
31.6541   145
31.6641   137
31.6741   155
31.6841   138
31.6941   143
31.7041   140
31.7141   140
31.7241   145
31.7341   146
31.7441   152
31.7541   124
31.7641   126
31.7741   159
31.7841   154
31.7941   138
31.8041   151
31.8141   142
31.8241   136
31.8341   129
31.8441   144
31.8541   148
31.8641   134
31.8741   137
31.8841   158
31.8941   128
31.9041   160
31.9141   140
31.9241   129
31.9341   140
31.9441   135
31.9541   144
31.9641   147
31.9741   139
31.9841   145
31.9941   142
32.0041   127
32.0141   149
32.0241   164
32.0341   154
32.0441   150
32.0541   130
32.0641   143
32.0741   161
32.0841   145
32.0941   142
32.1041   119
32.1141   124
32.1241   144
32.1341   159
32.1441   145
32.1541   126
32.1641   143
32.1741   149
32.1841   128
32.1941   140
32.2041   133
32.2141   133
32.2241   126
32.2341   148
32.2441   141
32.2541   129
32.2641   136
32.2741   131
32.2841   144
32.2941   120
32.3041   141
32.3141   144
32.3241   123
32.3341   122
32.3441   133
32.3541   137
32.3641   135
32.3741   132
32.3841   116
32.3941   134
32.4041   136
32.4141   144
32.4241   131
32.4341   139
32.4441   125
32.4541   126
32.4641   124
32.4741   135
32.4841   117
32.4941   136
32.5041   113
32.5141   124
32.5241   111
32.5341   122
32.5441   136
32.5541   129
32.5641   126
32.5741   130
32.5841   114
32.5941   123
32.6041   123
32.6141   118
32.6241   123
32.6341   110
32.6441   120
32.6541   126
32.6641   115
32.6741   124
32.6841   120
32.6941   126
32.7041   101
32.7141   119
32.7241   134
32.7341   125
32.7441   119
32.7541   120
32.7641   109
32.7741   112
32.7841   121
32.7941   130
32.8041   129
32.8141   155
32.8241   130
32.8341   119
32.8441   127
32.8541   114
32.8641   137
32.8741   118
32.8841   116
32.8941   115
32.9041   114
32.9141   112
32.9241   106
32.9341   133
32.9441   118
32.9541   127
32.9641   108
32.9741   128
32.9841   128
32.9941   127
33.0041   117
33.0141   101
33.0241   119
33.0341    98
33.0441   121
33.0541   108
33.0641   116
33.0741   127
33.0841   108
33.0941   105
33.1041   102
33.1141   115
33.1241   121
33.1341   105
33.1441   110
33.1541   121
33.1641    92
33.1741   132
33.1841   111
33.1941   128
33.2041   116
33.2141   108
33.2241   121
33.2341   121
33.2441   136
33.2541   121
33.2641   126
33.2741   125
33.2841   113
33.2941   102
33.3041   106
33.3141   114
33.3241    99
33.3341   107
33.3441   120
33.3541   101
33.3641   114
33.3741    98
33.3841   114
33.3941   100
33.4041   113
33.4141    98
33.4241   108
33.4341   116
33.4441   102
33.4541   108
33.4641   114
33.4741   116
33.4841   108
33.4941   100
33.5041   112
33.5141   121
33.5241   119
33.5341   114
33.5441   122
33.5541   106
33.5641   116
33.5741   105
33.5841    92
33.5941   104
33.6041    99
33.6141   109
33.6241   103
33.6341    92
33.6441    90
33.6541    99
33.6641   113
33.6741   107
33.6841    95
33.6941    98
33.7041   104
33.7141   108
33.7241   119
33.7341   101
33.7441    90
33.7541    95
33.7641    94
33.7741    85
33.7841    89
33.7941    86
33.8041   101
33.8141   101
33.8241    90
33.8341    98
33.8441    94
33.8541    94
33.8641    99
33.8741   102
33.8841   103
33.8941    97
33.9041    90
33.9141    91
33.9241   112
33.9341    78
33.9441   106
33.9541    98
33.9641    81
33.9741    88
33.9841    83
33.9941    97
34.0041   106
34.0141    97
34.0241    96
34.0341    89
34.0441    94
34.0541   101
34.0641    92
34.0741    96
34.0841    90
34.0941    88
34.1041    89
34.1141   109
34.1241    90
34.1341    88
34.1441    75
34.1541    83
34.1641    84
34.1741    78
34.1841    88
34.1941    88
34.2041    96
34.2141    94
34.2241    94
34.2341    83
34.2441   111
34.2541    91
34.2641    82
34.2741    74
34.2841   116
34.2941    88
34.3041    93
34.3141    94
34.3241    93
34.3341   103
34.3441    81
34.3541    96
34.3641    96
34.3741    84
34.3841    90
34.3941    92
34.4041    93
34.4141    81
34.4241    87
34.4341    85
34.4441    78
34.4541    75
34.4641    87
34.4741    92
34.4841    89
34.4941    84
34.5041    64
34.5141    91
34.5241    97
34.5341    71
34.5441    89
34.5541    94
34.5641    86
34.5741    82
34.5841    97
34.5941    84
34.6041    88
34.6141    91
34.6241    80
34.6341    84
34.6441    85
34.6541    89
34.6641    85
34.6741   101
34.6841    87
34.6941    99
34.7041    87
34.7141    88
34.7241    84
34.7341    68
34.7441    87
34.7541    89
34.7641    90
34.7741    86
34.7841    85
34.7941    91
34.8041    94
34.8141    84
34.8241    93
34.8341    74
34.8441    72
34.8541    87
34.8641    65
34.8741    75
34.8841    76
34.8941    67
34.9041    71
34.9141    77
34.9241    91
34.9341    89
34.9441    87
34.9541    85
34.9641    83
34.9741    82
34.9841    87
34.9941    77
35.0041    93
35.0141    80
35.0241    86
35.0341    76
35.0441    69
35.0541    75
35.0641    79
35.0741    70
35.0841    76
35.0941    80
35.1041    88
35.1141    75
35.1241    93
35.1341    80
35.1441    78
35.1541    69
35.1641    65
35.1741    78
35.1841    75
35.1941    82
35.2041    78
35.2141    71
35.2241    70
35.2341    96
35.2441    76
35.2541    87
35.2641    70
35.2741    74
35.2841    62
35.2941    58
35.3041    72
35.3141    84
35.3241    68
35.3341    75
35.3441    56
35.3541    69
35.3641    75
35.3741    79
35.3841    88
35.3941    77
35.4041    64
35.4141    66
35.4241    72
35.4341    52
35.4441    73
35.4541    77
35.4641    74
35.4741    81
35.4841    55
35.4941    65
35.5041    69
35.5141    79
35.5241    79
35.5341    64
35.5441    71
35.5541    78
35.5641    77
35.5741    68
35.5841    92
35.5941    89
35.6041    75
35.6141    74
35.6241    66
35.6341    68
35.6441    70
35.6541    60
35.6641    76
35.6741    79
35.6841    92
35.6941    66
35.7041    75
35.7141    76
35.7241    64
35.7341    84
35.7441    55
35.7541    65
35.7641    67
35.7741    69
35.7841    75
35.7941    62
35.8041    57
35.8141    60
35.8241    57
35.8341    82
35.8441    77
35.8541    62
35.8641    67
35.8741    65
35.8841    62
35.8941    89
35.9041    55
35.9141    79
35.9241    61
35.9341    76
35.9441    61
35.9541    67
35.9641    74
35.9741    72
35.9841    69
35.9941    57
36.0041    59
36.0141    64
36.0241    56
36.0341    68
36.0441    51
36.0541    67
36.0641    63
36.0741    73
36.0841    64
36.0941    64
36.1041    62
36.1141    76
36.1241    63
36.1341    64
36.1441    66
36.1541    67
36.1641    53
36.1741    47
36.1841    56
36.1941    66
36.2041    66
36.2141    57
36.2241    52
36.2341    75
36.2441    79
36.2541    63
36.2641    65
36.2741    63
36.2841    57
36.2941    65
36.3041    69
36.3141    60
36.3241    59
36.3341    72
36.3441    67
36.3541    56
36.3641    68
36.3741    55
36.3841    64
36.3941    58
36.4041    64
36.4141    66
36.4241    67
36.4341    64
36.4441    62
36.4541    61
36.4641    59
36.4741    65
36.4841    59
36.4941    49
36.5041    62
36.5141    57
36.5241    61
36.5341    60
36.5441    60
36.5541    59
36.5641    54
36.5741    54
36.5841    70
36.5941    48
36.6041    49
36.6141    56
36.6241    57
36.6341    53
36.6441    68
36.6541    55
36.6641    61
36.6741    49
36.6841    65
36.6941    55
36.7041    51
36.7141    52
36.7241    57
36.7341    56
36.7441    69
36.7541    52
36.7641    63
36.7741    61
36.7841    49
36.7941    53
36.8041    66
36.8141    49
36.8241    55
36.8341    39
36.8441    51
36.8541    46
36.8641    52
36.8741    51
36.8841    47
36.8941    46
36.9041    55
36.9141    46
36.9241    54
36.9341    53
36.9441    47
36.9541    59
36.9641    47
36.9741    41
36.9841    40
36.9941    46
37.0041    58
37.0141    52
37.0241    48
37.0341    52
37.0441    41
37.0541    43
37.0641    38
37.0741    52
37.0841    58
37.0941    44
37.1041    57
37.1141    58
37.1241    52
37.1341    38
37.1441    45
37.1541    42
37.1641    55
37.1741    45
37.1841    44
37.1941    32
37.2041    43
37.2141    58
37.2241    47
37.2341    40
37.2441    45
37.2541    42
37.2641    46
37.2741    43
37.2841    49
37.2941    40
37.3041    48
37.3141    37
37.3241    54
37.3341    42
37.3441    53
37.3541    53
37.3641    40
37.3741    41
37.3841    47
37.3941    45
37.4041    48
37.4141    45
37.4241    50
37.4341    47
37.4441    43
37.4541    44
37.4641    39
37.4741    42
37.4841    49
37.4941    45
37.5041    44
37.5141    39
37.5241    33
37.5341    33
37.5441    47
37.5541    39
37.5641    46
37.5741    47
37.5841    42
37.5941    36
37.6041    41
37.6141    47
37.6241    48
37.6341    42
37.6441    48
37.6541    44
37.6641    51
37.6741    34
37.6841    33
37.6941    38
37.7041    44
37.7141    51
37.7241    41
37.7341    38
37.7441    47
37.7541    37
37.7641    52
37.7741    44
37.7841    47
37.7941    44
37.8041    45
37.8141    43
37.8241    44
37.8341    48
37.8441    36
37.8541    36
37.8641    49
37.8741    47
37.8841    44
37.8941    43
37.9041    40
37.9141    45
37.9241    35
37.9341    35
37.9441    45
37.9541    53
37.9641    32
37.9741    32
37.9841    31
37.9941    37
38.0041    30
38.0141    47
38.0241    34
38.0341    41
38.0441    29
38.0541    35
38.0641    48
38.0741    46
38.0841    34
38.0941    43
38.1041    35
38.1141    38
38.1241    38
38.1341    40
38.1441    42
38.1541    43
38.1641    38
38.1741    34
38.1841    41
38.1941    33
38.2041    38
38.2141    37
38.2241    41
38.2341    39
38.2441    37
38.2541    34
38.2641    36
38.2741    40
38.2841    46
38.2941    40
38.3041    37
38.3141    29
38.3241    36
38.3341    33
38.3441    33
38.3541    41
38.3641    41
38.3741    38
38.3841    30
38.3941    29
38.4041    41
38.4141    35
38.4241    30
38.4341    34
38.4441    37
38.4541    32
38.4641    26
38.4741    27
38.4841    40
38.4941    34
38.5041    44
38.5141    28
38.5241    32
38.5341    29
38.5441    33
38.5541    41
38.5641    29
38.5741    36
38.5841    24
38.5941    25
38.6041    40
38.6141    28
38.6241    22
38.6341    39
38.6441    34
38.6541    33
38.6641    38
38.6741    38
38.6841    33
38.6941    35
38.7041    25
38.7141    29
38.7241    26
38.7341    35
38.7441    36
38.7541    32
38.7641    30
38.7741    35
38.7841    36
38.7941    29
38.8041    25
38.8141    34
38.8241    35
38.8341    23
38.8441    27
38.8541    32
38.8641    30
38.8741    26
38.8841    24
38.8941    27
38.9041    27
38.9141    42
38.9241    31
38.9341    24
38.9441    30
38.9541    27
38.9641    35
38.9741    26
38.9841    29
38.9941    26
39.0041    26
39.0141    37
39.0241    30
39.0341    27
39.0441    24
39.0541    19
39.0641    31
39.0741    32
39.0841    34
39.0941    25
39.1041    30
39.1141    18
39.1241    17
39.1341    28
39.1441    32
39.1541    26
39.1641    24
39.1741    23
39.1841    25
39.1941    29
39.2041    25
39.2141    27
39.2241    22
39.2341    30
39.2441    31
39.2541    22
39.2641    24
39.2741    21
39.2841    24
39.2941    24
39.3041    38
39.3141    25
39.3241    18
39.3341    30
39.3441    24
39.3541    17
39.3641    24
39.3741    16
39.3841    32
39.3941    21
39.4041    24
39.4141    32
39.4241    21
39.4341    22
39.4441    15
39.4541    30
39.4641    31
39.4741    23
39.4841    23
39.4941    18
39.5041    26
39.5141    27
39.5241    25
39.5341    16
39.5441    24
39.5541    27
39.5641    33
39.5741    22
39.5841    16
39.5941    12
39.6041    23
39.6141    26
39.6241    25
39.6341    22
39.6441    21
39.6541    29
39.6641    18
39.6741    28
39.6841    29
39.6941    26
39.7041    24
39.7141    17
39.7241    23
39.7341    16
39.7441    18
39.7541    28
39.7641    17
39.7741    29
39.7841    27
39.7941    25
39.8041    24
39.8141    29
39.8241    20
39.8341    26
39.8441    25
39.8541    23
39.8641    23
39.8741    20
39.8841    29
39.8941    23
39.9041    16
39.9141    28
39.9241    21
39.9341    24
39.9441    15
39.9541    17
39.9641    18
39.9741    21
39.9841    28
