Bruker Nano GmbH Berlin, Germany
Esprit 1.9

Date: 5/14/2021 3:44:55 PM
Real time: 14805
Life time: 13752
Pulse density: 106477


Detector type: XFlash 430
Window type: Custom type
Detector thickness: 0.45
Si dead layer:0.029

Calibration, lin.: 10
Calibration, abs.: -955.9
Mn FWHM: 137.05
Fano factor: 0.121
Channels: 4095

Energy Counts
-0.9559     0
-0.9459     0
-0.9359     0
-0.9259     0
-0.9159     0
-0.9059     0
-0.8959     0
-0.8859     0
-0.8759     0
-0.8659     0
-0.8559     0
-0.8459     0
-0.8359     0
-0.8259     0
-0.8159     0
-0.8059     0
-0.7959     0
-0.7859     0
-0.7759     0
-0.7659     0
-0.7559     0
-0.7459     0
-0.7359     0
-0.7259     0
-0.7159     0
-0.7059     0
-0.6959     0
-0.6859     0
-0.6759     0
-0.6659     0
-0.6559     0
-0.6459     0
-0.6359     0
-0.6259     0
-0.6159     0
-0.6059     0
-0.5959     0
-0.5859     0
-0.5759     0
-0.5659     0
-0.5559     0
-0.5459     0
-0.5359     0
-0.5259     0
-0.5159     0
-0.5059     0
-0.4959     0
-0.4859     0
-0.4759     0
-0.4659     0
-0.4559     0
-0.4459     0
-0.4359     0
-0.4259     0
-0.4159     0
-0.4059     0
-0.3959     0
-0.3859     0
-0.3759     0
-0.3659     0
-0.3559     0
-0.3459     0
-0.3359     0
-0.3259     0
-0.3159     0
-0.3059     0
-0.2959     0
-0.2859     0
-0.2759     0
-0.2659     0
-0.2559     0
-0.2459     0
-0.2359     0
-0.2259     0
-0.2159     0
-0.2059     0
-0.1959     0
-0.1859     0
-0.1759     0
-0.1659     0
-0.1559     0
-0.1459     0
-0.1359     0
-0.1259     0
-0.1159     1
-0.1059     6
-0.0959    40
-0.0859   154
-0.0759   576
-0.0659  1564
-0.0559  3969
-0.0459  8875
-0.0359 16252
-0.0259 26417
-0.0159 35826
-0.0059 42136
 0.0041 42330
 0.0141 36417
 0.0241 26828
 0.0341 17002
 0.0441  9258
 0.0541  4438
 0.0641  1780
 0.0741   648
 0.0841   166
 0.0941    54
 0.1041    20
 0.1141     7
 0.1241     7
 0.1341     7
 0.1441     1
 0.1541     4
 0.1641     1
 0.1741    18
 0.1841   134
 0.1941   267
 0.2041   215
 0.2141   231
 0.2241   213
 0.2341   233
 0.2441   229
 0.2541   234
 0.2641   251
 0.2741   236
 0.2841   232
 0.2941   235
 0.3041   232
 0.3141   204
 0.3241   220
 0.3341   229
 0.3441   210
 0.3541   212
 0.3641   208
 0.3741   190
 0.3841   204
 0.3941   201
 0.4041   189
 0.4141   203
 0.4241   177
 0.4341   188
 0.4441   210
 0.4541   192
 0.4641   172
 0.4741   196
 0.4841   222
 0.4941   205
 0.5041   186
 0.5141   179
 0.5241   188
 0.5341   210
 0.5441   199
 0.5541   183
 0.5641   192
 0.5741   200
 0.5841   183
 0.5941   187
 0.6041   191
 0.6141   176
 0.6241   175
 0.6341   180
 0.6441   186
 0.6541   177
 0.6641   179
 0.6741   182
 0.6841   167
 0.6941   153
 0.7041   165
 0.7141   170
 0.7241   164
 0.7341   155
 0.7441   159
 0.7541   165
 0.7641   170
 0.7741   166
 0.7841   154
 0.7941   158
 0.8041   154
 0.8141   157
 0.8241   169
 0.8341   161
 0.8441   148
 0.8541   160
 0.8641   169
 0.8741   171
 0.8841   158
 0.8941   166
 0.9041   149
 0.9141   152
 0.9241   145
 0.9341   150
 0.9441   152
 0.9541   147
 0.9641   155
 0.9741   154
 0.9841   163
 0.9941   152
 1.0041   153
 1.0141   134
 1.0241   142
 1.0341   138
 1.0441   150
 1.0541   136
 1.0641   156
 1.0741   142
 1.0841   141
 1.0941   137
 1.1041   142
 1.1141   168
 1.1241   161
 1.1341   135
 1.1441   148
 1.1541   129
 1.1641   142
 1.1741   146
 1.1841   137
 1.1941   126
 1.2041   138
 1.2141   156
 1.2241   146
 1.2341   122
 1.2441   130
 1.2541   135
 1.2641   154
 1.2741   130
 1.2841   146
 1.2941   139
 1.3041   135
 1.3141   142
 1.3241   135
 1.3341   133
 1.3441   138
 1.3541   141
 1.3641   133
 1.3741   138
 1.3841   133
 1.3941   127
 1.4041   121
 1.4141   153
 1.4241   142
 1.4341   130
 1.4441   125
 1.4541   149
 1.4641   139
 1.4741   144
 1.4841   125
 1.4941   126
 1.5041   122
 1.5141   131
 1.5241   128
 1.5341   132
 1.5441   150
 1.5541   136
 1.5641   116
 1.5741   131
 1.5841   115
 1.5941   140
 1.6041   141
 1.6141   136
 1.6241   141
 1.6341   137
 1.6441   143
 1.6541   157
 1.6641   180
 1.6741   210
 1.6841   260
 1.6941   373
 1.7041   395
 1.7141   448
 1.7241   499
 1.7341   570
 1.7441   581
 1.7541   513
 1.7641   450
 1.7741   420
 1.7841   365
 1.7941   269
 1.8041   212
 1.8141   198
 1.8241   172
 1.8341   174
 1.8441   173
 1.8541   169
 1.8641   151
 1.8741   144
 1.8841   140
 1.8941   142
 1.9041   130
 1.9141   123
 1.9241   131
 1.9341   140
 1.9441   137
 1.9541   155
 1.9641   145
 1.9741   143
 1.9841   158
 1.9941   165
 2.0041   172
 2.0141   159
 2.0241   148
 2.0341   150
 2.0441   163
 2.0541   144
 2.0641   147
 2.0741   143
 2.0841   114
 2.0941   128
 2.1041   134
 2.1141   128
 2.1241   136
 2.1341   135
 2.1441   124
 2.1541   119
 2.1641   110
 2.1741   111
 2.1841   117
 2.1941   108
 2.2041    96
 2.2141   120
 2.2241   113
 2.2341   119
 2.2441   130
 2.2541   105
 2.2641   121
 2.2741   129
 2.2841   119
 2.2941    99
 2.3041   104
 2.3141   123
 2.3241   109
 2.3341   112
 2.3441   129
 2.3541   108
 2.3641    94
 2.3741   115
 2.3841   108
 2.3941   103
 2.4041   112
 2.4141    86
 2.4241   120
 2.4341   117
 2.4441   108
 2.4541   114
 2.4641   102
 2.4741   100
 2.4841   112
 2.4941    97
 2.5041    89
 2.5141   102
 2.5241    99
 2.5341    86
 2.5441   107
 2.5541    97
 2.5641    95
 2.5741    87
 2.5841    96
 2.5941   117
 2.6041    93
 2.6141    96
 2.6241    95
 2.6341    92
 2.6441   101
 2.6541   105
 2.6641    91
 2.6741    77
 2.6841   109
 2.6941    91
 2.7041   113
 2.7141    89
 2.7241    90
 2.7341   123
 2.7441    98
 2.7541    94
 2.7641    99
 2.7741    83
 2.7841    99
 2.7941    95
 2.8041    95
 2.8141   105
 2.8241    86
 2.8341   115
 2.8441   100
 2.8541   111
 2.8641   114
 2.8741    78
 2.8841   105
 2.8941    91
 2.9041    85
 2.9141    92
 2.9241   100
 2.9341   102
 2.9441    93
 2.9541    95
 2.9641    81
 2.9741    92
 2.9841   127
 2.9941    88
 3.0041   100
 3.0141    82
 3.0241    89
 3.0341    69
 3.0441    92
 3.0541    75
 3.0641    77
 3.0741    84
 3.0841    82
 3.0941    83
 3.1041    95
 3.1141   105
 3.1241    80
 3.1341    80
 3.1441    91
 3.1541    91
 3.1641    94
 3.1741    93
 3.1841    87
 3.1941    87
 3.2041    93
 3.2141    95
 3.2241    98
 3.2341   107
 3.2441   114
 3.2541   139
 3.2641   154
 3.2741   184
 3.2841   211
 3.2941   183
 3.3041   206
 3.3141   214
 3.3241   209
 3.3341   182
 3.3441   159
 3.3541   151
 3.3641   128
 3.3741   129
 3.3841   127
 3.3941   109
 3.4041   101
 3.4141    87
 3.4241    79
 3.4341    93
 3.4441    74
 3.4541    76
 3.4641    80
 3.4741    74
 3.4841    76
 3.4941    77
 3.5041    87
 3.5141   100
 3.5241    90
 3.5341    99
 3.5441   117
 3.5541   114
 3.5641   141
 3.5741   170
 3.5841   220
 3.5941   253
 3.6041   348
 3.6141   439
 3.6241   558
 3.6341   696
 3.6441   771
 3.6541   874
 3.6641  1073
 3.6741  1173
 3.6841  1155
 3.6941  1173
 3.7041  1117
 3.7141  1070
 3.7241   945
 3.7341   795
 3.7441   651
 3.7541   509
 3.7641   389
 3.7741   313
 3.7841   243
 3.7941   164
 3.8041   111
 3.8141   101
 3.8241   100
 3.8341    75
 3.8441    84
 3.8541    98
 3.8641    83
 3.8741    77
 3.8841    79
 3.8941    94
 3.9041    76
 3.9141   102
 3.9241   108
 3.9341   117
 3.9441   130
 3.9541   170
 3.9641   179
 3.9741   224
 3.9841   222
 3.9941   233
 4.0041   255
 4.0141   208
 4.0241   236
 4.0341   204
 4.0441   217
 4.0541   200
 4.0641   180
 4.0741   134
 4.0841   126
 4.0941   104
 4.1041   118
 4.1141   104
 4.1241    73
 4.1341    70
 4.1441    59
 4.1541    57
 4.1641    59
 4.1741    65
 4.1841    71
 4.1941    77
 4.2041    75
 4.2141    62
 4.2241    55
 4.2341    57
 4.2441    60
 4.2541    64
 4.2641    55
 4.2741    70
 4.2841    57
 4.2941    45
 4.3041    63
 4.3141    55
 4.3241    49
 4.3341    58
 4.3441    68
 4.3541    70
 4.3641    72
 4.3741    72
 4.3841    93
 4.3941   102
 4.4041   132
 4.4141   141
 4.4241   206
 4.4341   242
 4.4441   263
 4.4541   329
 4.4641   360
 4.4741   405
 4.4841   432
 4.4941   477
 4.5041   506
 4.5141   500
 4.5241   452
 4.5341   427
 4.5441   389
 4.5541   377
 4.5641   277
 4.5741   256
 4.5841   229
 4.5941   198
 4.6041   138
 4.6141   114
 4.6241   116
 4.6341    87
 4.6441    98
 4.6541    96
 4.6641    75
 4.6741    89
 4.6841    61
 4.6941    75
 4.7041    70
 4.7141    65
 4.7241    75
 4.7341    80
 4.7441    85
 4.7541    76
 4.7641    69
 4.7741    71
 4.7841    90
 4.7941   103
 4.8041    82
 4.8141    83
 4.8241    79
 4.8341    99
 4.8441   116
 4.8541   109
 4.8641   130
 4.8741   135
 4.8841   146
 4.8941   131
 4.9041   152
 4.9141   138
 4.9241   162
 4.9341   147
 4.9441   168
 4.9541   150
 4.9641   174
 4.9741   141
 4.9841   119
 4.9941   131
 5.0041   115
 5.0141    91
 5.0241    85
 5.0341    88
 5.0441    93
 5.0541    75
 5.0641    70
 5.0741    69
 5.0841    74
 5.0941    81
 5.1041    74
 5.1141    80
 5.1241    70
 5.1341    68
 5.1441    77
 5.1541    72
 5.1641    78
 5.1741    66
 5.1841    62
 5.1941    78
 5.2041    85
 5.2141    74
 5.2241    72
 5.2341    69
 5.2441    66
 5.2541    84
 5.2641    81
 5.2741    67
 5.2841    66
 5.2941    85
 5.3041    90
 5.3141    81
 5.3241    78
 5.3341    90
 5.3441    89
 5.3541   115
 5.3641   119
 5.3741    83
 5.3841   121
 5.3941   113
 5.4041   103
 5.4141   109
 5.4241   107
 5.4341    96
 5.4441   107
 5.4541   107
 5.4641    95
 5.4741    96
 5.4841    93
 5.4941    99
 5.5041    89
 5.5141    96
 5.5241    89
 5.5341    75
 5.5441    82
 5.5541    85
 5.5641    75
 5.5741    84
 5.5841    91
 5.5941    83
 5.6041    84
 5.6141    88
 5.6241    77
 5.6341    74
 5.6441    74
 5.6541    87
 5.6641    84
 5.6741    85
 5.6841    84
 5.6941    87
 5.7041    78
 5.7141    64
 5.7241    84
 5.7341    89
 5.7441    98
 5.7541   100
 5.7641   105
 5.7741   120
 5.7841   135
 5.7941   138
 5.8041   134
 5.8141   179
 5.8241   196
 5.8341   231
 5.8441   242
 5.8541   277
 5.8641   298
 5.8741   290
 5.8841   355
 5.8941   330
 5.9041   311
 5.9141   319
 5.9241   313
 5.9341   283
 5.9441   259
 5.9541   225
 5.9641   179
 5.9741   205
 5.9841   156
 5.9941   141
 6.0041   119
 6.0141   118
 6.0241   112
 6.0341    99
 6.0441   102
 6.0541    95
 6.0641   112
 6.0741    86
 6.0841   102
 6.0941   118
 6.1041   121
 6.1141   140
 6.1241   131
 6.1341   134
 6.1441   127
 6.1541   138
 6.1641   167
 6.1741   196
 6.1841   207
 6.1941   268
 6.2041   357
 6.2141   429
 6.2241   622
 6.2341   878
 6.2441  1129
 6.2541  1623
 6.2641  2231
 6.2741  3190
 6.2841  4318
 6.2941  5596
 6.3041  7215
 6.3141  9257
 6.3241 11491
 6.3341 13768
 6.3441 16181
 6.3541 18541
 6.3641 20399
 6.3741 22248
 6.3841 23137
 6.3941 24292
 6.4041 24114
 6.4141 23116
 6.4241 21939
 6.4341 20301
 6.4441 18053
 6.4541 15714
 6.4641 13275
 6.4741 11013
 6.4841  8634
 6.4941  6704
 6.5041  5238
 6.5141  3802
 6.5241  2821
 6.5341  1916
 6.5441  1407
 6.5541   908
 6.5641   656
 6.5741   439
 6.5841   338
 6.5941   294
 6.6041   219
 6.6141   189
 6.6241   160
 6.6341   137
 6.6441   139
 6.6541   138
 6.6641   147
 6.6741   132
 6.6841   151
 6.6941   138
 6.7041   114
 6.7141   116
 6.7241   129
 6.7341   127
 6.7441   142
 6.7541   132
 6.7641   148
 6.7741   159
 6.7841   141
 6.7941   150
 6.8041   183
 6.8141   179
 6.8241   187
 6.8341   214
 6.8441   200
 6.8541   240
 6.8641   255
 6.8741   300
 6.8841   388
 6.8941   385
 6.9041   504
 6.9141   584
 6.9241   707
 6.9341   878
 6.9441  1118
 6.9541  1332
 6.9641  1697
 6.9741  2009
 6.9841  2327
 6.9941  2576
 7.0041  3182
 7.0141  3418
 7.0241  3700
 7.0341  3916
 7.0441  4023
 7.0541  4085
 7.0641  3961
 7.0741  3847
 7.0841  3533
 7.0941  3379
 7.1041  2904
 7.1141  2627
 7.1241  2257
 7.1341  1818
 7.1441  1521
 7.1541  1275
 7.1641   993
 7.1741   749
 7.1841   687
 7.1941   479
 7.2041   345
 7.2141   290
 7.2241   251
 7.2341   210
 7.2441   158
 7.2541   162
 7.2641   157
 7.2741   160
 7.2841   146
 7.2941   152
 7.3041   152
 7.3141   155
 7.3241   147
 7.3341   179
 7.3441   181
 7.3541   187
 7.3641   198
 7.3741   187
 7.3841   209
 7.3941   218
 7.4041   212
 7.4141   222
 7.4241   217
 7.4341   233
 7.4441   236
 7.4541   218
 7.4641   192
 7.4741   186
 7.4841   197
 7.4941   190
 7.5041   189
 7.5141   185
 7.5241   171
 7.5341   163
 7.5441   167
 7.5541   176
 7.5641   152
 7.5741   167
 7.5841   180
 7.5941   167
 7.6041   146
 7.6141   166
 7.6241   134
 7.6341   147
 7.6441   168
 7.6541   150
 7.6641   162
 7.6741   164
 7.6841   162
 7.6941   146
 7.7041   151
 7.7141   143
 7.7241   157
 7.7341   151
 7.7441   148
 7.7541   186
 7.7641   166
 7.7741   182
 7.7841   166
 7.7941   170
 7.8041   206
 7.8141   192
 7.8241   211
 7.8341   220
 7.8441   234
 7.8541   205
 7.8641   228
 7.8741   219
 7.8841   240
 7.8941   250
 7.9041   238
 7.9141   266
 7.9241   280
 7.9341   298
 7.9441   340
 7.9541   311
 7.9641   393
 7.9741   384
 7.9841   434
 7.9941   425
 8.0041   488
 8.0141   504
 8.0241   563
 8.0341   564
 8.0441   628
 8.0541   702
 8.0641   702
 8.0741   749
 8.0841   784
 8.0941   813
 8.1041   857
 8.1141   825
 8.1241   885
 8.1341   905
 8.1441   947
 8.1541   945
 8.1641  1019
 8.1741   997
 8.1841  1024
 8.1941   956
 8.2041   999
 8.2141  1012
 8.2241  1032
 8.2341  1069
 8.2441  1115
 8.2541  1103
 8.2641  1162
 8.2741  1233
 8.2841  1329
 8.2941  1381
 8.3041  1518
 8.3141  1642
 8.3241  1809
 8.3341  1860
 8.3441  2023
 8.3541  2129
 8.3641  2184
 8.3741  2260
 8.3841  2250
 8.3941  2284
 8.4041  2097
 8.4141  2079
 8.4241  2035
 8.4341  1909
 8.4441  1774
 8.4541  1602
 8.4641  1365
 8.4741  1242
 8.4841  1072
 8.4941   881
 8.5041   854
 8.5141   788
 8.5241   709
 8.5341   662
 8.5441   697
 8.5541   706
 8.5641   760
 8.5741   773
 8.5841   803
 8.5941   790
 8.6041   852
 8.6141   886
 8.6241   880
 8.6341   934
 8.6441   916
 8.6541   822
 8.6641   842
 8.6741   784
 8.6841   753
 8.6941   642
 8.7041   585
 8.7141   552
 8.7241   462
 8.7341   422
 8.7441   418
 8.7541   367
 8.7641   335
 8.7741   274
 8.7841   278
 8.7941   279
 8.8041   247
 8.8141   241
 8.8241   208
 8.8341   217
 8.8441   214
 8.8541   200
 8.8641   231
 8.8741   248
 8.8841   224
 8.8941   246
 8.9041   257
 8.9141   281
 8.9241   244
 8.9341   221
 8.9441   267
 8.9541   228
 8.9641   261
 8.9741   247
 8.9841   263
 8.9941   282
 9.0041   254
 9.0141   253
 9.0241   306
 9.0341   284
 9.0441   290
 9.0541   294
 9.0641   304
 9.0741   286
 9.0841   325
 9.0941   321
 9.1041   334
 9.1141   350
 9.1241   361
 9.1341   401
 9.1441   385
 9.1541   421
 9.1641   457
 9.1741   474
 9.1841   518
 9.1941   540
 9.2041   496
 9.2141   548
 9.2241   583
 9.2341   575
 9.2441   604
 9.2541   660
 9.2641   692
 9.2741   704
 9.2841   759
 9.2941   780
 9.3041   819
 9.3141   818
 9.3241   840
 9.3341   879
 9.3441   934
 9.3541   914
 9.3641   956
 9.3741  1014
 9.3841   988
 9.3941   989
 9.4041  1026
 9.4141  1085
 9.4241  1019
 9.4341  1078
 9.4441  1122
 9.4541  1086
 9.4641  1085
 9.4741  1126
 9.4841  1150
 9.4941  1194
 9.5041  1224
 9.5141  1287
 9.5241  1324
 9.5341  1354
 9.5441  1465
 9.5541  1521
 9.5641  1560
 9.5741  1517
 9.5841  1708
 9.5941  1813
 9.6041  1884
 9.6141  2039
 9.6241  2105
 9.6341  2167
 9.6441  2178
 9.6541  2158
 9.6641  2256
 9.6741  2157
 9.6841  2071
 9.6941  2061
 9.7041  1984
 9.7141  1803
 9.7241  1757
 9.7341  1689
 9.7441  1561
 9.7541  1415
 9.7641  1321
 9.7741  1236
 9.7841  1127
 9.7941  1096
 9.8041  1056
 9.8141  1006
 9.8241   961
 9.8341   934
 9.8441   871
 9.8541   870
 9.8641   849
 9.8741   875
 9.8841   905
 9.8941   962
 9.9041   949
 9.9141   961
 9.9241   995
 9.9341  1006
 9.9441  1020
 9.9541   996
 9.9641   957
 9.9741   921
 9.9841   885
 9.9941   856
10.0041   822
10.0141   795
10.0241   684
10.0341   603
10.0441   593
10.0541   506
10.0641   473
10.0741   425
10.0841   385
10.0941   340
10.1041   293
10.1141   274
10.1241   234
10.1341   238
10.1441   229
10.1541   218
10.1641   189
10.1741   194
10.1841   177
10.1941   184
10.2041   177
10.2141   155
10.2241   145
10.2341   147
10.2441   148
10.2541   147
10.2641   151
10.2741   126
10.2841   128
10.2941   147
10.3041   140
10.3141   131
10.3241   138
10.3341   134
10.3441   136
10.3541   134
10.3641   133
10.3741   125
10.3841   109
10.3941   121
10.4041   129
10.4141   139
10.4241   130
10.4341   143
10.4441   154
10.4541   134
10.4641   139
10.4741   143
10.4841   158
10.4941   154
10.5041   147
10.5141   171
10.5241   192
10.5341   159
10.5441   148
10.5541   164
10.5641   156
10.5741   170
10.5841   177
10.5941   167
10.6041   159
10.6141   160
10.6241   172
10.6341   169
10.6441   154
10.6541   155
10.6641   155
10.6741   173
10.6841   160
10.6941   151
10.7041   163
10.7141   175
10.7241   166
10.7341   179
10.7441   174
10.7541   185
10.7641   184
10.7741   188
10.7841   173
10.7941   170
10.8041   195
10.8141   218
10.8241   213
10.8341   196
10.8441   195
10.8541   207
10.8641   205
10.8741   240
10.8841   217
10.8941   231
10.9041   242
10.9141   231
10.9241   207
10.9341   212
10.9441   227
10.9541   220
10.9641   226
10.9741   212
10.9841   188
10.9941   211
11.0041   218
11.0141   208
11.0241   199
11.0341   185
11.0441   191
11.0541   193
11.0641   202
11.0741   203
11.0841   192
11.0941   181
11.1041   190
11.1141   202
11.1241   201
11.1341   196
11.1441   206
11.1541   222
11.1641   216
11.1741   227
11.1841   244
11.1941   238
11.2041   233
11.2141   268
11.2241   299
11.2341   287
11.2441   298
11.2541   337
11.2641   326
11.2741   314
11.2841   306
11.2941   301
11.3041   284
11.3141   288
11.3241   289
11.3341   256
11.3441   283
11.3541   271
11.3641   260
11.3741   248
11.3841   227
11.3941   219
11.4041   198
11.4141   196
11.4241   182
11.4341   176
11.4441   167
11.4541   176
11.4641   158
11.4741   134
11.4841   164
11.4941   160
11.5041   137
11.5141   154
11.5241   163
11.5341   155
11.5441   154
11.5541   148
11.5641   147
11.5741   155
11.5841   166
11.5941   174
11.6041   175
11.6141   173
11.6241   156
11.6341   152
11.6441   168
11.6541   148
11.6641   145
11.6741   174
11.6841   180
11.6941   157
11.7041   141
11.7141   141
11.7241   139
11.7341   142
11.7441   145
11.7541   130
11.7641   130
11.7741   123
11.7841   110
11.7941   127
11.8041   120
11.8141   120
11.8241   132
11.8341   124
11.8441   104
11.8541   126
11.8641   118
11.8741   116
11.8841   114
11.8941   125
11.9041   123
11.9141   124
11.9241   120
11.9341   128
11.9441   113
11.9541   104
11.9641   125
11.9741   128
11.9841   114
11.9941    99
12.0041   109
12.0141   116
12.0241   116
12.0341   118
12.0441   116
12.0541   108
12.0641   114
12.0741   123
12.0841   123
12.0941   121
12.1041   129
12.1141   122
12.1241   122
12.1341   124
12.1441   104
12.1541   101
12.1641   120
12.1741   120
12.1841   111
12.1941   113
12.2041   111
12.2141   112
12.2241   112
12.2341   106
12.2441   107
12.2541   111
12.2641   108
12.2741   108
12.2841   106
12.2941   107
12.3041   109
12.3141   103
12.3241   110
12.3341   110
12.3441   100
12.3541   117
12.3641   115
12.3741   117
12.3841   125
12.3941   110
12.4041   101
12.4141   117
12.4241   122
12.4341   126
12.4441   115
12.4541   102
12.4641   104
12.4741   124
12.4841   131
12.4941   118
12.5041   105
12.5141   116
12.5241   114
12.5341   112
12.5441   112
12.5541   125
12.5641   131
12.5741   130
12.5841   131
12.5941   144
12.6041   153
12.6141   134
12.6241   145
12.6341   158
12.6441   162
12.6541   153
12.6641   143
12.6741   143
12.6841   143
12.6941   143
12.7041   142
12.7141   137
12.7241   129
12.7341   125
12.7441   128
12.7541   132
12.7641   134
12.7741   138
12.7841   142
12.7941   139
12.8041   137
12.8141   138
12.8241   135
12.8341   130
12.8441   128
12.8541   133
12.8641   138
12.8741   136
12.8841   135
12.8941   132
12.9041   129
12.9141   134
12.9241   141
12.9341   137
12.9441   129
12.9541   123
12.9641   126
12.9741   131
12.9841   128
12.9941   130
13.0041   125
13.0141   126
13.0241   125
13.0341   134
13.0441   135
13.0541   139
13.0641   138
13.0741   128
13.0841   117
13.0941   107
13.1041   135
13.1141   146
13.1241   132
13.1341   135
13.1441   136
13.1541   124
13.1641   120
13.1741   140
13.1841   137
13.1941   129
13.2041   152
13.2141   163
13.2241   147
13.2341   146
13.2441   163
13.2541   171
13.2641   177
13.2741   181
13.2841   205
13.2941   218
13.3041   210
13.3141   216
13.3241   205
13.3341   223
13.3441   245
13.3541   244
13.3641   245
13.3741   247
13.3841   247
13.3941   240
13.4041   233
13.4141   239
13.4241   250
13.4341   245
13.4441   229
13.4541   213
13.4641   204
13.4741   202
13.4841   202
13.4941   200
13.5041   192
13.5141   180
13.5241   168
13.5341   158
13.5441   158
13.5541   167
13.5641   173
13.5741   170
13.5841   162
13.5941   155
13.6041   152
13.6141   152
13.6241   155
13.6341   160
13.6441   154
13.6541   155
13.6641   162
13.6741   159
13.6841   154
13.6941   149
13.7041   149
13.7141   153
13.7241   168
13.7341   174
13.7441   172
13.7541   166
13.7641   165
13.7741   175
13.7841   163
13.7941   156
13.8041   160
13.8141   159
13.8241   167
13.8341   183
13.8441   180
13.8541   162
13.8641   168
13.8741   173
13.8841   181
13.8941   187
13.9041   178
13.9141   188
13.9241   202
13.9341   214
13.9441   230
13.9541   242
13.9641   257
13.9741   283
13.9841   312
13.9941   337
14.0041   366
14.0141   400
14.0241   431
14.0341   457
14.0441   491
14.0541   534
14.0641   570
14.0741   595
14.0841   622
14.0941   656
14.1041   695
14.1141   729
14.1241   747
14.1341   754
14.1441   760
14.1541   765
14.1641   753
14.1741   724
14.1841   697
14.1941   678
14.2041   674
14.2141   630
14.2241   578
14.2341   575
14.2441   536
14.2541   469
14.2641   397
14.2741   356
14.2841   343
14.2941   319
14.3041   291
14.3141   244
14.3241   234
14.3341   233
14.3441   212
14.3541   216
14.3641   207
14.3741   199
14.3841   213
14.3941   205
14.4041   186
14.4141   183
14.4241   183
14.4341   188
14.4441   193
14.4541   187
14.4641   174
14.4741   175
14.4841   174
14.4941   170
14.5041   164
14.5141   173
14.5241   183
14.5341   182
14.5441   173
14.5541   174
14.5641   165
14.5741   172
14.5841   180
14.5941   171
14.6041   175
14.6141   183
14.6241   179
14.6341   169
14.6441   177
14.6541   184
14.6641   185
14.6741   173
14.6841   168
14.6941   179
14.7041   177
14.7141   170
14.7241   169
14.7341   183
14.7441   194
14.7541   203
14.7641   199
14.7741   218
14.7841   233
14.7941   217
14.8041   210
14.8141   209
14.8241   206
14.8341   196
14.8441   204
14.8541   217
14.8641   206
14.8741   206
14.8841   220
14.8941   224
14.9041   235
14.9141   238
14.9241   225
14.9341   231
14.9441   233
14.9541   226
14.9641   233
14.9741   221
14.9841   226
14.9941   220
15.0041   212
15.0141   223
15.0241   228
15.0341   230
15.0441   205
15.0541   191
15.0641   208
15.0741   208
15.0841   207
15.0941   210
15.1041   201
15.1141   212
15.1241   221
15.1341   213
15.1441   204
15.1541   199
15.1641   192
15.1741   209
15.1841   207
15.1941   205
15.2041   234
15.2141   223
15.2241   192
15.2341   205
15.2441   197
15.2541   207
15.2641   193
15.2741   187
15.2841   197
15.2941   205
15.3041   206
15.3141   188
15.3241   189
15.3341   200
15.3441   210
15.3541   211
15.3641   207
15.3741   210
15.3841   223
15.3941   211
15.4041   206
15.4141   213
15.4241   194
15.4341   185
15.4441   197
15.4541   216
15.4641   212
15.4741   217
15.4841   225
15.4941   221
15.5041   229
15.5141   221
15.5241   225
15.5341   235
15.5441   224
15.5541   213
15.5641   215
15.5741   231
15.5841   251
15.5941   267
15.6041   255
15.6141   254
15.6241   285
15.6341   289
15.6441   306
15.6541   301
15.6641   313
15.6741   324
15.6841   354
15.6941   356
15.7041   363
15.7141   372
15.7241   373
15.7341   398
15.7441   421
15.7541   436
15.7641   424
15.7741   421
15.7841   443
15.7941   460
15.8041   450
15.8141   420
15.8241   428
15.8341   426
15.8441   396
15.8541   383
15.8641   376
15.8741   360
15.8841   381
15.8941   379
15.9041   360
15.9141   323
15.9241   300
15.9341   312
15.9441   310
15.9541   294
15.9641   279
15.9741   254
15.9841   250
15.9941   258
16.0041   253
16.0141   264
16.0241   269
16.0341   244
16.0441   230
16.0541   237
16.0641   239
16.0741   242
16.0841   266
16.0941   262
16.1041   246
16.1141   248
16.1241   251
16.1341   267
16.1441   246
16.1541   256
16.1641   259
16.1741   261
16.1841   260
16.1941   246
16.2041   223
16.2141   244
16.2241   250
16.2341   246
16.2441   245
16.2541   222
16.2641   250
16.2741   253
16.2841   242
16.2941   243
16.3041   257
16.3141   248
16.3241   231
16.3341   257
16.3441   250
16.3541   249
16.3641   262
16.3741   275
16.3841   277
16.3941   254
16.4041   235
16.4141   256
16.4241   245
16.4341   235
16.4441   242
16.4541   259
16.4641   277
16.4741   251
16.4841   271
16.4941   271
16.5041   269
16.5141   259
16.5241   261
16.5341   259
16.5441   254
16.5541   255
16.5641   263
16.5741   271
16.5841   266
16.5941   259
16.6041   271
16.6141   271
16.6241   281
16.6341   280
16.6441   267
16.6541   280
16.6641   258
16.6741   251
16.6841   266
16.6941   254
16.7041   280
16.7141   285
16.7241   274
16.7341   280
16.7441   280
16.7541   265
16.7641   262
16.7741   280
16.7841   263
16.7941   278
16.8041   281
16.8141   277
16.8241   268
16.8341   268
16.8441   280
16.8541   267
16.8641   273
16.8741   300
16.8841   290
16.8941   270
16.9041   268
16.9141   263
16.9241   259
16.9341   269
16.9441   259
16.9541   266
16.9641   277
16.9741   270
16.9841   269
16.9941   260
17.0041   276
17.0141   286
17.0241   295
17.0341   272
17.0441   281
17.0541   308
17.0641   292
17.0741   281
17.0841   281
17.0941   281
17.1041   262
17.1141   251
17.1241   262
17.1341   286
17.1441   282
17.1541   275
17.1641   285
17.1741   290
17.1841   275
17.1941   259
17.2041   268
17.2141   288
17.2241   287
17.2341   276
17.2441   267
17.2541   290
17.2641   278
17.2741   276
17.2841   270
17.2941   276
17.3041   294
17.3141   286
17.3241   292
17.3341   283
17.3441   284
17.3541   286
17.3641   278
17.3741   285
17.3841   295
17.3941   266
17.4041   276
17.4141   268
17.4241   287
17.4341   306
17.4441   281
17.4541   271
17.4641   263
17.4741   288
17.4841   309
17.4941   299
17.5041   283
17.5141   280
17.5241   301
17.5341   309
17.5441   297
17.5541   303
17.5641   303
17.5741   311
17.5841   316
17.5941   306
17.6041   336
17.6141   323
17.6241   309
17.6341   310
17.6441   294
17.6541   300
17.6641   309
17.6741   327
17.6841   323
17.6941   312
17.7041   314
17.7141   323
17.7241   308
17.7341   337
17.7441   348
17.7541   352
17.7641   316
17.7741   325
17.7841   320
17.7941   315
17.8041   324
17.8141   300
17.8241   293
17.8341   303
17.8441   317
17.8541   309
17.8641   283
17.8741   305
17.8841   322
17.8941   288
17.9041   311
17.9141   324
17.9241   312
17.9341   325
17.9441   325
17.9541   328
17.9641   360
17.9741   305
17.9841   312
17.9941   312
18.0041   322
18.0141   310
18.0241   292
18.0341   301
18.0441   325
18.0541   331
18.0641   340
18.0741   315
18.0841   309
18.0941   340
18.1041   335
18.1141   316
18.1241   306
18.1341   299
18.1441   310
18.1541   331
18.1641   326
18.1741   303
18.1841   324
18.1941   289
18.2041   327
18.2141   334
18.2241   311
18.2341   342
18.2441   327
18.2541   324
18.2641   301
18.2741   347
18.2841   349
18.2941   332
18.3041   318
18.3141   332
18.3241   329
18.3341   310
18.3441   347
18.3541   346
18.3641   347
18.3741   332
18.3841   327
18.3941   302
18.4041   298
18.4141   320
18.4241   344
18.4341   325
18.4441   342
18.4541   339
18.4641   366
18.4741   336
18.4841   319
18.4941   344
18.5041   367
18.5141   353
18.5241   337
18.5341   347
18.5441   341
18.5541   348
18.5641   343
18.5741   333
18.5841   336
18.5941   331
18.6041   320
18.6141   339
18.6241   349
18.6341   377
18.6441   360
18.6541   341
18.6641   311
18.6741   340
18.6841   367
18.6941   365
18.7041   344
18.7141   350
18.7241   315
18.7341   338
18.7441   340
18.7541   361
18.7641   342
18.7741   350
18.7841   346
18.7941   358
18.8041   362
18.8141   357
18.8241   365
18.8341   322
18.8441   367
18.8541   335
18.8641   347
18.8741   368
18.8841   368
18.8941   371
18.9041   361
18.9141   339
18.9241   336
18.9341   336
18.9441   382
18.9541   326
18.9641   329
18.9741   357
18.9841   350
18.9941   342
19.0041   355
19.0141   361
19.0241   354
19.0341   340
19.0441   333
19.0541   341
19.0641   351
19.0741   340
19.0841   335
19.0941   347
19.1041   363
19.1141   349
19.1241   343
19.1341   340
19.1441   366
19.1541   373
19.1641   381
19.1741   396
19.1841   346
19.1941   360
19.2041   359
19.2141   340
19.2241   348
19.2341   343
19.2441   336
19.2541   379
19.2641   350
19.2741   380
19.2841   390
19.2941   387
19.3041   366
19.3141   346
19.3241   358
19.3341   349
19.3441   376
19.3541   366
19.3641   371
19.3741   379
19.3841   412
19.3941   370
19.4041   378
19.4141   378
19.4241   389
19.4341   381
19.4441   358
19.4541   362
19.4641   360
19.4741   355
19.4841   362
19.4941   379
19.5041   379
19.5141   379
19.5241   381
19.5341   390
19.5441   364
19.5541   371
19.5641   376
19.5741   378
19.5841   381
19.5941   382
19.6041   370
19.6141   356
19.6241   383
19.6341   352
19.6441   382
19.6541   400
19.6641   378
19.6741   377
19.6841   384
19.6941   345
19.7041   366
19.7141   377
19.7241   377
19.7341   377
19.7441   361
19.7541   383
19.7641   370
19.7741   375
19.7841   383
19.7941   395
19.8041   370
19.8141   387
19.8241   359
19.8341   372
19.8441   386
19.8541   329
19.8641   370
19.8741   378
19.8841   369
19.8941   402
19.9041   359
19.9141   352
19.9241   363
19.9341   359
19.9441   375
19.9541   349
19.9641   364
19.9741   388
19.9841   397
19.9941   402
20.0041   389
20.0141   377
20.0241   399
20.0341   409
20.0441   385
20.0541   384
20.0641   416
20.0741   387
20.0841   410
20.0941   395
20.1041   367
20.1141   394
20.1241   372
20.1341   394
20.1441   358
20.1541   398
20.1641   375
20.1741   341
20.1841   407
20.1941   387
20.2041   376
20.2141   364
20.2241   361
20.2341   386
20.2441   372
20.2541   397
20.2641   389
20.2741   379
20.2841   364
20.2941   376
20.3041   379
20.3141   394
20.3241   395
20.3341   377
20.3441   367
20.3541   400
20.3641   432
20.3741   386
20.3841   365
20.3941   394
20.4041   348
20.4141   380
20.4241   369
20.4341   377
20.4441   366
20.4541   407
20.4641   394
20.4741   370
20.4841   386
20.4941   414
20.5041   400
20.5141   401
20.5241   379
20.5341   409
20.5441   388
20.5541   391
20.5641   370
20.5741   410
20.5841   409
20.5941   399
20.6041   394
20.6141   371
20.6241   426
20.6341   411
20.6441   374
20.6541   391
20.6641   404
20.6741   390
20.6841   430
20.6941   415
20.7041   394
20.7141   404
20.7241   383
20.7341   426
20.7441   399
20.7541   418
20.7641   400
20.7741   387
20.7841   420
20.7941   421
20.8041   434
20.8141   421
20.8241   412
20.8341   403
20.8441   391
20.8541   412
20.8641   417
20.8741   454
20.8841   477
20.8941   468
20.9041   475
20.9141   445
20.9241   500
20.9341   478
20.9441   502
20.9541   474
20.9641   505
20.9741   532
20.9841   546
20.9941   566
21.0041   528
21.0141   561
21.0241   543
21.0341   564
21.0441   607
21.0541   571
21.0641   570
21.0741   584
21.0841   601
21.0941   582
21.1041   681
21.1141   616
21.1241   627
21.1341   609
21.1441   609
21.1541   642
21.1641   619
21.1741   652
21.1841   590
21.1941   586
21.2041   584
21.2141   550
21.2241   560
21.2341   552
21.2441   555
21.2541   556
21.2641   524
21.2741   510
21.2841   485
21.2941   530
21.3041   458
21.3141   479
21.3241   481
21.3341   465
21.3441   439
21.3541   433
21.3641   423
21.3741   446
21.3841   395
21.3941   412
21.4041   405
21.4141   386
21.4241   408
21.4341   397
21.4441   372
21.4541   438
21.4641   404
21.4741   431
21.4841   416
21.4941   379
21.5041   369
21.5141   413
21.5241   428
21.5341   439
21.5441   414
21.5541   405
21.5641   399
21.5741   384
21.5841   435
21.5941   415
21.6041   421
21.6141   386
21.6241   397
21.6341   415
21.6441   426
21.6541   416
21.6641   427
21.6741   417
21.6841   379
21.6941   422
21.7041   363
21.7141   410
21.7241   417
21.7341   388
21.7441   377
21.7541   429
21.7641   408
21.7741   442
21.7841   371
21.7941   428
21.8041   401
21.8141   426
21.8241   436
21.8341   360
21.8441   426
21.8541   428
21.8641   407
21.8741   420
21.8841   414
21.8941   402
21.9041   368
21.9141   402
21.9241   394
21.9341   421
21.9441   394
21.9541   434
21.9641   410
21.9741   407
21.9841   393
21.9941   410
22.0041   401
22.0141   402
22.0241   402
22.0341   400
22.0441   428
22.0541   412
22.0641   391
22.0741   354
22.0841   392
22.0941   419
22.1041   410
22.1141   427
22.1241   421
22.1341   383
22.1441   374
22.1541   417
22.1641   410
22.1741   421
22.1841   398
22.1941   402
22.2041   409
22.2141   401
22.2241   420
22.2341   394
22.2441   408
22.2541   426
22.2641   410
22.2741   409
22.2841   380
22.2941   442
22.3041   377
22.3141   377
22.3241   408
22.3341   406
22.3441   436
22.3541   410
22.3641   392
22.3741   394
22.3841   412
22.3941   440
22.4041   439
22.4141   436
22.4241   389
22.4341   407
22.4441   446
22.4541   399
22.4641   446
22.4741   373
22.4841   422
22.4941   370
22.5041   414
22.5141   409
22.5241   384
22.5341   416
22.5441   397
22.5541   422
22.5641   401
22.5741   365
22.5841   445
22.5941   407
22.6041   403
22.6141   379
22.6241   391
22.6341   386
22.6441   415
22.6541   415
22.6641   387
22.6741   418
22.6841   414
22.6941   415
22.7041   411
22.7141   393
22.7241   392
22.7341   374
22.7441   395
22.7541   416
22.7641   442
22.7741   370
22.7841   407
22.7941   441
22.8041   403
22.8141   399
22.8241   395
22.8341   391
22.8441   431
22.8541   416
22.8641   382
22.8741   422
22.8841   390
22.8941   427
22.9041   379
22.9141   403
22.9241   430
22.9341   406
22.9441   437
22.9541   401
22.9641   413
22.9741   365
22.9841   393
22.9941   393
23.0041   391
23.0141   388
23.0241   441
23.0341   405
23.0441   412
23.0541   438
23.0641   394
23.0741   398
23.0841   395
23.0941   424
23.1041   407
23.1141   388
23.1241   423
23.1341   396
23.1441   410
23.1541   428
23.1641   404
23.1741   414
23.1841   421
23.1941   379
23.2041   401
23.2141   417
23.2241   390
23.2341   390
23.2441   371
23.2541   380
23.2641   377
23.2741   394
23.2841   425
23.2941   438
23.3041   388
23.3141   422
23.3241   422
23.3341   396
23.3441   423
23.3541   391
23.3641   365
23.3741   417
23.3841   461
23.3941   390
23.4041   368
23.4141   414
23.4241   419
23.4341   404
23.4441   380
23.4541   420
23.4641   403
23.4741   387
23.4841   377
23.4941   384
23.5041   372
23.5141   388
23.5241   405
23.5341   418
23.5441   428
23.5541   414
23.5641   407
23.5741   363
23.5841   433
23.5941   403
23.6041   388
23.6141   420
23.6241   415
23.6341   380
23.6441   419
23.6541   406
23.6641   380
23.6741   397
23.6841   431
23.6941   414
23.7041   447
23.7141   443
23.7241   401
23.7341   399
23.7441   398
23.7541   453
23.7641   436
23.7741   423
23.7841   463
23.7941   419
23.8041   431
23.8141   440
23.8241   396
23.8341   469
23.8441   411
23.8541   465
23.8641   451
23.8741   430
23.8841   429
23.8941   405
23.9041   406
23.9141   418
23.9241   424
23.9341   416
23.9441   416
23.9541   398
23.9641   415
23.9741   400
23.9841   421
23.9941   404
24.0041   437
24.0141   397
24.0241   395
24.0341   410
24.0441   362
24.0541   372
24.0641   399
24.0741   434
24.0841   403
24.0941   412
24.1041   404
24.1141   402
24.1241   355
24.1341   385
24.1441   379
24.1541   408
24.1641   403
24.1741   366
24.1841   383
24.1941   392
24.2041   399
24.2141   400
24.2241   378
24.2341   377
24.2441   392
24.2541   397
24.2641   390
24.2741   357
24.2841   366
24.2941   421
24.3041   379
24.3141   394
24.3241   400
24.3341   387
24.3441   392
24.3541   411
24.3641   397
24.3741   375
24.3841   352
24.3941   404
24.4041   361
24.4141   393
24.4241   341
24.4341   385
24.4441   383
24.4541   370
24.4641   382
24.4741   399
24.4841   356
24.4941   352
24.5041   379
24.5141   348
24.5241   339
24.5341   341
24.5441   428
24.5541   362
24.5641   370
24.5741   400
24.5841   344
24.5941   368
24.6041   367
24.6141   370
24.6241   368
24.6341   382
24.6441   380
24.6541   373
24.6641   371
24.6741   369
24.6841   360
24.6941   395
24.7041   362
24.7141   364
24.7241   348
24.7341   402
24.7441   367
24.7541   388
24.7641   361
24.7741   397
24.7841   364
24.7941   364
24.8041   395
24.8141   387
24.8241   384
24.8341   389
24.8441   375
24.8541   367
24.8641   353
24.8741   393
24.8841   359
24.8941   352
24.9041   359
24.9141   390
24.9241   368
24.9341   380
24.9441   339
24.9541   379
24.9641   371
24.9741   370
24.9841   388
24.9941   361
25.0041   375
25.0141   372
25.0241   366
25.0341   376
25.0441   412
25.0541   386
25.0641   374
25.0741   344
25.0841   363
25.0941   343
25.1041   354
25.1141   372
25.1241   379
25.1341   354
25.1441   362
25.1541   433
25.1641   388
25.1741   374
25.1841   376
25.1941   372
25.2041   384
25.2141   398
25.2241   374
25.2341   397
25.2441   365
25.2541   367
25.2641   370
25.2741   365
25.2841   399
25.2941   366
25.3041   402
25.3141   375
25.3241   318
25.3341   387
25.3441   351
25.3541   358
25.3641   354
25.3741   389
25.3841   366
25.3941   341
25.4041   403
25.4141   386
25.4241   323
25.4341   370
25.4441   373
25.4541   368
25.4641   392
25.4741   376
25.4841   402
25.4941   357
25.5041   340
25.5141   387
25.5241   330
25.5341   376
25.5441   348
25.5541   376
25.5641   372
25.5741   354
25.5841   382
25.5941   383
25.6041   349
25.6141   363
25.6241   387
25.6341   356
25.6441   351
25.6541   356
25.6641   352
25.6741   373
25.6841   372
25.6941   364
25.7041   363
25.7141   359
25.7241   353
25.7341   379
25.7441   367
25.7541   347
25.7641   363
25.7741   348
25.7841   339
25.7941   332
25.8041   332
25.8141   359
25.8241   356
25.8341   327
25.8441   362
25.8541   366
25.8641   343
25.8741   340
25.8841   346
25.8941   334
25.9041   346
25.9141   356
25.9241   345
25.9341   340
25.9441   344
25.9541   318
25.9641   336
25.9741   341
25.9841   357
25.9941   339
26.0041   305
26.0141   366
26.0241   340
26.0341   316
26.0441   368
26.0541   338
26.0641   323
26.0741   340
26.0841   328
26.0941   373
26.1041   322
26.1141   333
26.1241   364
26.1341   324
26.1441   317
26.1541   330
26.1641   320
26.1741   346
26.1841   311
26.1941   336
26.2041   347
26.2141   351
26.2241   341
26.2341   317
26.2441   351
26.2541   353
26.2641   317
26.2741   339
26.2841   356
26.2941   338
26.3041   343
26.3141   361
26.3241   339
26.3341   335
26.3441   338
26.3541   305
26.3641   346
26.3741   356
26.3841   315
26.3941   321
26.4041   349
26.4141   347
26.4241   339
26.4341   343
26.4441   305
26.4541   360
26.4641   316
26.4741   327
26.4841   323
26.4941   322
26.5041   297
26.5141   309
26.5241   346
26.5341   324
26.5441   308
26.5541   353
26.5641   327
26.5741   312
26.5841   332
26.5941   316
26.6041   346
26.6141   305
26.6241   325
26.6341   333
26.6441   322
26.6541   313
26.6641   339
26.6741   319
26.6841   318
26.6941   345
26.7041   329
26.7141   346
26.7241   318
26.7341   334
26.7441   316
26.7541   327
26.7641   309
26.7741   297
26.7841   330
26.7941   330
26.8041   307
26.8141   286
26.8241   330
26.8341   283
26.8441   296
26.8541   330
26.8641   312
26.8741   295
26.8841   281
26.8941   300
26.9041   321
26.9141   314
26.9241   335
26.9341   322
26.9441   315
26.9541   322
26.9641   297
26.9741   341
26.9841   315
26.9941   304
27.0041   300
27.0141   293
27.0241   319
27.0341   330
27.0441   295
27.0541   313
27.0641   337
27.0741   301
27.0841   308
27.0941   281
27.1041   298
27.1141   302
27.1241   298
27.1341   290
27.1441   306
27.1541   283
27.1641   317
27.1741   310
27.1841   289
27.1941   328
27.2041   349
27.2141   297
27.2241   307
27.2341   304
27.2441   332
27.2541   305
27.2641   314
27.2741   298
27.2841   295
27.2941   331
27.3041   320
27.3141   304
27.3241   285
27.3341   300
27.3441   323
27.3541   319
27.3641   296
27.3741   304
27.3841   300
27.3941   306
27.4041   284
27.4141   319
27.4241   324
27.4341   287
27.4441   298
27.4541   323
27.4641   322
27.4741   311
27.4841   309
27.4941   285
27.5041   304
27.5141   291
27.5241   291
27.5341   304
27.5441   277
27.5541   304
27.5641   333
27.5741   303
27.5841   289
27.5941   269
27.6041   295
27.6141   286
27.6241   285
27.6341   277
27.6441   284
27.6541   276
27.6641   281
27.6741   266
27.6841   291
27.6941   289
27.7041   274
27.7141   258
27.7241   298
27.7341   304
27.7441   245
27.7541   306
27.7641   303
27.7741   274
27.7841   321
27.7941   277
27.8041   275
27.8141   309
27.8241   289
27.8341   275
27.8441   250
27.8541   306
27.8641   282
27.8741   303
27.8841   288
27.8941   298
27.9041   275
27.9141   328
27.9241   296
27.9341   301
27.9441   296
27.9541   270
27.9641   277
27.9741   281
27.9841   275
27.9941   284
28.0041   258
28.0141   277
28.0241   250
28.0341   253
28.0441   273
28.0541   268
28.0641   245
28.0741   272
28.0841   282
28.0941   265
28.1041   261
28.1141   277
28.1241   285
28.1341   282
28.1441   252
28.1541   273
28.1641   261
28.1741   279
28.1841   294
28.1941   287
28.2041   271
28.2141   272
28.2241   248
28.2341   274
28.2441   268
28.2541   259
28.2641   275
28.2741   270
28.2841   255
28.2941   252
28.3041   259
28.3141   297
28.3241   287
28.3341   301
28.3441   291
28.3541   274
28.3641   270
28.3741   265
28.3841   250
28.3941   282
28.4041   266
28.4141   285
28.4241   258
28.4341   259
28.4441   281
28.4541   280
28.4641   282
28.4741   268
28.4841   278
28.4941   263
28.5041   275
28.5141   257
28.5241   278
28.5341   270
28.5441   261
28.5541   273
28.5641   271
28.5741   262
28.5841   247
28.5941   253
28.6041   271
28.6141   267
28.6241   276
28.6341   286
28.6441   247
28.6541   272
28.6641   246
28.6741   230
28.6841   253
28.6941   238
28.7041   248
28.7141   242
28.7241   249
28.7341   257
28.7441   233
28.7541   247
28.7641   265
28.7741   246
28.7841   262
28.7941   251
28.8041   268
28.8141   231
28.8241   257
28.8341   262
28.8441   255
28.8541   244
28.8641   228
28.8741   244
28.8841   270
28.8941   226
28.9041   262
28.9141   264
28.9241   265
28.9341   215
28.9441   226
28.9541   250
28.9641   275
28.9741   267
28.9841   258
28.9941   253
29.0041   253
29.0141   235
29.0241   267
29.0341   257
29.0441   288
29.0541   261
29.0641   242
29.0741   235
29.0841   249
29.0941   246
29.1041   273
29.1141   250
29.1241   263
29.1341   260
29.1441   216
29.1541   229
29.1641   226
29.1741   258
29.1841   224
29.1941   243
29.2041   237
29.2141   257
29.2241   243
29.2341   243
29.2441   240
29.2541   245
29.2641   234
29.2741   254
29.2841   224
29.2941   261
29.3041   238
29.3141   215
29.3241   248
29.3341   236
29.3441   229
29.3541   255
29.3641   239
29.3741   244
29.3841   217
29.3941   251
29.4041   251
29.4141   237
29.4241   245
29.4341   251
29.4441   213
29.4541   221
29.4641   240
29.4741   258
29.4841   224
29.4941   235
29.5041   220
29.5141   229
29.5241   216
29.5341   231
29.5441   242
29.5541   241
29.5641   197
29.5741   245
29.5841   249
29.5941   252
29.6041   224
29.6141   221
29.6241   235
29.6341   251
29.6441   216
29.6541   239
29.6641   228
29.6741   214
29.6841   225
29.6941   239
29.7041   216
29.7141   234
29.7241   254
29.7341   242
29.7441   222
29.7541   243
29.7641   240
29.7741   203
29.7841   241
29.7941   218
29.8041   222
29.8141   223
29.8241   188
29.8341   242
29.8441   251
29.8541   239
29.8641   222
29.8741   236
29.8841   223
29.8941   226
29.9041   240
29.9141   221
29.9241   228
29.9341   208
29.9441   207
29.9541   220
29.9641   234
29.9741   220
29.9841   228
29.9941   223
30.0041   229
30.0141   208
30.0241   223
30.0341   219
30.0441   202
30.0541   185
30.0641   213
30.0741   220
30.0841   228
30.0941   232
30.1041   216
30.1141   233
30.1241   222
30.1341   220
30.1441   234
30.1541   219
30.1641   214
30.1741   190
30.1841   229
30.1941   215
30.2041   227
30.2141   223
30.2241   202
30.2341   200
30.2441   192
30.2541   221
30.2641   196
30.2741   184
30.2841   206
30.2941   205
30.3041   195
30.3141   202
30.3241   229
30.3341   205
30.3441   226
30.3541   195
30.3641   190
30.3741   204
30.3841   204
30.3941   182
30.4041   211
30.4141   198
30.4241   212
30.4341   186
30.4441   199
30.4541   207
30.4641   217
30.4741   204
30.4841   187
30.4941   208
30.5041   220
30.5141   189
30.5241   223
30.5341   202
30.5441   193
30.5541   195
30.5641   204
30.5741   234
30.5841   201
30.5941   216
30.6041   224
30.6141   213
30.6241   208
30.6341   182
30.6441   205
30.6541   191
30.6641   211
30.6741   197
30.6841   203
30.6941   197
30.7041   187
30.7141   168
30.7241   199
30.7341   199
30.7441   204
30.7541   181
30.7641   194
30.7741   201
30.7841   201
30.7941   202
30.8041   178
30.8141   183
30.8241   202
30.8341   190
30.8441   209
30.8541   185
30.8641   190
30.8741   192
30.8841   189
30.8941   226
30.9041   208
30.9141   202
30.9241   203
30.9341   179
30.9441   190
30.9541   194
30.9641   201
30.9741   197
30.9841   230
30.9941   192
31.0041   213
31.0141   195
31.0241   202
31.0341   188
31.0441   198
31.0541   167
31.0641   180
31.0741   179
31.0841   178
31.0941   186
31.1041   200
31.1141   206
31.1241   187
31.1341   194
31.1441   194
31.1541   186
31.1641   189
31.1741   182
31.1841   171
31.1941   205
31.2041   206
31.2141   183
31.2241   166
31.2341   191
31.2441   177
31.2541   199
31.2641   172
31.2741   184
31.2841   181
31.2941   185
31.3041   189
31.3141   219
31.3241   185
31.3341   191
31.3441   166
31.3541   185
31.3641   183
31.3741   181
31.3841   187
31.3941   187
31.4041   207
31.4141   181
31.4241   187
31.4341   172
31.4441   175
31.4541   190
31.4641   171
31.4741   190
31.4841   173
31.4941   169
31.5041   187
31.5141   181
31.5241   151
31.5341   171
31.5441   171
31.5541   174
31.5641   185
31.5741   170
31.5841   177
31.5941   188
31.6041   181
31.6141   203
31.6241   185
31.6341   167
31.6441   154
31.6541   197
31.6641   170
31.6741   179
31.6841   169
31.6941   169
31.7041   172
31.7141   196
31.7241   168
31.7341   177
31.7441   170
31.7541   175
31.7641   176
31.7741   181
31.7841   180
31.7941   184
31.8041   188
31.8141   188
31.8241   188
31.8341   172
31.8441   161
31.8541   169
31.8641   192
31.8741   185
31.8841   169
31.8941   171
31.9041   184
31.9141   171
31.9241   190
31.9341   161
31.9441   157
31.9541   191
31.9641   175
31.9741   159
31.9841   191
31.9941   167
32.0041   182
32.0141   184
32.0241   154
32.0341   187
32.0441   152
32.0541   146
32.0641   179
32.0741   152
32.0841   163
32.0941   174
32.1041   160
32.1141   147
32.1241   160
32.1341   183
32.1441   160
32.1541   170
32.1641   171
32.1741   169
32.1841   156
32.1941   191
32.2041   179
32.2141   164
32.2241   174
32.2341   190
32.2441   174
32.2541   175
32.2641   185
32.2741   161
32.2841   164
32.2941   167
32.3041   174
32.3141   165
32.3241   174
32.3341   167
32.3441   157
32.3541   166
32.3641   149
32.3741   158
32.3841   159
32.3941   143
32.4041   153
32.4141   170
32.4241   168
32.4341   154
32.4441   145
32.4541   178
32.4641   157
32.4741   153
32.4841   147
32.4941   147
32.5041   140
32.5141   155
32.5241   157
32.5341   147
32.5441   164
32.5541   154
32.5641   177
32.5741   157
32.5841   153
32.5941   158
32.6041   127
32.6141   137
32.6241   144
32.6341   141
32.6441   148
32.6541   164
32.6641   164
32.6741   148
32.6841   184
32.6941   138
32.7041   130
32.7141   159
32.7241   145
32.7341   164
32.7441   135
32.7541   131
32.7641   141
32.7741   152
32.7841   162
32.7941   154
32.8041   123
32.8141   125
32.8241   140
32.8341   127
32.8441   142
32.8541   138
32.8641   150
32.8741   109
32.8841   132
32.8941   145
32.9041   152
32.9141   125
32.9241   143
32.9341   147
32.9441   124
32.9541   150
32.9641   124
32.9741   145
32.9841   130
32.9941   130
33.0041   130
33.0141   129
33.0241   139
33.0341   142
33.0441   140
33.0541   149
33.0641   118
33.0741   117
33.0841   112
33.0941   150
33.1041   132
33.1141   132
33.1241   125
33.1341   154
33.1441   127
33.1541   136
33.1641   141
33.1741   136
33.1841   137
33.1941   129
33.2041   129
33.2141   138
33.2241   114
33.2341   114
33.2441   146
33.2541   140
33.2641   130
33.2741   145
33.2841   144
33.2941   127
33.3041   134
33.3141   122
33.3241   119
33.3341   150
33.3441   116
33.3541   125
33.3641   123
33.3741   117
33.3841   137
33.3941   113
33.4041   128
33.4141   118
33.4241   127
33.4341   144
33.4441   129
33.4541   139
33.4641   125
33.4741   144
33.4841   118
33.4941   114
33.5041   125
33.5141   121
33.5241   146
33.5341   114
33.5441   115
33.5541   113
33.5641   114
33.5741   122
33.5841   119
33.5941   141
33.6041   117
33.6141   108
33.6241   119
33.6341   141
33.6441   112
33.6541   104
33.6641   120
33.6741   145
33.6841   111
33.6941   122
33.7041   131
33.7141   125
33.7241   112
33.7341   136
33.7441   121
33.7541   102
33.7641    98
33.7741   115
33.7841   131
33.7941   106
33.8041   105
33.8141   129
33.8241   135
33.8341   118
33.8441   113
33.8541   118
33.8641   111
33.8741   103
33.8841   113
33.8941   121
33.9041   111
33.9141   129
33.9241   131
33.9341   113
33.9441    98
33.9541   101
33.9641   123
33.9741   112
33.9841   119
33.9941   116
34.0041   126
34.0141   113
34.0241   120
34.0341   110
34.0441   107
34.0541   108
34.0641   121
34.0741   118
34.0841   102
34.0941   117
34.1041   126
34.1141   121
34.1241   123
34.1341   101
34.1441   127
34.1541    84
34.1641   127
34.1741   110
34.1841   105
34.1941   103
34.2041   120
34.2141   124
34.2241   119
34.2341   117
34.2441   108
34.2541   104
34.2641   120
34.2741    90
34.2841   109
34.2941   125
34.3041   120
34.3141   111
34.3241    94
34.3341   118
34.3441   119
34.3541   116
34.3641   102
34.3741   118
34.3841   121
34.3941   106
34.4041   108
34.4141   115
34.4241   107
34.4341   117
34.4441   118
34.4541   111
34.4641   116
34.4741   107
34.4841    95
34.4941   101
34.5041    98
34.5141   102
34.5241   109
34.5341   108
34.5441   125
34.5541   121
34.5641    96
34.5741    94
34.5841    89
34.5941    85
34.6041    85
34.6141    97
34.6241   101
34.6341    92
34.6441   113
34.6541    95
34.6641    96
34.6741   102
34.6841    98
34.6941   110
34.7041    95
34.7141    98
34.7241   115
34.7341   109
34.7441    94
34.7541    98
34.7641    94
34.7741   107
34.7841    90
34.7941    82
34.8041   102
34.8141   100
34.8241    95
34.8341    94
34.8441   101
34.8541   110
34.8641   100
34.8741   108
34.8841   108
34.8941   114
34.9041    85
34.9141   100
34.9241   103
34.9341   110
34.9441   114
34.9541    84
34.9641    83
34.9741    93
34.9841    84
34.9941    85
35.0041   105
35.0141    98
35.0241    95
35.0341   106
35.0441   110
35.0541    91
35.0641    81
35.0741   104
35.0841    88
35.0941    95
35.1041   103
35.1141    82
35.1241    83
35.1341    87
35.1441    96
35.1541    82
35.1641    96
35.1741    87
35.1841   106
35.1941    83
35.2041    90
35.2141    86
35.2241    85
35.2341    96
35.2441    81
35.2541    74
35.2641    79
35.2741    88
35.2841   100
35.2941    85
35.3041    93
35.3141    86
35.3241    81
35.3341    87
35.3441    79
35.3541    71
35.3641    85
35.3741    90
35.3841    93
35.3941    86
35.4041    81
35.4141    72
35.4241    91
35.4341    80
35.4441    72
35.4541    85
35.4641    93
35.4741    79
35.4841    82
35.4941    98
35.5041    84
35.5141    71
35.5241    90
35.5341    69
35.5441    88
35.5541    78
35.5641    93
35.5741    79
35.5841    87
35.5941    88
35.6041    81
35.6141    88
35.6241    87
35.6341    81
35.6441    76
35.6541    77
35.6641    74
35.6741    74
35.6841    80
35.6941    76
35.7041    96
35.7141    90
35.7241    68
35.7341    81
35.7441    86
35.7541    83
35.7641    92
35.7741    79
35.7841    79
35.7941    77
35.8041    71
35.8141    89
35.8241    83
35.8341    82
35.8441    94
35.8541    86
35.8641    76
35.8741    77
35.8841    73
35.8941    71
35.9041    78
35.9141    67
35.9241    77
35.9341    62
35.9441    68
35.9541    75
35.9641    70
35.9741    85
35.9841    80
35.9941    64
36.0041    79
36.0141    78
36.0241    70
36.0341    58
36.0441    75
36.0541    78
36.0641    86
36.0741    79
36.0841    71
36.0941    71
36.1041    76
36.1141    82
36.1241    75
36.1341    76
36.1441    74
36.1541    79
36.1641    91
36.1741    87
36.1841    75
36.1941    85
36.2041    78
36.2141    86
36.2241    84
36.2341    89
36.2441    74
36.2541    88
36.2641    87
36.2741    88
36.2841    69
36.2941    58
36.3041    77
36.3141    65
36.3241    82
36.3341    76
36.3441    68
36.3541    91
36.3641    78
36.3741    74
36.3841    66
36.3941    79
36.4041    70
36.4141    70
36.4241    84
36.4341    60
36.4441    75
36.4541    77
36.4641    73
36.4741    49
36.4841    74
36.4941    69
36.5041    85
36.5141    79
36.5241    63
36.5341    71
36.5441    66
36.5541    63
36.5641    67
36.5741    61
36.5841    72
36.5941    62
36.6041    56
36.6141    66
36.6241    65
36.6341    64
36.6441    81
36.6541    59
36.6641    68
36.6741    62
36.6841    76
36.6941    60
36.7041    52
36.7141    68
36.7241    69
36.7341    64
36.7441    65
36.7541    63
36.7641    68
36.7741    60
36.7841    51
36.7941    71
36.8041    75
36.8141    64
36.8241    51
36.8341    65
36.8441    55
36.8541    68
36.8641    65
36.8741    65
36.8841    56
36.8941    57
36.9041    47
36.9141    67
36.9241    73
36.9341    62
36.9441    60
36.9541    61
36.9641    58
36.9741    55
36.9841    53
36.9941    68
37.0041    65
37.0141    50
37.0241    56
37.0341    52
37.0441    63
37.0541    54
37.0641    49
37.0741    46
37.0841    56
37.0941    62
37.1041    75
37.1141    53
37.1241    51
37.1341    68
37.1441    72
37.1541    45
37.1641    48
37.1741    53
37.1841    56
37.1941    66
37.2041    65
37.2141    59
37.2241    64
37.2341    64
37.2441    54
37.2541    61
37.2641    62
37.2741    49
37.2841    65
37.2941    50
37.3041    59
37.3141    49
37.3241    56
37.3341    51
37.3441    42
37.3541    58
37.3641    66
37.3741    54
37.3841    59
37.3941    45
37.4041    45
37.4141    57
37.4241    66
37.4341    54
37.4441    49
37.4541    51
37.4641    69
37.4741    54
37.4841    60
37.4941    65
37.5041    51
37.5141    64
37.5241    49
37.5341    57
37.5441    56
37.5541    57
37.5641    68
37.5741    52
37.5841    62
37.5941    48
37.6041    60
37.6141    56
37.6241    59
37.6341    44
37.6441    53
37.6541    54
37.6641    52
37.6741    47
37.6841    46
37.6941    47
37.7041    49
37.7141    53
37.7241    42
37.7341    57
37.7441    58
37.7541    55
37.7641    66
37.7741    40
37.7841    39
37.7941    53
37.8041    56
37.8141    53
37.8241    56
37.8341    41
37.8441    42
37.8541    54
37.8641    41
37.8741    43
37.8841    50
37.8941    54
37.9041    46
37.9141    43
37.9241    45
37.9341    50
37.9441    45
37.9541    57
37.9641    63
37.9741    51
37.9841    47
37.9941    52
38.0041    44
38.0141    45
38.0241    51
38.0341    57
38.0441    45
38.0541    51
38.0641    43
38.0741    40
38.0841    43
38.0941    42
38.1041    47
38.1141    38
38.1241    41
38.1341    55
38.1441    29
38.1541    43
38.1641    47
38.1741    48
38.1841    48
38.1941    47
38.2041    48
38.2141    42
38.2241    45
38.2341    43
38.2441    51
38.2541    53
38.2641    45
38.2741    42
38.2841    43
38.2941    42
38.3041    33
38.3141    43
38.3241    48
38.3341    52
38.3441    44
38.3541    47
38.3641    43
38.3741    46
38.3841    52
38.3941    47
38.4041    41
38.4141    31
38.4241    32
38.4341    41
38.4441    32
38.4541    40
38.4641    44
38.4741    39
38.4841    38
38.4941    37
38.5041    36
38.5141    42
38.5241    34
38.5341    40
38.5441    41
38.5541    33
38.5641    43
38.5741    54
38.5841    51
38.5941    36
38.6041    41
38.6141    43
38.6241    34
38.6341    44
38.6441    39
38.6541    49
38.6641    29
38.6741    46
38.6841    38
38.6941    26
38.7041    38
38.7141    41
38.7241    32
38.7341    28
38.7441    42
38.7541    43
38.7641    31
38.7741    47
38.7841    38
38.7941    36
38.8041    42
38.8141    20
38.8241    27
38.8341    43
38.8441    34
38.8541    41
38.8641    34
38.8741    23
38.8841    29
38.8941    42
38.9041    37
38.9141    35
38.9241    32
38.9341    39
38.9441    46
38.9541    30
38.9641    32
38.9741    40
38.9841    26
38.9941    38
39.0041    36
39.0141    31
39.0241    31
39.0341    38
39.0441    31
39.0541    27
39.0641    39
39.0741    33
39.0841    29
39.0941    46
39.1041    34
39.1141    37
39.1241    30
39.1341    36
39.1441    29
39.1541    37
39.1641    28
39.1741    34
39.1841    26
39.1941    32
39.2041    26
39.2141    32
39.2241    37
39.2341    45
39.2441    33
39.2541    37
39.2641    35
39.2741    27
39.2841    31
39.2941    46
39.3041    34
39.3141    43
39.3241    30
39.3341    33
39.3441    34
39.3541    27
39.3641    29
39.3741    35
39.3841    30
39.3941    34
39.4041    34
39.4141    32
39.4241    37
39.4341    22
39.4441    29
39.4541    22
39.4641    21
39.4741    20
39.4841    36
39.4941    29
39.5041    42
39.5141    19
39.5241    32
39.5341    38
39.5441    25
39.5541    27
39.5641    21
39.5741    26
39.5841    34
39.5941    30
39.6041    29
39.6141    26
39.6241    25
39.6341    34
39.6441    25
39.6541    21
39.6641    27
39.6741    28
39.6841    38
39.6941    21
39.7041    32
39.7141    24
39.7241    24
39.7341    31
39.7441    36
39.7541    30
39.7641    23
39.7741    28
39.7841    21
39.7941    25
39.8041    26
39.8141    31
39.8241    23
39.8341    30
39.8441    28
39.8541    19
39.8641    28
39.8741    22
39.8841    20
39.8941    24
39.9041    23
39.9141    24
39.9241    19
39.9341    25
39.9441    24
39.9541    24
39.9641    25
39.9741    22
39.9841    18
