Bruker Nano GmbH Berlin, Germany
Esprit 1.9

Date: 5/14/2021 1:33:55 PM
Real time: 15645
Life time: 14599
Pulse density: 100592


Detector type: XFlash 430
Window type: Custom type
Detector thickness: 0.45
Si dead layer:0.029

Calibration, lin.: 10
Calibration, abs.: -955.9
Mn FWHM: 137.05
Fano factor: 0.121
Channels: 4095

Energy Counts
-0.9559     0
-0.9459     0
-0.9359     0
-0.9259     0
-0.9159     0
-0.9059     0
-0.8959     0
-0.8859     0
-0.8759     0
-0.8659     0
-0.8559     0
-0.8459     0
-0.8359     0
-0.8259     0
-0.8159     0
-0.8059     0
-0.7959     0
-0.7859     0
-0.7759     0
-0.7659     0
-0.7559     0
-0.7459     0
-0.7359     0
-0.7259     0
-0.7159     0
-0.7059     0
-0.6959     0
-0.6859     0
-0.6759     0
-0.6659     0
-0.6559     0
-0.6459     0
-0.6359     0
-0.6259     0
-0.6159     0
-0.6059     0
-0.5959     0
-0.5859     0
-0.5759     0
-0.5659     0
-0.5559     0
-0.5459     0
-0.5359     0
-0.5259     0
-0.5159     0
-0.5059     0
-0.4959     0
-0.4859     0
-0.4759     0
-0.4659     0
-0.4559     0
-0.4459     0
-0.4359     0
-0.4259     0
-0.4159     0
-0.4059     0
-0.3959     0
-0.3859     0
-0.3759     0
-0.3659     0
-0.3559     0
-0.3459     0
-0.3359     0
-0.3259     0
-0.3159     0
-0.3059     0
-0.2959     0
-0.2859     0
-0.2759     0
-0.2659     0
-0.2559     0
-0.2459     0
-0.2359     0
-0.2259     0
-0.2159     0
-0.2059     0
-0.1959     0
-0.1859     0
-0.1759     0
-0.1659     0
-0.1559     0
-0.1459     0
-0.1359     0
-0.1259     0
-0.1159     3
-0.1059     7
-0.0959    41
-0.0859   154
-0.0759   563
-0.0659  1749
-0.0559  4355
-0.0459  9271
-0.0359 17342
-0.0259 27618
-0.0159 38118
-0.0059 44440
 0.0041 45129
 0.0141 39192
 0.0241 28594
 0.0341 17906
 0.0441  9733
 0.0541  4617
 0.0641  1803
 0.0741   635
 0.0841   206
 0.0941    56
 0.1041    21
 0.1141     9
 0.1241     5
 0.1341     6
 0.1441     5
 0.1541     6
 0.1641     1
 0.1741    18
 0.1841   131
 0.1941   268
 0.2041   233
 0.2141   222
 0.2241   234
 0.2341   212
 0.2441   220
 0.2541   234
 0.2641   237
 0.2741   235
 0.2841   223
 0.2941   202
 0.3041   193
 0.3141   208
 0.3241   234
 0.3341   220
 0.3441   206
 0.3541   202
 0.3641   205
 0.3741   212
 0.3841   227
 0.3941   209
 0.4041   213
 0.4141   205
 0.4241   208
 0.4341   209
 0.4441   193
 0.4541   202
 0.4641   204
 0.4741   210
 0.4841   205
 0.4941   195
 0.5041   201
 0.5141   192
 0.5241   201
 0.5341   206
 0.5441   192
 0.5541   203
 0.5641   198
 0.5741   172
 0.5841   183
 0.5941   187
 0.6041   179
 0.6141   173
 0.6241   180
 0.6341   189
 0.6441   172
 0.6541   176
 0.6641   174
 0.6741   178
 0.6841   191
 0.6941   161
 0.7041   156
 0.7141   160
 0.7241   169
 0.7341   188
 0.7441   182
 0.7541   168
 0.7641   156
 0.7741   152
 0.7841   156
 0.7941   171
 0.8041   180
 0.8141   187
 0.8241   189
 0.8341   151
 0.8441   156
 0.8541   157
 0.8641   165
 0.8741   163
 0.8841   162
 0.8941   159
 0.9041   159
 0.9141   172
 0.9241   167
 0.9341   152
 0.9441   163
 0.9541   159
 0.9641   139
 0.9741   153
 0.9841   153
 0.9941   167
 1.0041   147
 1.0141   139
 1.0241   150
 1.0341   145
 1.0441   134
 1.0541   141
 1.0641   134
 1.0741   154
 1.0841   172
 1.0941   166
 1.1041   139
 1.1141   134
 1.1241   131
 1.1341   141
 1.1441   130
 1.1541   152
 1.1641   135
 1.1741   144
 1.1841   144
 1.1941   151
 1.2041   135
 1.2141   150
 1.2241   132
 1.2341   120
 1.2441   134
 1.2541   125
 1.2641   142
 1.2741   145
 1.2841   132
 1.2941   136
 1.3041   138
 1.3141   127
 1.3241   133
 1.3341   150
 1.3441   128
 1.3541   138
 1.3641   126
 1.3741   147
 1.3841   131
 1.3941   124
 1.4041   137
 1.4141   153
 1.4241   146
 1.4341   124
 1.4441   142
 1.4541   128
 1.4641   144
 1.4741   127
 1.4841   126
 1.4941   128
 1.5041   130
 1.5141   127
 1.5241   129
 1.5341   159
 1.5441   140
 1.5541   119
 1.5641   152
 1.5741   127
 1.5841   117
 1.5941   130
 1.6041   125
 1.6141   129
 1.6241   125
 1.6341   130
 1.6441   147
 1.6541   162
 1.6641   190
 1.6741   239
 1.6841   340
 1.6941   394
 1.7041   459
 1.7141   535
 1.7241   597
 1.7341   642
 1.7441   637
 1.7541   563
 1.7641   547
 1.7741   424
 1.7841   356
 1.7941   321
 1.8041   243
 1.8141   205
 1.8241   204
 1.8341   149
 1.8441   169
 1.8541   160
 1.8641   163
 1.8741   142
 1.8841   164
 1.8941   145
 1.9041   139
 1.9141   139
 1.9241   145
 1.9341   148
 1.9441   164
 1.9541   151
 1.9641   160
 1.9741   178
 1.9841   163
 1.9941   161
 2.0041   159
 2.0141   169
 2.0241   154
 2.0341   152
 2.0441   140
 2.0541   149
 2.0641   132
 2.0741   141
 2.0841   144
 2.0941   133
 2.1041   139
 2.1141   101
 2.1241   108
 2.1341   135
 2.1441   141
 2.1541   132
 2.1641   133
 2.1741   137
 2.1841   134
 2.1941   118
 2.2041   109
 2.2141    98
 2.2241   117
 2.2341   113
 2.2441   106
 2.2541   124
 2.2641   106
 2.2741   107
 2.2841   125
 2.2941   117
 2.3041   118
 2.3141   112
 2.3241   113
 2.3341   110
 2.3441   123
 2.3541   127
 2.3641   109
 2.3741   127
 2.3841   111
 2.3941   123
 2.4041   110
 2.4141   124
 2.4241   142
 2.4341   123
 2.4441   122
 2.4541   102
 2.4641   107
 2.4741   103
 2.4841   117
 2.4941   104
 2.5041   116
 2.5141   122
 2.5241   116
 2.5341   119
 2.5441   106
 2.5541   114
 2.5641    94
 2.5741   128
 2.5841   118
 2.5941   114
 2.6041    98
 2.6141   101
 2.6241   111
 2.6341   127
 2.6441   123
 2.6541   135
 2.6641   115
 2.6741   119
 2.6841   102
 2.6941   103
 2.7041    99
 2.7141    94
 2.7241    95
 2.7341   104
 2.7441    93
 2.7541    93
 2.7641    93
 2.7741    73
 2.7841   107
 2.7941   114
 2.8041   111
 2.8141   132
 2.8241   125
 2.8341    99
 2.8441   109
 2.8541   106
 2.8641   103
 2.8741   107
 2.8841    90
 2.8941   106
 2.9041   107
 2.9141    91
 2.9241   111
 2.9341    87
 2.9441    97
 2.9541   106
 2.9641   101
 2.9741   108
 2.9841   116
 2.9941   116
 3.0041    96
 3.0141   103
 3.0241    89
 3.0341    94
 3.0441    71
 3.0541    92
 3.0641    71
 3.0741   103
 3.0841    87
 3.0941    93
 3.1041    83
 3.1141    87
 3.1241    94
 3.1341    95
 3.1441    81
 3.1541    84
 3.1641    89
 3.1741    97
 3.1841    84
 3.1941    88
 3.2041    98
 3.2141   108
 3.2241   137
 3.2341   128
 3.2441   182
 3.2541   213
 3.2641   247
 3.2741   282
 3.2841   281
 3.2941   324
 3.3041   337
 3.3141   335
 3.3241   330
 3.3341   326
 3.3441   275
 3.3541   261
 3.3641   234
 3.3741   199
 3.3841   168
 3.3941   136
 3.4041   100
 3.4141    99
 3.4241    96
 3.4341    79
 3.4441    77
 3.4541    79
 3.4641    90
 3.4741    79
 3.4841    82
 3.4941    71
 3.5041    85
 3.5141   106
 3.5241   107
 3.5341    93
 3.5441   130
 3.5541   157
 3.5641   177
 3.5741   204
 3.5841   220
 3.5941   248
 3.6041   315
 3.6141   427
 3.6241   497
 3.6341   605
 3.6441   662
 3.6541   820
 3.6641   904
 3.6741   968
 3.6841  1017
 3.6941  1034
 3.7041   918
 3.7141   914
 3.7241   800
 3.7341   716
 3.7441   569
 3.7541   416
 3.7641   344
 3.7741   260
 3.7841   185
 3.7941   191
 3.8041   134
 3.8141   101
 3.8241    82
 3.8341    70
 3.8441    68
 3.8541    70
 3.8641    71
 3.8741    73
 3.8841    78
 3.8941    80
 3.9041    67
 3.9141    93
 3.9241    88
 3.9341   119
 3.9441   132
 3.9541   147
 3.9641   153
 3.9741   164
 3.9841   179
 3.9941   186
 4.0041   209
 4.0141   214
 4.0241   225
 4.0341   181
 4.0441   189
 4.0541   180
 4.0641   148
 4.0741   128
 4.0841   129
 4.0941    91
 4.1041    93
 4.1141    74
 4.1241    71
 4.1341    70
 4.1441    67
 4.1541    70
 4.1641    60
 4.1741    71
 4.1841    59
 4.1941    55
 4.2041    55
 4.2141    64
 4.2241    56
 4.2341    66
 4.2441    64
 4.2541    63
 4.2641    51
 4.2741    59
 4.2841    81
 4.2941    55
 4.3041    72
 4.3141    53
 4.3241    73
 4.3341    63
 4.3441    62
 4.3541    79
 4.3641    71
 4.3741    81
 4.3841    90
 4.3941   106
 4.4041   104
 4.4141   148
 4.4241   137
 4.4341   195
 4.4441   207
 4.4541   254
 4.4641   295
 4.4741   294
 4.4841   325
 4.4941   339
 4.5041   346
 4.5141   352
 4.5241   352
 4.5341   314
 4.5441   265
 4.5541   237
 4.5641   221
 4.5741   196
 4.5841   157
 4.5941   131
 4.6041   137
 4.6141   102
 4.6241    76
 4.6341    78
 4.6441    64
 4.6541    61
 4.6641    76
 4.6741    89
 4.6841    98
 4.6941    97
 4.7041    79
 4.7141    73
 4.7241    69
 4.7341    69
 4.7441    79
 4.7541    68
 4.7641    65
 4.7741    74
 4.7841    96
 4.7941    79
 4.8041    89
 4.8141   114
 4.8241   117
 4.8341    94
 4.8441   107
 4.8541   120
 4.8641    98
 4.8741   119
 4.8841   123
 4.8941   124
 4.9041   132
 4.9141   181
 4.9241   149
 4.9341   154
 4.9441   127
 4.9541   123
 4.9641   145
 4.9741   115
 4.9841   121
 4.9941    97
 5.0041   121
 5.0141   110
 5.0241    84
 5.0341    85
 5.0441    74
 5.0541    81
 5.0641    93
 5.0741    78
 5.0841    72
 5.0941    81
 5.1041    83
 5.1141    77
 5.1241    84
 5.1341    72
 5.1441    69
 5.1541    84
 5.1641    84
 5.1741    82
 5.1841    74
 5.1941    83
 5.2041    95
 5.2141    94
 5.2241    85
 5.2341    87
 5.2441   103
 5.2541    99
 5.2641   112
 5.2741    94
 5.2841   104
 5.2941   133
 5.3041   124
 5.3141   132
 5.3241   138
 5.3341   165
 5.3441   178
 5.3541   222
 5.3641   238
 5.3741   256
 5.3841   266
 5.3941   280
 5.4041   283
 5.4141   286
 5.4241   271
 5.4341   269
 5.4441   278
 5.4541   241
 5.4641   184
 5.4741   216
 5.4841   192
 5.4941   171
 5.5041   144
 5.5141   127
 5.5241   116
 5.5341   105
 5.5441   105
 5.5541    99
 5.5641    93
 5.5741    83
 5.5841    87
 5.5941    94
 5.6041    81
 5.6141    90
 5.6241    86
 5.6341    81
 5.6441    89
 5.6541    90
 5.6641    87
 5.6741    87
 5.6841    93
 5.6941    83
 5.7041    86
 5.7141    74
 5.7241   103
 5.7341   101
 5.7441   102
 5.7541   102
 5.7641   117
 5.7741   126
 5.7841   150
 5.7941   156
 5.8041   189
 5.8141   211
 5.8241   233
 5.8341   282
 5.8441   313
 5.8541   315
 5.8641   318
 5.8741   372
 5.8841   375
 5.8941   392
 5.9041   392
 5.9141   372
 5.9241   365
 5.9341   340
 5.9441   336
 5.9541   298
 5.9641   243
 5.9741   236
 5.9841   203
 5.9941   191
 6.0041   190
 6.0141   136
 6.0241   134
 6.0341   136
 6.0441   117
 6.0541   118
 6.0641   124
 6.0741   129
 6.0841   140
 6.0941   134
 6.1041   141
 6.1141   134
 6.1241   147
 6.1341   147
 6.1441   152
 6.1541   164
 6.1641   171
 6.1741   167
 6.1841   277
 6.1941   265
 6.2041   332
 6.2141   493
 6.2241   631
 6.2341   924
 6.2441  1210
 6.2541  1626
 6.2641  2181
 6.2741  3159
 6.2841  4317
 6.2941  5668
 6.3041  7246
 6.3141  9218
 6.3241 11394
 6.3341 13764
 6.3441 16039
 6.3541 18059
 6.3641 20199
 6.3741 21856
 6.3841 23085
 6.3941 23861
 6.4041 23570
 6.4141 23212
 6.4241 21800
 6.4341 20150
 6.4441 17659
 6.4541 15393
 6.4641 12930
 6.4741 10797
 6.4841  8551
 6.4941  6930
 6.5041  5046
 6.5141  3746
 6.5241  2769
 6.5341  2029
 6.5441  1376
 6.5541   962
 6.5641   678
 6.5741   512
 6.5841   362
 6.5941   295
 6.6041   221
 6.6141   187
 6.6241   174
 6.6341   174
 6.6441   126
 6.6541   156
 6.6641   143
 6.6741   149
 6.6841   153
 6.6941   135
 6.7041   174
 6.7141   143
 6.7241   118
 6.7341   157
 6.7441   159
 6.7541   151
 6.7641   148
 6.7741   162
 6.7841   203
 6.7941   171
 6.8041   174
 6.8141   173
 6.8241   195
 6.8341   181
 6.8441   202
 6.8541   254
 6.8641   260
 6.8741   332
 6.8841   330
 6.8941   429
 6.9041   509
 6.9141   591
 6.9241   713
 6.9341   884
 6.9441  1079
 6.9541  1345
 6.9641  1692
 6.9741  1984
 6.9841  2370
 6.9941  2744
 7.0041  3002
 7.0141  3271
 7.0241  3684
 7.0341  3819
 7.0441  4019
 7.0541  4058
 7.0641  3874
 7.0741  3739
 7.0841  3510
 7.0941  3227
 7.1041  2919
 7.1141  2631
 7.1241  2178
 7.1341  1855
 7.1441  1512
 7.1541  1232
 7.1641   965
 7.1741   789
 7.1841   598
 7.1941   491
 7.2041   365
 7.2141   306
 7.2241   262
 7.2341   256
 7.2441   204
 7.2541   179
 7.2641   173
 7.2741   175
 7.2841   166
 7.2941   171
 7.3041   177
 7.3141   175
 7.3241   199
 7.3341   216
 7.3441   260
 7.3541   266
 7.3641   308
 7.3741   320
 7.3841   368
 7.3941   431
 7.4041   419
 7.4141   452
 7.4241   514
 7.4341   516
 7.4441   538
 7.4541   572
 7.4641   610
 7.4741   548
 7.4841   521
 7.4941   565
 7.5041   480
 7.5141   433
 7.5241   444
 7.5341   388
 7.5441   362
 7.5541   318
 7.5641   278
 7.5741   266
 7.5841   228
 7.5941   218
 7.6041   197
 7.6141   173
 7.6241   173
 7.6341   156
 7.6441   149
 7.6541   170
 7.6641   155
 7.6741   146
 7.6841   153
 7.6941   160
 7.7041   180
 7.7141   163
 7.7241   190
 7.7341   169
 7.7441   203
 7.7541   204
 7.7641   215
 7.7741   210
 7.7841   185
 7.7941   187
 7.8041   216
 7.8141   213
 7.8241   207
 7.8341   227
 7.8441   239
 7.8541   234
 7.8641   233
 7.8741   227
 7.8841   289
 7.8941   292
 7.9041   281
 7.9141   274
 7.9241   268
 7.9341   313
 7.9441   354
 7.9541   332
 7.9641   391
 7.9741   381
 7.9841   400
 7.9941   408
 8.0041   477
 8.0141   458
 8.0241   576
 8.0341   579
 8.0441   635
 8.0541   667
 8.0641   705
 8.0741   792
 8.0841   822
 8.0941   834
 8.1041   886
 8.1141   943
 8.1241   957
 8.1341   998
 8.1441  1041
 8.1541  1065
 8.1641  1025
 8.1741  1027
 8.1841  1061
 8.1941  1101
 8.2041  1071
 8.2141  1141
 8.2241  1214
 8.2341  1174
 8.2441  1159
 8.2541  1232
 8.2641  1290
 8.2741  1338
 8.2841  1460
 8.2941  1531
 8.3041  1617
 8.3141  1763
 8.3241  1874
 8.3341  2084
 8.3441  2192
 8.3541  2269
 8.3641  2367
 8.3741  2514
 8.3841  2520
 8.3941  2419
 8.4041  2442
 8.4141  2337
 8.4241  2236
 8.4341  1971
 8.4441  1814
 8.4541  1733
 8.4641  1503
 8.4741  1293
 8.4841  1118
 8.4941   989
 8.5041   816
 8.5141   675
 8.5241   580
 8.5341   506
 8.5441   420
 8.5541   401
 8.5641   342
 8.5741   312
 8.5841   308
 8.5941   329
 8.6041   290
 8.6141   276
 8.6241   285
 8.6341   292
 8.6441   314
 8.6541   301
 8.6641   298
 8.6741   266
 8.6841   273
 8.6941   265
 8.7041   249
 8.7141   292
 8.7241   277
 8.7341   270
 8.7441   260
 8.7541   239
 8.7641   232
 8.7741   267
 8.7841   241
 8.7941   237
 8.8041   222
 8.8141   235
 8.8241   248
 8.8341   239
 8.8441   259
 8.8541   254
 8.8641   234
 8.8741   249
 8.8841   231
 8.8941   235
 8.9041   254
 8.9141   258
 8.9241   266
 8.9341   241
 8.9441   263
 8.9541   278
 8.9641   261
 8.9741   292
 8.9841   264
 8.9941   265
 9.0041   296
 9.0141   297
 9.0241   301
 9.0341   294
 9.0441   313
 9.0541   303
 9.0641   343
 9.0741   353
 9.0841   359
 9.0941   358
 9.1041   365
 9.1141   355
 9.1241   403
 9.1341   412
 9.1441   478
 9.1541   480
 9.1641   487
 9.1741   514
 9.1841   541
 9.1941   539
 9.2041   560
 9.2141   610
 9.2241   655
 9.2341   658
 9.2441   657
 9.2541   699
 9.2641   733
 9.2741   795
 9.2841   783
 9.2941   862
 9.3041   854
 9.3141   932
 9.3241   940
 9.3341   944
 9.3441   956
 9.3541   997
 9.3641   980
 9.3741   996
 9.3841  1034
 9.3941  1052
 9.4041  1109
 9.4141  1087
 9.4241  1107
 9.4341  1164
 9.4441  1152
 9.4541  1141
 9.4641  1209
 9.4741  1204
 9.4841  1229
 9.4941  1254
 9.5041  1274
 9.5141  1306
 9.5241  1376
 9.5341  1465
 9.5441  1458
 9.5541  1539
 9.5641  1608
 9.5741  1781
 9.5841  1853
 9.5941  1958
 9.6041  2026
 9.6141  2141
 9.6241  2212
 9.6341  2332
 9.6441  2408
 9.6541  2397
 9.6641  2458
 9.6741  2438
 9.6841  2381
 9.6941  2301
 9.7041  2264
 9.7141  2142
 9.7241  2019
 9.7341  1868
 9.7441  1705
 9.7541  1602
 9.7641  1471
 9.7741  1321
 9.7841  1250
 9.7941  1122
 9.8041  1062
 9.8141  1064
 9.8241  1022
 9.8341   924
 9.8441   908
 9.8541   923
 9.8641   884
 9.8741   937
 9.8841   964
 9.8941   936
 9.9041   898
 9.9141   981
 9.9241   968
 9.9341   965
 9.9441  1012
 9.9541  1012
 9.9641   993
 9.9741   960
 9.9841   998
 9.9941   954
10.0041   790
10.0141   751
10.0241   734
10.0341   657
10.0441   600
10.0541   508
10.0641   497
10.0741   446
10.0841   390
10.0941   363
10.1041   330
10.1141   276
10.1241   273
10.1341   258
10.1441   253
10.1541   227
10.1641   214
10.1741   188
10.1841   188
10.1941   183
10.2041   157
10.2141   165
10.2241   170
10.2341   149
10.2441   159
10.2541   152
10.2641   166
10.2741   166
10.2841   151
10.2941   144
10.3041   139
10.3141   132
10.3241   147
10.3341   140
10.3441   134
10.3541   138
10.3641   146
10.3741   127
10.3841   148
10.3941   146
10.4041   144
10.4141   155
10.4241   149
10.4341   138
10.4441   133
10.4541   146
10.4641   147
10.4741   125
10.4841   141
10.4941   164
10.5041   153
10.5141   149
10.5241   149
10.5341   150
10.5441   152
10.5541   147
10.5641   159
10.5741   152
10.5841   149
10.5941   158
10.6041   151
10.6141   132
10.6241   150
10.6341   165
10.6441   162
10.6541   155
10.6641   154
10.6741   168
10.6841   176
10.6941   179
10.7041   199
10.7141   172
10.7241   189
10.7341   194
10.7441   186
10.7541   187
10.7641   200
10.7741   202
10.7841   191
10.7941   199
10.8041   206
10.8141   213
10.8241   206
10.8341   229
10.8441   209
10.8541   217
10.8641   218
10.8741   228
10.8841   229
10.8941   234
10.9041   238
10.9141   226
10.9241   220
10.9341   241
10.9441   216
10.9541   232
10.9641   233
10.9741   246
10.9841   239
10.9941   243
11.0041   226
11.0141   211
11.0241   214
11.0341   213
11.0441   208
11.0541   197
11.0641   197
11.0741   207
11.0841   213
11.0941   199
11.1041   208
11.1141   215
11.1241   215
11.1341   217
11.1441   215
11.1541   213
11.1641   232
11.1741   229
11.1841   239
11.1941   260
11.2041   267
11.2141   283
11.2241   292
11.2341   288
11.2441   317
11.2541   313
11.2641   333
11.2741   341
11.2841   342
11.2941   321
11.3041   311
11.3141   294
11.3241   301
11.3341   289
11.3441   277
11.3541   258
11.3641   237
11.3741   220
11.3841   217
11.3941   194
11.4041   186
11.4141   201
11.4241   207
11.4341   194
11.4441   185
11.4541   165
11.4641   175
11.4741   181
11.4841   162
11.4941   159
11.5041   164
11.5141   158
11.5241   160
11.5341   147
11.5441   163
11.5541   170
11.5641   157
11.5741   159
11.5841   167
11.5941   155
11.6041   175
11.6141   195
11.6241   183
11.6341   166
11.6441   171
11.6541   164
11.6641   175
11.6741   170
11.6841   175
11.6941   178
11.7041   157
11.7141   143
11.7241   143
11.7341   155
11.7441   153
11.7541   142
11.7641   135
11.7741   130
11.7841   117
11.7941   117
11.8041   111
11.8141   122
11.8241   120
11.8341   125
11.8441   140
11.8541   132
11.8641   124
11.8741   129
11.8841   122
11.8941   107
11.9041   114
11.9141   115
11.9241   109
11.9341   125
11.9441   150
11.9541   138
11.9641   132
11.9741   122
11.9841   118
11.9941   124
12.0041   121
12.0141   117
12.0241   119
12.0341   124
12.0441   116
12.0541   118
12.0641   126
12.0741   130
12.0841   131
12.0941   129
12.1041   139
12.1141   133
12.1241   128
12.1341   133
12.1441   135
12.1541   121
12.1641   129
12.1741   117
12.1841   112
12.1941   121
12.2041   133
12.2141   117
12.2241   119
12.2341   117
12.2441   118
12.2541   120
12.2641   129
12.2741   119
12.2841   116
12.2941   117
12.3041   121
12.3141   117
12.3241   104
12.3341   108
12.3441   114
12.3541   117
12.3641   124
12.3741   123
12.3841   123
12.3941   114
12.4041    98
12.4141   114
12.4241   121
12.4341   118
12.4441   120
12.4541   118
12.4641   113
12.4741   121
12.4841   134
12.4941   143
12.5041   129
12.5141   118
12.5241   132
12.5341   149
12.5441   155
12.5541   140
12.5641   133
12.5741   143
12.5841   134
12.5941   126
12.6041   141
12.6141   137
12.6241   136
12.6341   143
12.6441   143
12.6541   149
12.6641   154
12.6741   156
12.6841   154
12.6941   149
12.7041   147
12.7141   146
12.7241   145
12.7341   147
12.7441   147
12.7541   146
12.7641   145
12.7741   148
12.7841   150
12.7941   145
12.8041   138
12.8141   136
12.8241   134
12.8341   131
12.8441   130
12.8541   138
12.8641   147
12.8741   145
12.8841   135
12.8941   127
12.9041   130
12.9141   138
12.9241   137
12.9341   131
12.9441   131
12.9541   127
12.9641   124
12.9741   140
12.9841   171
12.9941   164
13.0041   145
13.0141   140
13.0241   137
13.0341   137
13.0441   138
13.0541   125
13.0641   133
13.0741   153
13.0841   148
13.0941   141
13.1041   145
13.1141   151
13.1241   144
13.1341   130
13.1441   135
13.1541   145
13.1641   151
13.1741   158
13.1841   159
13.1941   167
13.2041   154
13.2141   172
13.2241   192
13.2341   190
13.2441   204
13.2541   218
13.2641   216
13.2741   211
13.2841   236
13.2941   274
13.3041   282
13.3141   286
13.3241   283
13.3341   296
13.3441   306
13.3541   306
13.3641   309
13.3741   303
13.3841   303
13.3941   309
13.4041   308
13.4141   301
13.4241   289
13.4341   278
13.4441   267
13.4541   249
13.4641   237
13.4741   235
13.4841   231
13.4941   221
13.5041   210
13.5141   202
13.5241   197
13.5341   191
13.5441   183
13.5541   175
13.5641   173
13.5741   177
13.5841   178
13.5941   172
13.6041   171
13.6141   174
13.6241   171
13.6341   171
13.6441   173
13.6541   158
13.6641   154
13.6741   167
13.6841   163
13.6941   157
13.7041   158
13.7141   155
13.7241   148
13.7341   144
13.7441   172
13.7541   172
13.7641   157
13.7741   154
13.7841   150
13.7941   163
13.8041   161
13.8141   162
13.8241   174
13.8341   174
13.8441   153
13.8541   138
13.8641   160
13.8741   173
13.8841   172
13.8941   176
13.9041   165
13.9141   159
13.9241   173
13.9341   174
13.9441   168
13.9541   178
13.9641   186
13.9741   192
13.9841   198
13.9941   206
14.0041   219
14.0141   238
14.0241   253
14.0341   258
14.0441   266
14.0541   278
14.0641   290
14.0741   310
14.0841   336
14.0941   356
14.1041   360
14.1141   355
14.1241   356
14.1341   359
14.1441   354
14.1541   349
14.1641   343
14.1741   336
14.1841   338
14.1941   344
14.2041   331
14.2141   314
14.2241   307
14.2341   290
14.2441   274
14.2541   266
14.2641   261
14.2741   244
14.2841   235
14.2941   234
14.3041   223
14.3141   211
14.3241   193
14.3341   195
14.3441   185
14.3541   193
14.3641   210
14.3741   185
14.3841   173
14.3941   177
14.4041   179
14.4141   187
14.4241   189
14.4341   191
14.4441   184
14.4541   179
14.4641   183
14.4741   174
14.4841   182
14.4941   199
14.5041   180
14.5141   172
14.5241   165
14.5341   163
14.5441   176
14.5541   181
14.5641   191
14.5741   172
14.5841   183
14.5941   201
14.6041   197
14.6141   201
14.6241   182
14.6341   186
14.6441   186
14.6541   178
14.6641   198
14.6741   198
14.6841   173
14.6941   187
14.7041   197
14.7141   182
14.7241   191
14.7341   178
14.7441   178
14.7541   188
14.7641   195
14.7741   189
14.7841   198
14.7941   193
14.8041   200
14.8141   220
14.8241   229
14.8341   222
14.8441   196
14.8541   208
14.8641   209
14.8741   219
14.8841   228
14.8941   239
14.9041   262
14.9141   249
14.9241   231
14.9341   234
14.9441   228
14.9541   235
14.9641   240
14.9741   227
14.9841   229
14.9941   241
15.0041   239
15.0141   240
15.0241   237
15.0341   230
15.0441   216
15.0541   213
15.0641   213
15.0741   208
15.0841   202
15.0941   203
15.1041   198
15.1141   198
15.1241   202
15.1341   190
15.1441   212
15.1541   221
15.1641   205
15.1741   192
15.1841   203
15.1941   200
15.2041   184
15.2141   192
15.2241   199
15.2341   195
15.2441   196
15.2541   202
15.2641   207
15.2741   207
15.2841   200
15.2941   200
15.3041   209
15.3141   207
15.3241   207
15.3341   206
15.3441   196
15.3541   199
15.3641   183
15.3741   191
15.3841   217
15.3941   228
15.4041   203
15.4141   201
15.4241   203
15.4341   206
15.4441   204
15.4541   221
15.4641   225
15.4741   220
15.4841   224
15.4941   212
15.5041   207
15.5141   203
15.5241   209
15.5341   223
15.5441   227
15.5541   242
15.5641   247
15.5741   256
15.5841   252
15.5941   248
15.6041   263
15.6141   288
15.6241   291
15.6341   296
15.6441   323
15.6541   330
15.6641   335
15.6741   333
15.6841   332
15.6941   341
15.7041   339
15.7141   362
15.7241   388
15.7341   413
15.7441   398
15.7541   386
15.7641   378
15.7741   396
15.7841   391
15.7941   373
15.8041   374
15.8141   387
15.8241   360
15.8341   361
15.8441   342
15.8541   351
15.8641   339
15.8741   318
15.8841   323
15.8941   321
15.9041   305
15.9141   304
15.9241   272
15.9341   275
15.9441   276
15.9541   253
15.9641   235
15.9741   233
15.9841   234
15.9941   246
16.0041   252
16.0141   251
16.0241   225
16.0341   219
16.0441   231
16.0541   246
16.0641   242
16.0741   239
16.0841   256
16.0941   250
16.1041   244
16.1141   228
16.1241   213
16.1341   231
16.1441   233
16.1541   238
16.1641   233
16.1741   239
16.1841   242
16.1941   253
16.2041   252
16.2141   228
16.2241   235
16.2341   263
16.2441   243
16.2541   230
16.2641   226
16.2741   231
16.2841   231
16.2941   247
16.3041   252
16.3141   237
16.3241   235
16.3341   236
16.3441   222
16.3541   231
16.3641   241
16.3741   233
16.3841   259
16.3941   255
16.4041   243
16.4141   236
16.4241   250
16.4341   247
16.4441   241
16.4541   236
16.4641   245
16.4741   246
16.4841   231
16.4941   241
16.5041   246
16.5141   226
16.5241   235
16.5341   250
16.5441   269
16.5541   251
16.5641   260
16.5741   270
16.5841   253
16.5941   239
16.6041   229
16.6141   230
16.6241   258
16.6341   266
16.6441   271
16.6541   259
16.6641   242
16.6741   251
16.6841   262
16.6941   255
16.7041   254
16.7141   262
16.7241   267
16.7341   263
16.7441   265
16.7541   268
16.7641   284
16.7741   262
16.7841   263
16.7941   262
16.8041   247
16.8141   257
16.8241   261
16.8341   275
16.8441   256
16.8541   272
16.8641   265
16.8741   256
16.8841   249
16.8941   270
16.9041   274
16.9141   262
16.9241   245
16.9341   251
16.9441   272
16.9541   265
16.9641   270
16.9741   305
16.9841   280
16.9941   264
17.0041   286
17.0141   274
17.0241   275
17.0341   258
17.0441   250
17.0541   253
17.0641   259
17.0741   287
17.0841   263
17.0941   248
17.1041   258
17.1141   286
17.1241   278
17.1341   270
17.1441   261
17.1541   253
17.1641   277
17.1741   269
17.1841   279
17.1941   266
17.2041   270
17.2141   290
17.2241   288
17.2341   271
17.2441   290
17.2541   280
17.2641   287
17.2741   282
17.2841   278
17.2941   277
17.3041   276
17.3141   260
17.3241   264
17.3341   268
17.3441   249
17.3541   305
17.3641   297
17.3741   292
17.3841   286
17.3941   280
17.4041   281
17.4141   304
17.4241   287
17.4341   285
17.4441   297
17.4541   304
17.4641   270
17.4741   294
17.4841   316
17.4941   311
17.5041   311
17.5141   296
17.5241   309
17.5341   291
17.5441   284
17.5541   281
17.5641   307
17.5741   339
17.5841   300
17.5941   304
17.6041   310
17.6141   315
17.6241   318
17.6341   297
17.6441   309
17.6541   311
17.6641   296
17.6741   292
17.6841   320
17.6941   318
17.7041   310
17.7141   318
17.7241   305
17.7341   297
17.7441   351
17.7541   320
17.7641   294
17.7741   306
17.7841   324
17.7941   336
17.8041   323
17.8141   302
17.8241   296
17.8341   312
17.8441   313
17.8541   277
17.8641   303
17.8741   325
17.8841   322
17.8941   298
17.9041   319
17.9141   316
17.9241   303
17.9341   315
17.9441   280
17.9541   288
17.9641   322
17.9741   319
17.9841   331
17.9941   327
18.0041   318
18.0141   302
18.0241   305
18.0341   291
18.0441   300
18.0541   307
18.0641   293
18.0741   300
18.0841   322
18.0941   320
18.1041   311
18.1141   324
18.1241   301
18.1341   306
18.1441   330
18.1541   319
18.1641   312
18.1741   291
18.1841   305
18.1941   315
18.2041   317
18.2141   304
18.2241   289
18.2341   317
18.2441   324
18.2541   313
18.2641   318
18.2741   307
18.2841   318
18.2941   316
18.3041   318
18.3141   301
18.3241   318
18.3341   322
18.3441   332
18.3541   349
18.3641   320
18.3741   309
18.3841   357
18.3941   320
18.4041   294
18.4141   319
18.4241   319
18.4341   324
18.4441   333
18.4541   335
18.4641   318
18.4741   354
18.4841   357
18.4941   331
18.5041   322
18.5141   312
18.5241   316
18.5341   303
18.5441   334
18.5541   319
18.5641   315
18.5741   325
18.5841   332
18.5941   342
18.6041   338
18.6141   345
18.6241   333
18.6341   342
18.6441   345
18.6541   350
18.6641   347
18.6741   315
18.6841   351
18.6941   354
18.7041   337
18.7141   319
18.7241   331
18.7341   353
18.7441   341
18.7541   332
18.7641   352
18.7741   350
18.7841   342
18.7941   312
18.8041   333
18.8141   343
18.8241   345
18.8341   329
18.8441   331
18.8541   349
18.8641   349
18.8741   324
18.8841   325
18.8941   325
18.9041   344
18.9141   320
18.9241   338
18.9341   345
18.9441   346
18.9541   340
18.9641   364
18.9741   333
18.9841   365
18.9941   325
19.0041   312
19.0141   333
19.0241   326
19.0341   332
19.0441   367
19.0541   323
19.0641   345
19.0741   346
19.0841   339
19.0941   347
19.1041   362
19.1141   363
19.1241   345
19.1341   359
19.1441   355
19.1541   326
19.1641   344
19.1741   326
19.1841   334
19.1941   336
19.2041   366
19.2141   387
19.2241   372
19.2341   347
19.2441   360
19.2541   358
19.2641   358
19.2741   378
19.2841   350
19.2941   356
19.3041   370
19.3141   378
19.3241   353
19.3341   350
19.3441   375
19.3541   338
19.3641   365
19.3741   372
19.3841   344
19.3941   347
19.4041   356
19.4141   379
19.4241   366
19.4341   388
19.4441   339
19.4541   325
19.4641   366
19.4741   370
19.4841   333
19.4941   356
19.5041   367
19.5141   360
19.5241   358
19.5341   362
19.5441   346
19.5541   363
19.5641   342
19.5741   366
19.5841   343
19.5941   372
19.6041   351
19.6141   356
19.6241   362
19.6341   359
19.6441   362
19.6541   363
19.6641   352
19.6741   383
19.6841   369
19.6941   342
19.7041   378
19.7141   344
19.7241   370
19.7341   385
19.7441   371
19.7541   382
19.7641   385
19.7741   373
19.7841   370
19.7941   349
19.8041   357
19.8141   367
19.8241   359
19.8341   337
19.8441   347
19.8541   341
19.8641   361
19.8741   355
19.8841   380
19.8941   371
19.9041   358
19.9141   356
19.9241   369
19.9341   359
19.9441   375
19.9541   380
19.9641   406
19.9741   370
19.9841   359
19.9941   356
20.0041   378
20.0141   383
20.0241   397
20.0341   369
20.0441   384
20.0541   394
20.0641   392
20.0741   362
20.0841   342
20.0941   358
20.1041   380
20.1141   368
20.1241   340
20.1341   346
20.1441   375
20.1541   412
20.1641   377
20.1741   384
20.1841   368
20.1941   395
20.2041   365
20.2141   368
20.2241   388
20.2341   384
20.2441   374
20.2541   369
20.2641   387
20.2741   363
20.2841   362
20.2941   388
20.3041   383
20.3141   382
20.3241   357
20.3341   394
20.3441   383
20.3541   358
20.3641   412
20.3741   360
20.3841   413
20.3941   385
20.4041   368
20.4141   382
20.4241   384
20.4341   415
20.4441   381
20.4541   361
20.4641   371
20.4741   377
20.4841   366
20.4941   363
20.5041   351
20.5141   397
20.5241   401
20.5341   398
20.5441   397
20.5541   393
20.5641   389
20.5741   374
20.5841   362
20.5941   405
20.6041   389
20.6141   389
20.6241   378
20.6341   397
20.6441   381
20.6541   379
20.6641   381
20.6741   398
20.6841   384
20.6941   378
20.7041   378
20.7141   385
20.7241   389
20.7341   372
20.7441   385
20.7541   390
20.7641   409
20.7741   390
20.7841   362
20.7941   399
20.8041   411
20.8141   401
20.8241   404
20.8341   403
20.8441   403
20.8541   391
20.8641   423
20.8741   461
20.8841   451
20.8941   484
20.9041   412
20.9141   440
20.9241   451
20.9341   461
20.9441   480
20.9541   466
20.9641   504
20.9741   513
20.9841   511
20.9941   521
21.0041   587
21.0141   537
21.0241   563
21.0341   567
21.0441   546
21.0541   588
21.0641   584
21.0741   602
21.0841   632
21.0941   602
21.1041   608
21.1141   601
21.1241   635
21.1341   588
21.1441   650
21.1541   620
21.1641   636
21.1741   594
21.1841   592
21.1941   586
21.2041   557
21.2141   594
21.2241   552
21.2341   589
21.2441   541
21.2541   584
21.2641   517
21.2741   512
21.2841   524
21.2941   490
21.3041   489
21.3141   475
21.3241   456
21.3341   469
21.3441   435
21.3541   421
21.3641   437
21.3741   397
21.3841   385
21.3941   417
21.4041   408
21.4141   404
21.4241   402
21.4341   423
21.4441   394
21.4541   413
21.4641   366
21.4741   412
21.4841   413
21.4941   406
21.5041   411
21.5141   422
21.5241   400
21.5341   404
21.5441   370
21.5541   388
21.5641   383
21.5741   379
21.5841   406
21.5941   409
21.6041   398
21.6141   381
21.6241   431
21.6341   394
21.6441   400
21.6541   428
21.6641   407
21.6741   445
21.6841   405
21.6941   396
21.7041   396
21.7141   404
21.7241   365
21.7341   375
21.7441   402
21.7541   367
21.7641   355
21.7741   396
21.7841   414
21.7941   394
21.8041   370
21.8141   413
21.8241   410
21.8341   388
21.8441   372
21.8541   459
21.8641   411
21.8741   372
21.8841   415
21.8941   399
21.9041   396
21.9141   392
21.9241   402
21.9341   400
21.9441   438
21.9541   423
21.9641   374
21.9741   390
21.9841   383
21.9941   391
22.0041   404
22.0141   395
22.0241   383
22.0341   371
22.0441   383
22.0541   435
22.0641   395
22.0741   413
22.0841   425
22.0941   393
22.1041   397
22.1141   421
22.1241   424
22.1341   380
22.1441   415
22.1541   395
22.1641   405
22.1741   452
22.1841   407
22.1941   374
22.2041   381
22.2141   389
22.2241   397
22.2341   403
22.2441   384
22.2541   401
22.2641   403
22.2741   420
22.2841   417
22.2941   411
22.3041   415
22.3141   422
22.3241   406
22.3341   366
22.3441   404
22.3541   393
22.3641   394
22.3741   414
22.3841   404
22.3941   420
22.4041   366
22.4141   414
22.4241   384
22.4341   396
22.4441   383
22.4541   382
22.4641   411
22.4741   424
22.4841   426
22.4941   400
22.5041   410
22.5141   426
22.5241   430
22.5341   384
22.5441   381
22.5541   403
22.5641   406
22.5741   434
22.5841   366
22.5941   381
22.6041   399
22.6141   412
22.6241   400
22.6341   404
22.6441   398
22.6541   429
22.6641   379
22.6741   405
22.6841   411
22.6941   407
22.7041   399
22.7141   386
22.7241   385
22.7341   409
22.7441   423
22.7541   387
22.7641   427
22.7741   384
22.7841   421
22.7941   390
22.8041   373
22.8141   396
22.8241   381
22.8341   402
22.8441   392
22.8541   383
22.8641   415
22.8741   365
22.8841   408
22.8941   416
22.9041   382
22.9141   449
22.9241   381
22.9341   393
22.9441   431
22.9541   431
22.9641   426
22.9741   390
22.9841   375
22.9941   364
23.0041   417
23.0141   448
23.0241   411
23.0341   386
23.0441   374
23.0541   411
23.0641   412
23.0741   389
23.0841   364
23.0941   388
23.1041   379
23.1141   368
23.1241   404
23.1341   381
23.1441   397
23.1541   411
23.1641   399
23.1741   437
23.1841   388
23.1941   398
23.2041   412
23.2141   378
23.2241   394
23.2341   420
23.2441   392
23.2541   382
23.2641   420
23.2741   403
23.2841   386
23.2941   377
23.3041   395
23.3141   376
23.3241   407
23.3341   384
23.3441   393
23.3541   403
23.3641   392
23.3741   392
23.3841   439
23.3941   369
23.4041   359
23.4141   394
23.4241   392
23.4341   366
23.4441   414
23.4541   430
23.4641   366
23.4741   381
23.4841   406
23.4941   370
23.5041   407
23.5141   404
23.5241   410
23.5341   395
23.5441   380
23.5541   449
23.5641   375
23.5741   404
23.5841   418
23.5941   411
23.6041   394
23.6141   360
23.6241   398
23.6341   393
23.6441   424
23.6541   400
23.6641   389
23.6741   426
23.6841   395
23.6941   419
23.7041   420
23.7141   424
23.7241   413
23.7341   432
23.7441   467
23.7541   448
23.7641   441
23.7741   410
23.7841   419
23.7941   436
23.8041   413
23.8141   457
23.8241   403
23.8341   406
23.8441   450
23.8541   452
23.8641   417
23.8741   431
23.8841   427
23.8941   430
23.9041   421
23.9141   400
23.9241   431
23.9341   402
23.9441   383
23.9541   396
23.9641   416
23.9741   408
23.9841   404
23.9941   366
24.0041   403
24.0141   405
24.0241   421
24.0341   366
24.0441   377
24.0541   353
24.0641   389
24.0741   377
24.0841   370
24.0941   359
24.1041   381
24.1141   399
24.1241   376
24.1341   378
24.1441   381
24.1541   396
24.1641   418
24.1741   437
24.1841   402
24.1941   410
24.2041   378
24.2141   416
24.2241   351
24.2341   357
24.2441   401
24.2541   371
24.2641   379
24.2741   401
24.2841   384
24.2941   358
24.3041   410
24.3141   381
24.3241   371
24.3341   404
24.3441   393
24.3541   400
24.3641   410
24.3741   377
24.3841   396
24.3941   393
24.4041   370
24.4141   377
24.4241   370
24.4341   359
24.4441   394
24.4541   366
24.4641   423
24.4741   398
24.4841   420
24.4941   378
24.5041   359
24.5141   382
24.5241   390
24.5341   342
24.5441   356
24.5541   371
24.5641   385
24.5741   428
24.5841   362
24.5941   357
24.6041   382
24.6141   321
24.6241   399
24.6341   370
24.6441   366
24.6541   370
24.6641   356
24.6741   384
24.6841   388
24.6941   377
24.7041   344
24.7141   373
24.7241   388
24.7341   401
24.7441   399
24.7541   355
24.7641   402
24.7741   371
24.7841   397
24.7941   372
24.8041   390
24.8141   355
24.8241   396
24.8341   376
24.8441   401
24.8541   428
24.8641   374
24.8741   384
24.8841   405
24.8941   378
24.9041   358
24.9141   392
24.9241   376
24.9341   383
24.9441   403
24.9541   384
24.9641   379
24.9741   397
24.9841   383
24.9941   405
25.0041   365
25.0141   387
25.0241   368
25.0341   400
25.0441   376
25.0541   370
25.0641   390
25.0741   397
25.0841   350
25.0941   413
25.1041   388
25.1141   406
25.1241   394
25.1341   384
25.1441   379
25.1541   350
25.1641   384
25.1741   381
25.1841   396
25.1941   353
25.2041   357
25.2141   383
25.2241   370
25.2341   339
25.2441   381
25.2541   358
25.2641   362
25.2741   383
25.2841   382
25.2941   372
25.3041   385
25.3141   378
25.3241   368
25.3341   393
25.3441   408
25.3541   355
25.3641   359
25.3741   418
25.3841   368
25.3941   363
25.4041   367
25.4141   369
25.4241   370
25.4341   376
25.4441   341
25.4541   361
25.4641   355
25.4741   346
25.4841   354
25.4941   373
25.5041   384
25.5141   391
25.5241   349
25.5341   331
25.5441   345
25.5541   336
25.5641   344
25.5741   382
25.5841   403
25.5941   350
25.6041   344
25.6141   351
25.6241   382
25.6341   360
25.6441   380
25.6541   369
25.6641   367
25.6741   328
25.6841   341
25.6941   360
25.7041   335
25.7141   339
25.7241   344
25.7341   368
25.7441   337
25.7541   362
25.7641   364
25.7741   361
25.7841   347
25.7941   336
25.8041   342
25.8141   334
25.8241   363
25.8341   351
25.8441   348
25.8541   345
25.8641   349
25.8741   324
25.8841   360
25.8941   330
25.9041   331
25.9141   339
25.9241   343
25.9341   333
25.9441   339
25.9541   327
25.9641   335
25.9741   332
25.9841   343
25.9941   338
26.0041   359
26.0141   350
26.0241   380
26.0341   312
26.0441   309
26.0541   325
26.0641   355
26.0741   356
26.0841   334
26.0941   318
26.1041   356
26.1141   349
26.1241   316
26.1341   357
26.1441   337
26.1541   332
26.1641   372
26.1741   339
26.1841   349
26.1941   344
26.2041   331
26.2141   341
26.2241   314
26.2341   302
26.2441   339
26.2541   316
26.2641   340
26.2741   332
26.2841   378
26.2941   339
26.3041   350
26.3141   352
26.3241   325
26.3341   348
26.3441   323
26.3541   352
26.3641   334
26.3741   320
26.3841   356
26.3941   323
26.4041   327
26.4141   317
26.4241   317
26.4341   360
26.4441   350
26.4541   372
26.4641   297
26.4741   307
26.4841   344
26.4941   350
26.5041   326
26.5141   333
26.5241   328
26.5341   346
26.5441   337
26.5541   330
26.5641   336
26.5741   333
26.5841   345
26.5941   349
26.6041   327
26.6141   346
26.6241   324
26.6341   302
26.6441   331
26.6541   330
26.6641   299
26.6741   317
26.6841   322
26.6941   322
26.7041   340
26.7141   331
26.7241   342
26.7341   317
26.7441   301
26.7541   334
26.7641   324
26.7741   322
26.7841   330
26.7941   310
26.8041   303
26.8141   298
26.8241   286
26.8341   324
26.8441   317
26.8541   338
26.8641   331
26.8741   316
26.8841   329
26.8941   334
26.9041   313
26.9141   317
26.9241   334
26.9341   287
26.9441   290
26.9541   273
26.9641   339
26.9741   298
26.9841   302
26.9941   299
27.0041   291
27.0141   318
27.0241   322
27.0341   327
27.0441   318
27.0541   297
27.0641   323
27.0741   315
27.0841   307
27.0941   318
27.1041   308
27.1141   321
27.1241   323
27.1341   299
27.1441   307
27.1541   314
27.1641   301
27.1741   300
27.1841   324
27.1941   316
27.2041   325
27.2141   294
27.2241   302
27.2341   333
27.2441   329
27.2541   302
27.2641   322
27.2741   305
27.2841   316
27.2941   319
27.3041   332
27.3141   288
27.3241   323
27.3341   287
27.3441   317
27.3541   298
27.3641   313
27.3741   308
27.3841   318
27.3941   323
27.4041   329
27.4141   313
27.4241   303
27.4341   286
27.4441   320
27.4541   297
27.4641   303
27.4741   316
27.4841   317
27.4941   276
27.5041   274
27.5141   285
27.5241   309
27.5341   344
27.5441   317
27.5541   312
27.5641   303
27.5741   310
27.5841   304
27.5941   310
27.6041   297
27.6141   250
27.6241   294
27.6341   292
27.6441   277
27.6541   303
27.6641   304
27.6741   287
27.6841   300
27.6941   284
27.7041   317
27.7141   287
27.7241   295
27.7341   303
27.7441   307
27.7541   299
27.7641   295
27.7741   306
27.7841   297
27.7941   282
27.8041   275
27.8141   269
27.8241   282
27.8341   312
27.8441   277
27.8541   282
27.8641   309
27.8741   293
27.8841   251
27.8941   266
27.9041   268
27.9141   301
27.9241   291
27.9341   258
27.9441   276
27.9541   279
27.9641   262
27.9741   263
27.9841   289
27.9941   283
28.0041   262
28.0141   283
28.0241   301
28.0341   287
28.0441   279
28.0541   265
28.0641   280
28.0741   289
28.0841   284
28.0941   270
28.1041   286
28.1141   283
28.1241   290
28.1341   263
28.1441   271
28.1541   299
28.1641   270
28.1741   281
28.1841   285
28.1941   301
28.2041   309
28.2141   271
28.2241   282
28.2341   271
28.2441   315
28.2541   247
28.2641   268
28.2741   279
28.2841   259
28.2941   285
28.3041   269
28.3141   289
28.3241   284
28.3341   288
28.3441   274
28.3541   291
28.3641   301
28.3741   269
28.3841   286
28.3941   282
28.4041   269
28.4141   267
28.4241   296
28.4341   277
28.4441   274
28.4541   271
28.4641   263
28.4741   269
28.4841   282
28.4941   284
28.5041   296
28.5141   264
28.5241   262
28.5341   289
28.5441   300
28.5541   269
28.5641   284
28.5741   267
28.5841   291
28.5941   286
28.6041   277
28.6141   263
28.6241   273
28.6341   285
28.6441   295
28.6541   262
28.6641   256
28.6741   255
28.6841   295
28.6941   255
28.7041   267
28.7141   268
28.7241   259
28.7341   258
28.7441   260
28.7541   259
28.7641   291
28.7741   293
28.7841   267
28.7941   255
28.8041   265
28.8141   280
28.8241   246
28.8341   276
28.8441   248
28.8541   277
28.8641   269
28.8741   265
28.8841   242
28.8941   271
28.9041   249
28.9141   255
28.9241   276
28.9341   258
28.9441   251
28.9541   243
28.9641   251
28.9741   269
28.9841   269
28.9941   273
29.0041   239
29.0141   244
29.0241   259
29.0341   258
29.0441   256
29.0541   253
29.0641   242
29.0741   245
29.0841   236
29.0941   259
29.1041   248
29.1141   232
29.1241   262
29.1341   288
29.1441   258
29.1541   263
29.1641   251
29.1741   251
29.1841   261
29.1941   267
29.2041   263
29.2141   259
29.2241   247
29.2341   255
29.2441   220
29.2541   279
29.2641   282
29.2741   254
29.2841   232
29.2941   256
29.3041   254
29.3141   251
29.3241   261
29.3341   226
29.3441   231
29.3541   254
29.3641   256
29.3741   243
29.3841   256
29.3941   246
29.4041   242
29.4141   232
29.4241   230
29.4341   221
29.4441   240
29.4541   250
29.4641   274
29.4741   251
29.4841   227
29.4941   253
29.5041   253
29.5141   227
29.5241   232
29.5341   250
29.5441   242
29.5541   231
29.5641   235
29.5741   238
29.5841   227
29.5941   205
29.6041   235
29.6141   234
29.6241   206
29.6341   259
29.6441   228
29.6541   227
29.6641   238
29.6741   237
29.6841   228
29.6941   249
29.7041   240
29.7141   239
29.7241   225
29.7341   208
29.7441   242
29.7541   249
29.7641   240
29.7741   222
29.7841   242
29.7941   228
29.8041   234
29.8141   242
29.8241   228
29.8341   243
29.8441   232
29.8541   247
29.8641   233
29.8741   229
29.8841   238
29.8941   219
29.9041   215
29.9141   243
29.9241   221
29.9341   238
29.9441   231
29.9541   235
29.9641   244
29.9741   224
29.9841   218
29.9941   197
30.0041   221
30.0141   213
30.0241   236
30.0341   205
30.0441   218
30.0541   226
30.0641   226
30.0741   225
30.0841   233
30.0941   218
30.1041   239
30.1141   226
30.1241   206
30.1341   212
30.1441   236
30.1541   231
30.1641   242
30.1741   220
30.1841   213
30.1941   216
30.2041   210
30.2141   230
30.2241   228
30.2341   205
30.2441   236
30.2541   224
30.2641   219
30.2741   210
30.2841   225
30.2941   217
30.3041   223
30.3141   189
30.3241   218
30.3341   227
30.3441   202
30.3541   219
30.3641   229
30.3741   202
30.3841   220
30.3941   231
30.4041   228
30.4141   181
30.4241   214
30.4341   214
30.4441   186
30.4541   200
30.4641   225
30.4741   212
30.4841   213
30.4941   206
30.5041   245
30.5141   202
30.5241   194
30.5341   214
30.5441   229
30.5541   211
30.5641   213
30.5741   224
30.5841   197
30.5941   216
30.6041   188
30.6141   208
30.6241   216
30.6341   198
30.6441   199
30.6541   209
30.6641   200
30.6741   207
30.6841   222
30.6941   221
30.7041   192
30.7141   212
30.7241   204
30.7341   204
30.7441   208
30.7541   211
30.7641   213
30.7741   228
30.7841   210
30.7941   193
30.8041   209
30.8141   178
30.8241   190
30.8341   180
30.8441   203
30.8541   190
30.8641   208
30.8741   201
30.8841   191
30.8941   193
30.9041   211
30.9141   197
30.9241   206
30.9341   205
30.9441   217
30.9541   196
30.9641   183
30.9741   190
30.9841   207
30.9941   193
31.0041   201
31.0141   187
31.0241   211
31.0341   175
31.0441   194
31.0541   226
31.0641   229
31.0741   199
31.0841   191
31.0941   184
31.1041   197
31.1141   201
31.1241   203
31.1341   201
31.1441   187
31.1541   205
31.1641   202
31.1741   196
31.1841   194
31.1941   185
31.2041   185
31.2141   204
31.2241   176
31.2341   184
31.2441   212
31.2541   197
31.2641   183
31.2741   182
31.2841   187
31.2941   202
31.3041   181
31.3141   190
31.3241   168
31.3341   184
31.3441   213
31.3541   206
31.3641   198
31.3741   177
31.3841   187
31.3941   177
31.4041   198
31.4141   180
31.4241   183
31.4341   167
31.4441   195
31.4541   169
31.4641   182
31.4741   173
31.4841   194
31.4941   170
31.5041   185
31.5141   191
31.5241   197
31.5341   205
31.5441   176
31.5541   200
31.5641   187
31.5741   185
31.5841   177
31.5941   182
31.6041   192
31.6141   195
31.6241   164
31.6341   161
31.6441   175
31.6541   191
31.6641   200
31.6741   185
31.6841   188
31.6941   189
31.7041   183
31.7141   181
31.7241   184
31.7341   163
31.7441   174
31.7541   179
31.7641   197
31.7741   202
31.7841   175
31.7941   164
31.8041   182
31.8141   177
31.8241   174
31.8341   198
31.8441   172
31.8541   182
31.8641   167
31.8741   155
31.8841   191
31.8941   188
31.9041   187
31.9141   181
31.9241   191
31.9341   176
31.9441   163
31.9541   167
31.9641   161
31.9741   190
31.9841   173
31.9941   153
32.0041   161
32.0141   187
32.0241   187
32.0341   173
32.0441   170
32.0541   160
32.0641   183
32.0741   175
32.0841   181
32.0941   156
32.1041   158
32.1141   181
32.1241   153
32.1341   156
32.1441   163
32.1541   187
32.1641   156
32.1741   164
32.1841   174
32.1941   192
32.2041   171
32.2141   178
32.2241   167
32.2341   173
32.2441   167
32.2541   189
32.2641   186
32.2741   172
32.2841   143
32.2941   156
32.3041   155
32.3141   177
32.3241   164
32.3341   176
32.3441   174
32.3541   147
32.3641   145
32.3741   164
32.3841   161
32.3941   155
32.4041   167
32.4141   155
32.4241   175
32.4341   170
32.4441   167
32.4541   142
32.4641   170
32.4741   181
32.4841   148
32.4941   147
32.5041   171
32.5141   161
32.5241   135
32.5341   171
32.5441   136
32.5541   149
32.5641   162
32.5741   158
32.5841   169
32.5941   148
32.6041   178
32.6141   184
32.6241   157
32.6341   138
32.6441   148
32.6541   143
32.6641   180
32.6741   152
32.6841   147
32.6941   156
32.7041   157
32.7141   153
32.7241   146
32.7341   144
32.7441   152
32.7541   146
32.7641   156
32.7741   146
32.7841   144
32.7941   139
32.8041   158
32.8141   134
32.8241   136
32.8341   146
32.8441   131
32.8541   155
32.8641   152
32.8741   174
32.8841   142
32.8941   144
32.9041   147
32.9141   132
32.9241   155
32.9341   155
32.9441   150
32.9541   136
32.9641   138
32.9741   140
32.9841   142
32.9941   155
33.0041   155
33.0141   156
33.0241   143
33.0341   146
33.0441   155
33.0541   138
33.0641   129
33.0741   154
33.0841   119
33.0941   127
33.1041   153
33.1141   134
33.1241   121
33.1341   109
33.1441   135
33.1541   134
33.1641   132
33.1741   148
33.1841   134
33.1941   134
33.2041   154
33.2141   131
33.2241   135
33.2341   134
33.2441   144
33.2541   147
33.2641   134
33.2741   162
33.2841   149
33.2941   153
33.3041   160
33.3141   137
33.3241   138
33.3341   150
33.3441   166
33.3541   138
33.3641   132
33.3741   128
33.3841   148
33.3941   118
33.4041   124
33.4141   119
33.4241   138
33.4341   121
33.4441   128
33.4541   127
33.4641   125
33.4741   129
33.4841   136
33.4941   148
33.5041   133
33.5141   131
33.5241   126
33.5341   143
33.5441   140
33.5541   131
33.5641   128
33.5741   142
33.5841   143
33.5941   138
33.6041   140
33.6141   134
33.6241   123
33.6341   135
33.6441   116
33.6541   122
33.6641   111
33.6741   136
33.6841   132
33.6941   123
33.7041   109
33.7141   121
33.7241   132
33.7341   142
33.7441   125
33.7541   132
33.7641   122
33.7741   131
33.7841   116
33.7941   138
33.8041   127
33.8141   118
33.8241   133
33.8341   120
33.8441   129
33.8541   133
33.8641   116
33.8741   116
33.8841   115
33.8941   111
33.9041   103
33.9141   117
33.9241   125
33.9341   116
33.9441   103
33.9541   125
33.9641   116
33.9741   136
33.9841   136
33.9941   129
34.0041   127
34.0141   116
34.0241   138
34.0341   124
34.0441   135
34.0541   113
34.0641   129
34.0741   124
34.0841   136
34.0941   110
34.1041   118
34.1141   115
34.1241   113
34.1341   109
34.1441   123
34.1541   116
34.1641   108
34.1741   113
34.1841   135
34.1941   114
34.2041   112
34.2141   142
34.2241   129
34.2341   110
34.2441   102
34.2541   120
34.2641   104
34.2741   118
34.2841   101
34.2941    92
34.3041    99
34.3141   105
34.3241   121
34.3341   117
34.3441   114
34.3541   122
34.3641   105
34.3741   114
34.3841   101
34.3941   111
34.4041   124
34.4141   129
34.4241   125
34.4341   117
34.4441   116
34.4541   114
34.4641   105
34.4741   121
34.4841   105
34.4941   111
34.5041   104
34.5141   113
34.5241   103
34.5341   106
34.5441   107
34.5541   107
34.5641   107
34.5741   106
34.5841   105
34.5941   120
34.6041   104
34.6141   122
34.6241   102
34.6341   114
34.6441   123
34.6541   123
34.6641   112
34.6741   108
34.6841   121
34.6941   102
34.7041    95
34.7141   100
34.7241   108
34.7341   116
34.7441   103
34.7541   109
34.7641    84
34.7741   100
34.7841   105
34.7941   110
34.8041   107
34.8141   116
34.8241    99
34.8341   113
34.8441   117
34.8541   118
34.8641    96
34.8741   106
34.8841   123
34.8941    94
34.9041   108
34.9141   116
34.9241    96
34.9341    98
34.9441   107
34.9541   106
34.9641   101
34.9741   113
34.9841    90
34.9941   105
35.0041    94
35.0141   101
35.0241   100
35.0341   108
35.0441   101
35.0541   105
35.0641    86
35.0741    88
35.0841    97
35.0941   100
35.1041    88
35.1141    88
35.1241    94
35.1341   100
35.1441   112
35.1541   104
35.1641   100
35.1741   100
35.1841    98
35.1941   101
35.2041   118
35.2141    83
35.2241    82
35.2341    90
35.2441    99
35.2541    94
35.2641    97
35.2741    87
35.2841   101
35.2941    97
35.3041   100
35.3141    82
35.3241    87
35.3341    89
35.3441    78
35.3541    85
35.3641    83
35.3741    84
35.3841    81
35.3941    80
35.4041    79
35.4141   108
35.4241    99
35.4341    95
35.4441    98
35.4541    80
35.4641    96
35.4741    89
35.4841    87
35.4941    94
35.5041    91
35.5141    80
35.5241   114
35.5341    90
35.5441    74
35.5541    88
35.5641    84
35.5741    84
35.5841    73
35.5941    82
35.6041    91
35.6141    80
35.6241    84
35.6341    88
35.6441    93
35.6541    84
35.6641    79
35.6741    80
35.6841   108
35.6941    88
35.7041    78
35.7141    88
35.7241    76
35.7341    92
35.7441    91
35.7541   104
35.7641    74
35.7741    78
35.7841    87
35.7941    76
35.8041    75
35.8141    86
35.8241    71
35.8341    99
35.8441    95
35.8541    80
35.8641    90
35.8741    75
35.8841    75
35.8941    77
35.9041    88
35.9141    79
35.9241    84
35.9341    90
35.9441   100
35.9541    79
35.9641    99
35.9741    93
35.9841    91
35.9941    77
36.0041    80
36.0141   104
36.0241    83
36.0341    79
36.0441    94
36.0541    77
36.0641    69
36.0741    69
36.0841    71
36.0941    88
36.1041    74
36.1141    71
36.1241    66
36.1341    84
36.1441    65
36.1541    79
36.1641    83
36.1741    83
36.1841    84
36.1941    69
36.2041    72
36.2141    71
36.2241    78
36.2341    82
36.2441    83
36.2541    75
36.2641    74
36.2741    90
36.2841    69
36.2941    85
36.3041    84
36.3141    78
36.3241    81
36.3341    82
36.3441    74
36.3541    75
36.3641    71
36.3741    60
36.3841    74
36.3941    84
36.4041    80
36.4141    87
36.4241    76
36.4341    71
36.4441    81
36.4541    75
36.4641    79
36.4741    75
36.4841    79
36.4941    55
36.5041    63
36.5141    65
36.5241    84
36.5341    68
36.5441    75
36.5541    79
36.5641    69
36.5741    74
36.5841    68
36.5941    65
36.6041    61
36.6141    71
36.6241    74
36.6341    72
36.6441    74
36.6541    71
36.6641    75
36.6741    63
36.6841    59
36.6941    57
36.7041    71
36.7141    66
36.7241    73
36.7341    67
36.7441    68
36.7541    70
36.7641    60
36.7741    49
36.7841    59
36.7941    62
36.8041    61
36.8141    61
36.8241    59
36.8341    65
36.8441    54
36.8541    72
36.8641    69
36.8741    59
36.8841    63
36.8941    73
36.9041    71
36.9141    77
36.9241    82
36.9341    64
36.9441    68
36.9541    57
36.9641    74
36.9741    63
36.9841    62
36.9941    63
37.0041    68
37.0141    52
37.0241    53
37.0341    60
37.0441    61
37.0541    70
37.0641    55
37.0741    69
37.0841    77
37.0941    55
37.1041    67
37.1141    64
37.1241    69
37.1341    66
37.1441    65
37.1541    66
37.1641    62
37.1741    61
37.1841    47
37.1941    67
37.2041    67
37.2141    72
37.2241    59
37.2341    63
37.2441    54
37.2541    64
37.2641    50
37.2741    53
37.2841    69
37.2941    62
37.3041    47
37.3141    69
37.3241    60
37.3341    65
37.3441    48
37.3541    62
37.3641    42
37.3741    53
37.3841    59
37.3941    70
37.4041    61
37.4141    64
37.4241    53
37.4341    65
37.4441    53
37.4541    58
37.4641    70
37.4741    63
37.4841    64
37.4941    67
37.5041    48
37.5141    63
37.5241    59
37.5341    63
37.5441    59
37.5541    54
37.5641    65
37.5741    51
37.5841    63
37.5941    60
37.6041    59
37.6141    56
37.6241    62
37.6341    54
37.6441    59
37.6541    59
37.6641    67
37.6741    56
37.6841    56
37.6941    53
37.7041    44
37.7141    46
37.7241    56
37.7341    57
37.7441    55
37.7541    58
37.7641    43
37.7741    53
37.7841    52
37.7941    49
37.8041    58
37.8141    45
37.8241    48
37.8341    54
37.8441    46
37.8541    51
37.8641    54
37.8741    55
37.8841    56
37.8941    39
37.9041    54
37.9141    55
37.9241    66
37.9341    50
37.9441    52
37.9541    57
37.9641    43
37.9741    53
37.9841    46
37.9941    53
38.0041    57
38.0141    50
38.0241    53
38.0341    55
38.0441    53
38.0541    43
38.0641    57
38.0741    55
38.0841    42
38.0941    41
38.1041    44
38.1141    43
38.1241    56
38.1341    42
38.1441    38
38.1541    47
38.1641    62
38.1741    56
38.1841    56
38.1941    33
38.2041    53
38.2141    43
38.2241    47
38.2341    42
38.2441    43
38.2541    41
38.2641    38
38.2741    52
38.2841    43
38.2941    46
38.3041    48
38.3141    34
38.3241    51
38.3341    42
38.3441    46
38.3541    47
38.3641    42
38.3741    43
38.3841    58
38.3941    34
38.4041    42
38.4141    40
38.4241    41
38.4341    46
38.4441    40
38.4541    59
38.4641    41
38.4741    39
38.4841    39
38.4941    54
38.5041    49
38.5141    49
38.5241    55
38.5341    39
38.5441    46
38.5541    32
38.5641    39
38.5741    42
38.5841    40
38.5941    51
38.6041    41
38.6141    38
38.6241    38
38.6341    41
38.6441    38
38.6541    36
38.6641    46
38.6741    48
38.6841    44
38.6941    53
38.7041    36
38.7141    45
38.7241    40
38.7341    47
38.7441    45
38.7541    34
38.7641    42
38.7741    41
38.7841    54
38.7941    40
38.8041    42
38.8141    45
38.8241    43
38.8341    48
38.8441    41
38.8541    35
38.8641    37
38.8741    34
38.8841    36
38.8941    32
38.9041    27
38.9141    46
38.9241    34
38.9341    41
38.9441    44
38.9541    34
38.9641    32
38.9741    40
38.9841    36
38.9941    35
39.0041    44
39.0141    35
39.0241    40
39.0341    32
39.0441    41
39.0541    33
39.0641    29
39.0741    44
39.0841    36
39.0941    34
39.1041    43
39.1141    33
39.1241    36
39.1341    31
39.1441    26
39.1541    46
39.1641    40
39.1741    39
39.1841    40
39.1941    45
39.2041    37
39.2141    32
39.2241    39
39.2341    26
39.2441    28
39.2541    38
39.2641    33
39.2741    35
39.2841    23
39.2941    28
39.3041    37
39.3141    36
39.3241    28
39.3341    30
39.3441    30
39.3541    31
39.3641    32
39.3741    35
39.3841    27
39.3941    36
39.4041    28
39.4141    26
39.4241    46
39.4341    31
39.4441    39
39.4541    33
39.4641    27
39.4741    30
39.4841    29
39.4941    36
39.5041    35
39.5141    35
39.5241    22
39.5341    36
39.5441    36
39.5541    24
39.5641    25
39.5741    38
39.5841    34
39.5941    39
39.6041    32
39.6141    30
39.6241    24
39.6341    32
39.6441    30
39.6541    27
39.6641    25
39.6741    22
39.6841    37
39.6941    37
39.7041    30
39.7141    29
39.7241    28
39.7341    20
39.7441    24
39.7541    29
39.7641    24
39.7741    32
39.7841    37
39.7941    34
39.8041    19
39.8141    38
39.8241    25
39.8341    18
39.8441    21
39.8541    18
39.8641    26
39.8741    25
39.8841    21
39.8941    33
39.9041    24
39.9141    25
39.9241    33
39.9341    21
39.9441    27
39.9541    32
39.9641    26
39.9741    27
39.9841    24
