Bruker Nano GmbH Berlin, Germany
Esprit 1.9

Date: 6/2/2021 1:07:55 PM
Real time: 5000
Life time: 4645
Pulse density: 106450


Detector type: XFlash 430
Window type: Custom type
Detector thickness: 0.45
Si dead layer:0.029

Calibration, lin.: 10
Calibration, abs.: -955.9
Mn FWHM: 137.05
Fano factor: 0.121
Channels: 4095

Energy Counts
-0.9559     0
-0.9459     0
-0.9359     0
-0.9259     0
-0.9159     0
-0.9059     0
-0.8959     0
-0.8859     0
-0.8759     0
-0.8659     0
-0.8559     0
-0.8459     0
-0.8359     0
-0.8259     0
-0.8159     0
-0.8059     0
-0.7959     0
-0.7859     0
-0.7759     0
-0.7659     0
-0.7559     0
-0.7459     0
-0.7359     0
-0.7259     0
-0.7159     0
-0.7059     0
-0.6959     0
-0.6859     0
-0.6759     0
-0.6659     0
-0.6559     0
-0.6459     0
-0.6359     0
-0.6259     0
-0.6159     0
-0.6059     0
-0.5959     0
-0.5859     0
-0.5759     0
-0.5659     0
-0.5559     0
-0.5459     0
-0.5359     0
-0.5259     0
-0.5159     0
-0.5059     0
-0.4959     0
-0.4859     0
-0.4759     0
-0.4659     0
-0.4559     0
-0.4459     0
-0.4359     0
-0.4259     0
-0.4159     0
-0.4059     0
-0.3959     0
-0.3859     0
-0.3759     0
-0.3659     0
-0.3559     0
-0.3459     0
-0.3359     0
-0.3259     0
-0.3159     0
-0.3059     0
-0.2959     0
-0.2859     0
-0.2759     0
-0.2659     0
-0.2559     0
-0.2459     0
-0.2359     0
-0.2259     0
-0.2159     0
-0.2059     0
-0.1959     0
-0.1859     0
-0.1759     0
-0.1659     0
-0.1559     0
-0.1459     0
-0.1359     0
-0.1259     0
-0.1159     0
-0.1059     3
-0.0959    13
-0.0859    51
-0.0759   177
-0.0659   518
-0.0559  1360
-0.0459  2951
-0.0359  5641
-0.0259  8766
-0.0159 12111
-0.0059 14178
 0.0041 14385
 0.0141 12329
 0.0241  8956
 0.0341  5729
 0.0441  3262
 0.0541  1470
 0.0641   564
 0.0741   213
 0.0841    61
 0.0941    21
 0.1041     9
 0.1141     3
 0.1241     2
 0.1341     2
 0.1441     3
 0.1541     1
 0.1641     1
 0.1741     6
 0.1841    36
 0.1941    81
 0.2041    79
 0.2141    74
 0.2241    69
 0.2341    71
 0.2441    76
 0.2541    74
 0.2641    68
 0.2741    66
 0.2841    69
 0.2941    79
 0.3041    91
 0.3141    74
 0.3241    68
 0.3341    84
 0.3441    74
 0.3541    71
 0.3641    78
 0.3741    75
 0.3841    68
 0.3941    57
 0.4041    60
 0.4141    64
 0.4241    61
 0.4341    75
 0.4441    74
 0.4541    63
 0.4641    64
 0.4741    76
 0.4841    70
 0.4941    63
 0.5041    61
 0.5141    64
 0.5241    73
 0.5341    69
 0.5441    61
 0.5541    61
 0.5641    53
 0.5741    50
 0.5841    61
 0.5941    67
 0.6041    59
 0.6141    62
 0.6241    65
 0.6341    59
 0.6441    57
 0.6541    62
 0.6641    66
 0.6741    61
 0.6841    58
 0.6941    53
 0.7041    56
 0.7141    52
 0.7241    55
 0.7341    52
 0.7441    49
 0.7541    56
 0.7641    59
 0.7741    57
 0.7841    50
 0.7941    51
 0.8041    64
 0.8141    62
 0.8241    58
 0.8341    52
 0.8441    57
 0.8541    52
 0.8641    51
 0.8741    52
 0.8841    59
 0.8941    53
 0.9041    50
 0.9141    44
 0.9241    42
 0.9341    45
 0.9441    45
 0.9541    50
 0.9641    48
 0.9741    54
 0.9841    56
 0.9941    48
 1.0041    57
 1.0141    51
 1.0241    59
 1.0341    47
 1.0441    50
 1.0541    59
 1.0641    48
 1.0741    48
 1.0841    64
 1.0941    55
 1.1041    48
 1.1141    44
 1.1241    46
 1.1341    55
 1.1441    44
 1.1541    47
 1.1641    45
 1.1741    53
 1.1841    49
 1.1941    48
 1.2041    28
 1.2141    56
 1.2241    49
 1.2341    42
 1.2441    63
 1.2541    59
 1.2641    47
 1.2741    38
 1.2841    46
 1.2941    49
 1.3041    40
 1.3141    44
 1.3241    37
 1.3341    37
 1.3441    55
 1.3541    48
 1.3641    55
 1.3741    43
 1.3841    36
 1.3941    45
 1.4041    38
 1.4141    38
 1.4241    49
 1.4341    44
 1.4441    53
 1.4541    57
 1.4641    52
 1.4741    45
 1.4841    39
 1.4941    42
 1.5041    50
 1.5141    49
 1.5241    44
 1.5341    45
 1.5441    38
 1.5541    47
 1.5641    46
 1.5741    38
 1.5841    33
 1.5941    53
 1.6041    34
 1.6141    37
 1.6241    49
 1.6341    46
 1.6441    48
 1.6541    55
 1.6641    65
 1.6741    83
 1.6841   108
 1.6941   125
 1.7041   125
 1.7141   170
 1.7241   181
 1.7341   178
 1.7441   204
 1.7541   158
 1.7641   175
 1.7741   145
 1.7841   113
 1.7941    87
 1.8041    76
 1.8141    64
 1.8241    52
 1.8341    54
 1.8441    52
 1.8541    55
 1.8641    43
 1.8741    62
 1.8841    38
 1.8941    50
 1.9041    32
 1.9141    39
 1.9241    47
 1.9341    38
 1.9441    48
 1.9541    37
 1.9641    55
 1.9741    52
 1.9841    52
 1.9941    41
 2.0041    54
 2.0141    63
 2.0241    50
 2.0341    42
 2.0441    43
 2.0541    58
 2.0641    38
 2.0741    51
 2.0841    47
 2.0941    54
 2.1041    41
 2.1141    41
 2.1241    42
 2.1341    36
 2.1441    44
 2.1541    36
 2.1641    46
 2.1741    37
 2.1841    44
 2.1941    39
 2.2041    29
 2.2141    43
 2.2241    51
 2.2341    41
 2.2441    34
 2.2541    39
 2.2641    32
 2.2741    33
 2.2841    35
 2.2941    39
 2.3041    34
 2.3141    36
 2.3241    41
 2.3341    40
 2.3441    28
 2.3541    29
 2.3641    28
 2.3741    30
 2.3841    36
 2.3941    30
 2.4041    35
 2.4141    36
 2.4241    44
 2.4341    50
 2.4441    43
 2.4541    34
 2.4641    35
 2.4741    37
 2.4841    46
 2.4941    41
 2.5041    39
 2.5141    42
 2.5241    33
 2.5341    32
 2.5441    40
 2.5541    22
 2.5641    35
 2.5741    35
 2.5841    34
 2.5941    29
 2.6041    38
 2.6141    36
 2.6241    26
 2.6341    24
 2.6441    26
 2.6541    28
 2.6641    39
 2.6741    39
 2.6841    38
 2.6941    31
 2.7041    38
 2.7141    32
 2.7241    22
 2.7341    37
 2.7441    40
 2.7541    43
 2.7641    28
 2.7741    36
 2.7841    39
 2.7941    32
 2.8041    36
 2.8141    25
 2.8241    38
 2.8341    31
 2.8441    33
 2.8541    36
 2.8641    42
 2.8741    35
 2.8841    34
 2.8941    28
 2.9041    35
 2.9141    29
 2.9241    41
 2.9341    28
 2.9441    27
 2.9541    29
 2.9641    41
 2.9741    19
 2.9841    28
 2.9941    34
 3.0041    31
 3.0141    35
 3.0241    33
 3.0341    34
 3.0441    25
 3.0541    36
 3.0641    34
 3.0741    36
 3.0841    32
 3.0941    25
 3.1041    29
 3.1141    26
 3.1241    35
 3.1341    17
 3.1441    22
 3.1541    19
 3.1641    26
 3.1741    25
 3.1841    33
 3.1941    26
 3.2041    27
 3.2141    33
 3.2241    31
 3.2341    43
 3.2441    48
 3.2541    44
 3.2641    70
 3.2741    66
 3.2841    71
 3.2941    68
 3.3041    81
 3.3141    68
 3.3241    68
 3.3341    69
 3.3441    62
 3.3541    56
 3.3641    54
 3.3741    45
 3.3841    39
 3.3941    24
 3.4041    35
 3.4141    35
 3.4241    18
 3.4341    35
 3.4441    27
 3.4541    31
 3.4641    37
 3.4741    27
 3.4841    30
 3.4941    24
 3.5041    25
 3.5141    21
 3.5241    23
 3.5341    30
 3.5441    47
 3.5541    41
 3.5641    43
 3.5741    70
 3.5841    68
 3.5941    72
 3.6041    84
 3.6141   106
 3.6241   126
 3.6341   140
 3.6441   177
 3.6541   194
 3.6641   238
 3.6741   243
 3.6841   251
 3.6941   264
 3.7041   273
 3.7141   244
 3.7241   213
 3.7341   167
 3.7441   137
 3.7541   101
 3.7641    90
 3.7741    65
 3.7841    67
 3.7941    54
 3.8041    34
 3.8141    29
 3.8241    31
 3.8341    22
 3.8441    19
 3.8541    24
 3.8641    23
 3.8741    29
 3.8841    31
 3.8941    28
 3.9041    24
 3.9141    16
 3.9241    30
 3.9341    31
 3.9441    37
 3.9541    26
 3.9641    36
 3.9741    52
 3.9841    62
 3.9941    62
 4.0041    55
 4.0141    65
 4.0241    48
 4.0341    52
 4.0441    54
 4.0541    47
 4.0641    51
 4.0741    37
 4.0841    29
 4.0941    25
 4.1041    14
 4.1141    12
 4.1241    13
 4.1341    26
 4.1441    17
 4.1541    20
 4.1641    29
 4.1741    26
 4.1841    28
 4.1941    22
 4.2041    18
 4.2141    15
 4.2241    13
 4.2341    25
 4.2441    23
 4.2541    11
 4.2641    11
 4.2741    28
 4.2841    16
 4.2941    15
 4.3041    17
 4.3141    16
 4.3241    23
 4.3341    18
 4.3441    18
 4.3541    24
 4.3641    23
 4.3741    27
 4.3841    29
 4.3941    40
 4.4041    39
 4.4141    55
 4.4241    71
 4.4341    88
 4.4441    90
 4.4541   102
 4.4641   121
 4.4741   168
 4.4841   168
 4.4941   166
 4.5041   182
 4.5141   160
 4.5241   144
 4.5341   138
 4.5441   133
 4.5541   122
 4.5641   106
 4.5741    87
 4.5841    76
 4.5941    70
 4.6041    47
 4.6141    31
 4.6241    23
 4.6341    31
 4.6441    22
 4.6541    17
 4.6641    18
 4.6741    26
 4.6841    22
 4.6941    25
 4.7041    20
 4.7141    18
 4.7241    17
 4.7341    26
 4.7441    27
 4.7541    19
 4.7641    22
 4.7741    25
 4.7841    24
 4.7941    23
 4.8041    28
 4.8141    35
 4.8241    29
 4.8341    37
 4.8441    35
 4.8541    47
 4.8641    33
 4.8741    39
 4.8841    48
 4.8941    55
 4.9041    63
 4.9141    62
 4.9241    51
 4.9341    51
 4.9441    49
 4.9541    60
 4.9641    54
 4.9741    52
 4.9841    47
 4.9941    43
 5.0041    35
 5.0141    34
 5.0241    36
 5.0341    28
 5.0441    26
 5.0541    28
 5.0641    20
 5.0741    14
 5.0841    28
 5.0941    20
 5.1041    18
 5.1141    23
 5.1241    24
 5.1341    26
 5.1441    33
 5.1541    24
 5.1641    25
 5.1741    30
 5.1841    19
 5.1941    32
 5.2041    31
 5.2141    24
 5.2241    25
 5.2341    27
 5.2441    23
 5.2541    21
 5.2641    25
 5.2741    23
 5.2841    25
 5.2941    28
 5.3041    26
 5.3141    37
 5.3241    43
 5.3341    28
 5.3441    29
 5.3541    35
 5.3641    42
 5.3741    58
 5.3841    62
 5.3941    51
 5.4041    59
 5.4141    41
 5.4241    46
 5.4341    49
 5.4441    47
 5.4541    45
 5.4641    43
 5.4741    26
 5.4841    29
 5.4941    41
 5.5041    35
 5.5141    27
 5.5241    27
 5.5341    26
 5.5441    28
 5.5541    27
 5.5641    40
 5.5741    26
 5.5841    22
 5.5941    35
 5.6041    26
 5.6141    25
 5.6241    35
 5.6341    23
 5.6441    22
 5.6541    25
 5.6641    22
 5.6741    27
 5.6841    28
 5.6941    28
 5.7041    24
 5.7141    36
 5.7241    28
 5.7341    38
 5.7441    34
 5.7541    30
 5.7641    36
 5.7741    45
 5.7841    63
 5.7941    87
 5.8041    89
 5.8141   101
 5.8241   131
 5.8341   127
 5.8441   190
 5.8541   173
 5.8641   225
 5.8741   189
 5.8841   191
 5.8941   225
 5.9041   206
 5.9141   204
 5.9241   214
 5.9341   174
 5.9441   154
 5.9541   141
 5.9641   122
 5.9741   110
 5.9841    81
 5.9941    71
 6.0041    76
 6.0141    64
 6.0241    43
 6.0341    43
 6.0441    52
 6.0541    42
 6.0641    46
 6.0741    49
 6.0841    44
 6.0941    45
 6.1041    40
 6.1141    53
 6.1241    48
 6.1341    48
 6.1441    53
 6.1541    48
 6.1641    48
 6.1741    61
 6.1841    84
 6.1941    90
 6.2041   121
 6.2141   160
 6.2241   236
 6.2341   282
 6.2441   457
 6.2541   570
 6.2641   831
 6.2741  1108
 6.2841  1591
 6.2941  2083
 6.3041  2622
 6.3141  3378
 6.3241  3999
 6.3341  4931
 6.3441  5647
 6.3541  6378
 6.3641  7103
 6.3741  7679
 6.3841  8145
 6.3941  8203
 6.4041  8300
 6.4141  7670
 6.4241  7243
 6.4341  6752
 6.4441  6080
 6.4541  5145
 6.4641  4368
 6.4741  3606
 6.4841  2733
 6.4941  2215
 6.5041  1642
 6.5141  1212
 6.5241   849
 6.5341   616
 6.5441   448
 6.5541   321
 6.5641   229
 6.5741   138
 6.5841    89
 6.5941    84
 6.6041    91
 6.6141    55
 6.6241    56
 6.6341    66
 6.6441    53
 6.6541    45
 6.6641    39
 6.6741    62
 6.6841    61
 6.6941    40
 6.7041    42
 6.7141    50
 6.7241    43
 6.7341    40
 6.7441    46
 6.7541    38
 6.7641    58
 6.7741    61
 6.7841    57
 6.7941    63
 6.8041    51
 6.8141    78
 6.8241    67
 6.8341    77
 6.8441    90
 6.8541    86
 6.8641    89
 6.8741   103
 6.8841   114
 6.8941   164
 6.9041   161
 6.9141   205
 6.9241   269
 6.9341   307
 6.9441   415
 6.9541   474
 6.9641   582
 6.9741   727
 6.9841   823
 6.9941   875
 7.0041  1002
 7.0141  1145
 7.0241  1291
 7.0341  1370
 7.0441  1381
 7.0541  1314
 7.0641  1346
 7.0741  1251
 7.0841  1206
 7.0941  1090
 7.1041   947
 7.1141   837
 7.1241   730
 7.1341   626
 7.1441   525
 7.1541   417
 7.1641   313
 7.1741   230
 7.1841   190
 7.1941   154
 7.2041   122
 7.2141    98
 7.2241    82
 7.2341    63
 7.2441    69
 7.2541    72
 7.2641    52
 7.2741    54
 7.2841    48
 7.2941    55
 7.3041    58
 7.3141    54
 7.3241    76
 7.3341    60
 7.3441    65
 7.3541    72
 7.3641    88
 7.3741    82
 7.3841    80
 7.3941    80
 7.4041    76
 7.4141   100
 7.4241   112
 7.4341    84
 7.4441    88
 7.4541    82
 7.4641    98
 7.4741   111
 7.4841   103
 7.4941    81
 7.5041    73
 7.5141    98
 7.5241    92
 7.5341    76
 7.5441    61
 7.5541    73
 7.5641    58
 7.5741    59
 7.5841    59
 7.5941    56
 7.6041    67
 7.6141    50
 7.6241    58
 7.6341    67
 7.6441    52
 7.6541    57
 7.6641    61
 7.6741    56
 7.6841    37
 7.6941    49
 7.7041    58
 7.7141    47
 7.7241    58
 7.7341    67
 7.7441    53
 7.7541    53
 7.7641    72
 7.7741    61
 7.7841    65
 7.7941    66
 7.8041    65
 7.8141    65
 7.8241    77
 7.8341    72
 7.8441    62
 7.8541    67
 7.8641    69
 7.8741    87
 7.8841    87
 7.8941    79
 7.9041    70
 7.9141    92
 7.9241    84
 7.9341   100
 7.9441   120
 7.9541   114
 7.9641   119
 7.9741   132
 7.9841   140
 7.9941   129
 8.0041   166
 8.0141   173
 8.0241   183
 8.0341   181
 8.0441   192
 8.0541   220
 8.0641   238
 8.0741   264
 8.0841   284
 8.0941   280
 8.1041   291
 8.1141   258
 8.1241   294
 8.1341   285
 8.1441   333
 8.1541   307
 8.1641   319
 8.1741   342
 8.1841   339
 8.1941   334
 8.2041   355
 8.2141   397
 8.2241   380
 8.2341   371
 8.2441   375
 8.2541   378
 8.2641   403
 8.2741   443
 8.2841   469
 8.2941   501
 8.3041   526
 8.3141   592
 8.3241   617
 8.3341   672
 8.3441   729
 8.3541   740
 8.3641   732
 8.3741   728
 8.3841   820
 8.3941   803
 8.4041   746
 8.4141   744
 8.4241   683
 8.4341   636
 8.4441   595
 8.4541   540
 8.4641   463
 8.4741   389
 8.4841   360
 8.4941   285
 8.5041   267
 8.5141   224
 8.5241   186
 8.5341   149
 8.5441   141
 8.5541   142
 8.5641   120
 8.5741   116
 8.5841   108
 8.5941   120
 8.6041   108
 8.6141   102
 8.6241   108
 8.6341   114
 8.6441   118
 8.6541   118
 8.6641   110
 8.6741   120
 8.6841   109
 8.6941   110
 8.7041   101
 8.7141    93
 8.7241   103
 8.7341    94
 8.7441   104
 8.7541    87
 8.7641    91
 8.7741    93
 8.7841    80
 8.7941    72
 8.8041    81
 8.8141    77
 8.8241    77
 8.8341    78
 8.8441    82
 8.8541    81
 8.8641    77
 8.8741    95
 8.8841    85
 8.8941    64
 8.9041    64
 8.9141    79
 8.9241    84
 8.9341    86
 8.9441    98
 8.9541    92
 8.9641    86
 8.9741    75
 8.9841    91
 8.9941    77
 9.0041    79
 9.0141    99
 9.0241    93
 9.0341   102
 9.0441    91
 9.0541    83
 9.0641    85
 9.0741   109
 9.0841   109
 9.0941   122
 9.1041   101
 9.1141   117
 9.1241   127
 9.1341   137
 9.1441   131
 9.1541   154
 9.1641   166
 9.1741   161
 9.1841   153
 9.1941   163
 9.2041   172
 9.2141   190
 9.2241   215
 9.2341   227
 9.2441   224
 9.2541   234
 9.2641   260
 9.2741   261
 9.2841   249
 9.2941   279
 9.3041   290
 9.3141   294
 9.3241   295
 9.3341   290
 9.3441   306
 9.3541   338
 9.3641   302
 9.3741   294
 9.3841   316
 9.3941   340
 9.4041   331
 9.4141   338
 9.4241   351
 9.4341   365
 9.4441   361
 9.4541   364
 9.4641   385
 9.4741   354
 9.4841   377
 9.4941   396
 9.5041   402
 9.5141   384
 9.5241   418
 9.5341   433
 9.5441   467
 9.5541   480
 9.5641   499
 9.5741   531
 9.5841   598
 9.5941   595
 9.6041   634
 9.6141   659
 9.6241   712
 9.6341   688
 9.6441   679
 9.6541   778
 9.6641   780
 9.6741   774
 9.6841   747
 9.6941   693
 9.7041   682
 9.7141   626
 9.7241   586
 9.7341   536
 9.7441   523
 9.7541   475
 9.7641   460
 9.7741   424
 9.7841   380
 9.7941   379
 9.8041   364
 9.8141   337
 9.8241   349
 9.8341   327
 9.8441   304
 9.8541   312
 9.8641   282
 9.8741   290
 9.8841   319
 9.8941   283
 9.9041   328
 9.9141   337
 9.9241   326
 9.9341   356
 9.9441   383
 9.9541   335
 9.9641   327
 9.9741   309
 9.9841   325
 9.9941   298
10.0041   280
10.0141   252
10.0241   234
10.0341   203
10.0441   185
10.0541   189
10.0641   158
10.0741   147
10.0841   129
10.0941   120
10.1041    94
10.1141    79
10.1241    83
10.1341    82
10.1441    70
10.1541    77
10.1641    82
10.1741    69
10.1841    58
10.1941    63
10.2041    61
10.2141    58
10.2241    57
10.2341    52
10.2441    54
10.2541    49
10.2641    55
10.2741    59
10.2841    49
10.2941    52
10.3041    45
10.3141    44
10.3241    39
10.3341    44
10.3441    46
10.3541    43
10.3641    36
10.3741    35
10.3841    35
10.3941    32
10.4041    36
10.4141    41
10.4241    49
10.4341    41
10.4441    46
10.4541    38
10.4641    48
10.4741    50
10.4841    42
10.4941    40
10.5041    55
10.5141    48
10.5241    54
10.5341    58
10.5441    58
10.5541    47
10.5641    52
10.5741    39
10.5841    49
10.5941    49
10.6041    70
10.6141    63
10.6241    46
10.6341    55
10.6441    51
10.6541    51
10.6641    52
10.6741    55
10.6841    59
10.6941    62
10.7041    52
10.7141    54
10.7241    61
10.7341    62
10.7441    62
10.7541    56
10.7641    70
10.7741    60
10.7841    59
10.7941    59
10.8041    72
10.8141    69
10.8241    82
10.8341    69
10.8441    70
10.8541    67
10.8641    62
10.8741    69
10.8841    66
10.8941    70
10.9041    70
10.9141    79
10.9241    74
10.9341    77
10.9441    73
10.9541    80
10.9641    83
10.9741    82
10.9841    73
10.9941    62
11.0041    60
11.0141    64
11.0241    79
11.0341    75
11.0441    65
11.0541    66
11.0641    62
11.0741    63
11.0841    63
11.0941    64
11.1041    55
11.1141    65
11.1241    66
11.1341    71
11.1441    88
11.1541    81
11.1641    69
11.1741    79
11.1841    84
11.1941    75
11.2041    80
11.2141    97
11.2241   101
11.2341    84
11.2441    76
11.2541    96
11.2641   100
11.2741    99
11.2841   118
11.2941   122
11.3041    95
11.3141    92
11.3241    89
11.3341    92
11.3441    92
11.3541    90
11.3641    85
11.3741    78
11.3841    65
11.3941    66
11.4041    64
11.4141    61
11.4241    64
11.4341    57
11.4441    53
11.4541    44
11.4641    44
11.4741    51
11.4841    58
11.4941    55
11.5041    54
11.5141    51
11.5241    47
11.5341    50
11.5441    58
11.5541    51
11.5641    51
11.5741    53
11.5841    54
11.5941    55
11.6041    63
11.6141    61
11.6241    55
11.6341    52
11.6441    53
11.6541    50
11.6641    52
11.6741    49
11.6841    48
11.6941    43
11.7041    53
11.7141    59
11.7241    48
11.7341    54
11.7441    54
11.7541    43
11.7641    50
11.7741    49
11.7841    44
11.7941    34
11.8041    36
11.8141    34
11.8241    32
11.8341    49
11.8441    44
11.8541    39
11.8641    46
11.8741    41
11.8841    38
11.8941    37
11.9041    28
11.9141    29
11.9241    39
11.9341    48
11.9441    42
11.9541    45
11.9641    45
11.9741    38
11.9841    44
11.9941    39
12.0041    36
12.0141    41
12.0241    46
12.0341    45
12.0441    34
12.0541    36
12.0641    35
12.0741    42
12.0841    44
12.0941    38
12.1041    35
12.1141    38
12.1241    36
12.1341    40
12.1441    44
12.1541    43
12.1641    41
12.1741    43
12.1841    42
12.1941    39
12.2041    39
12.2141    39
12.2241    35
12.2341    42
12.2441    44
12.2541    45
12.2641    43
12.2741    46
12.2841    43
12.2941    33
12.3041    35
12.3141    42
12.3241    43
12.3341    39
12.3441    37
12.3541    39
12.3641    43
12.3741    47
12.3841    48
12.3941    41
12.4041    38
12.4141    39
12.4241    40
12.4341    43
12.4441    42
12.4541    40
12.4641    35
12.4741    38
12.4841    37
12.4941    45
12.5041    41
12.5141    39
12.5241    41
12.5341    36
12.5441    42
12.5541    42
12.5641    41
12.5741    41
12.5841    38
12.5941    42
12.6041    42
12.6141    38
12.6241    39
12.6341    41
12.6441    38
12.6541    38
12.6641    40
12.6741    43
12.6841    47
12.6941    41
12.7041    41
12.7141    42
12.7241    39
12.7341    40
12.7441    42
12.7541    42
12.7641    43
12.7741    44
12.7841    45
12.7941    43
12.8041    40
12.8141    39
12.8241    42
12.8341    45
12.8441    49
12.8541    52
12.8641    51
12.8741    46
12.8841    43
12.8941    44
12.9041    45
12.9141    46
12.9241    46
12.9341    48
12.9441    53
12.9541    54
12.9641    49
12.9741    45
12.9841    47
12.9941    49
13.0041    48
13.0141    45
13.0241    46
13.0341    47
13.0441    46
13.0541    46
13.0641    46
13.0741    46
13.0841    47
13.0941    50
13.1041    49
13.1141    46
13.1241    46
13.1341    47
13.1441    48
13.1541    50
13.1641    51
13.1741    52
13.1841    55
13.1941    58
13.2041    56
13.2141    52
13.2241    54
13.2341    55
13.2441    46
13.2541    52
13.2641    66
13.2741    63
13.2841    64
13.2941    68
13.3041    70
13.3141    65
13.3241    71
13.3341    85
13.3441    78
13.3541    59
13.3641    69
13.3741    70
13.3841    63
13.3941    75
13.4041    81
13.4141    77
13.4241    76
13.4341    66
13.4441    58
13.4541    64
13.4641    69
13.4741    60
13.4841    56
13.4941    63
13.5041    68
13.5141    64
13.5241    60
13.5341    60
13.5441    54
13.5541    49
13.5641    56
13.5741    58
13.5841    58
13.5941    57
13.6041    56
13.6141    57
13.6241    50
13.6341    53
13.6441    56
13.6541    49
13.6641    53
13.6741    58
13.6841    52
13.6941    47
13.7041    45
13.7141    48
13.7241    51
13.7341    54
13.7441    53
13.7541    57
13.7641    62
13.7741    55
13.7841    48
13.7941    51
13.8041    52
13.8141    53
13.8241    63
13.8341    64
13.8441    57
13.8541    53
13.8641    55
13.8741    68
13.8841    57
13.8941    46
13.9041    49
13.9141    52
13.9241    62
13.9341    63
13.9441    59
13.9541    64
13.9641    63
13.9741    65
13.9841    61
13.9941    58
14.0041    67
14.0141    71
14.0241    80
14.0341    68
14.0441    64
14.0541    75
14.0641    71
14.0741    65
14.0841    67
14.0941    69
14.1041    69
14.1141    74
14.1241    71
14.1341    73
14.1441    82
14.1541    95
14.1641    87
14.1741    72
14.1841    83
14.1941    83
14.2041    74
14.2141    74
14.2241    76
14.2341    77
14.2441    76
14.2541    75
14.2641    71
14.2741    72
14.2841    69
14.2941    58
14.3041    59
14.3141    69
14.3241    74
14.3341    70
14.3441    63
14.3541    62
14.3641    64
14.3741    60
14.3841    60
14.3941    67
14.4041    62
14.4141    54
14.4241    57
14.4341    56
14.4441    57
14.4541    57
14.4641    63
14.4741    66
14.4841    66
14.4941    68
14.5041    60
14.5141    63
14.5241    70
14.5341    63
14.5441    55
14.5541    59
14.5641    60
14.5741    62
14.5841    65
14.5941    62
14.6041    63
14.6141    65
14.6241    69
14.6341    70
14.6441    60
14.6541    58
14.6641    70
14.6741    71
14.6841    64
14.6941    65
14.7041    66
14.7141    74
14.7241    78
14.7341    78
14.7441    84
14.7541    82
14.7641    78
14.7741    80
14.7841    75
14.7941    71
14.8041    69
14.8141    78
14.8241    86
14.8341    84
14.8441    77
14.8541    78
14.8641    85
14.8741    71
14.8841    71
14.8941    85
14.9041    81
14.9141    84
14.9241    92
14.9341    86
14.9441    81
14.9541    84
14.9641    82
14.9741    84
14.9841    89
14.9941    75
15.0041    70
15.0141    74
15.0241    80
15.0341    87
15.0441    74
15.0541    64
15.0641    67
15.0741    75
15.0841    77
15.0941    82
15.1041    78
15.1141    73
15.1241    75
15.1341    69
15.1441    65
15.1541    69
15.1641    75
15.1741    76
15.1841    84
15.1941    91
15.2041    95
15.2141    83
15.2241    68
15.2341    70
15.2441    57
15.2541    58
15.2641    72
15.2741    77
15.2841    77
15.2941    75
15.3041    80
15.3141    81
15.3241    75
15.3341    61
15.3441    65
15.3541    82
15.3641    72
15.3741    67
15.3841    67
15.3941    79
15.4041    85
15.4141    86
15.4241    83
15.4341    80
15.4441    67
15.4541    65
15.4641    67
15.4741    75
15.4841    78
15.4941    75
15.5041    82
15.5141    89
15.5241    92
15.5341   100
15.5441    93
15.5541    84
15.5641   100
15.5741   102
15.5841   100
15.5941   109
15.6041   115
15.6141   112
15.6241   125
15.6341   121
15.6441   120
15.6541   127
15.6641   143
15.6741   151
15.6841   159
15.6941   163
15.7041   169
15.7141   177
15.7241   157
15.7341   151
15.7441   172
15.7541   174
15.7641   176
15.7741   181
15.7841   169
15.7941   166
15.8041   170
15.8141   172
15.8241   151
15.8341   153
15.8441   137
15.8541   126
15.8641   130
15.8741   123
15.8841   110
15.8941   118
15.9041   102
15.9141    96
15.9241   110
15.9341   107
15.9441    90
15.9541    86
15.9641    89
15.9741    90
15.9841   101
15.9941    90
16.0041    87
16.0141    83
16.0241    80
16.0341    81
16.0441    84
16.0541    75
16.0641    79
16.0741    87
16.0841    90
16.0941   105
16.1041   101
16.1141    89
16.1241    84
16.1341    80
16.1441    84
16.1541    88
16.1641    93
16.1741    92
16.1841    94
16.1941    97
16.2041    86
16.2141    88
16.2241    90
16.2341    89
16.2441    77
16.2541    76
16.2641    90
16.2741    79
16.2841    78
16.2941    86
16.3041    89
16.3141    90
16.3241    98
16.3341    94
16.3441    87
16.3541    95
16.3641   100
16.3741    87
16.3841    81
16.3941    97
16.4041   106
16.4141    99
16.4241    83
16.4341    79
16.4441   106
16.4541    99
16.4641    93
16.4741    97
16.4841   101
16.4941    98
16.5041   102
16.5141   100
16.5241    88
16.5341    85
16.5441    92
16.5541    90
16.5641    96
16.5741   100
16.5841    92
16.5941    93
16.6041    92
16.6141    80
16.6241    91
16.6341   100
16.6441    95
16.6541    94
16.6641    88
16.6741    90
16.6841   103
16.6941   102
16.7041    92
16.7141   101
16.7241   106
16.7341    95
16.7441   108
16.7541   106
16.7641    96
16.7741   101
16.7841   110
16.7941   112
16.8041   106
16.8141    88
16.8241    97
16.8341    93
16.8441   100
16.8541   107
16.8641   110
16.8741    98
16.8841    95
16.8941   109
16.9041   111
16.9141   106
16.9241    94
16.9341    96
16.9441   105
16.9541   114
16.9641   109
16.9741   109
16.9841   105
16.9941   104
17.0041    88
17.0141    95
17.0241   109
17.0341   106
17.0441   107
17.0541   110
17.0641   102
17.0741    89
17.0841   105
17.0941   107
17.1041   100
17.1141    95
17.1241    99
17.1341   103
17.1441   102
17.1541   101
17.1641    99
17.1741    94
17.1841   105
17.1941   102
17.2041   102
17.2141   116
17.2241   114
17.2341   120
17.2441   101
17.2541    95
17.2641   111
17.2741   110
17.2841    98
17.2941   109
17.3041   113
17.3141   101
17.3241   105
17.3341   108
17.3441   101
17.3541   102
17.3641   102
17.3741   116
17.3841   130
17.3941   119
17.4041   115
17.4141   117
17.4241   115
17.4341   113
17.4441   109
17.4541   118
17.4641   123
17.4741   116
17.4841   123
17.4941   114
17.5041   102
17.5141   101
17.5241   114
17.5341   109
17.5441   102
17.5541   115
17.5641   113
17.5741   115
17.5841   115
17.5941   121
17.6041   139
17.6141   148
17.6241   132
17.6341   135
17.6441   114
17.6541   111
17.6641   127
17.6741   129
17.6841   126
17.6941   125
17.7041   113
17.7141   114
17.7241   124
17.7341   120
17.7441   128
17.7541   120
17.7641   130
17.7741   133
17.7841   130
17.7941   121
17.8041   112
17.8141   127
17.8241   112
17.8341   127
17.8441   122
17.8541   110
17.8641   104
17.8741   130
17.8841   127
17.8941   131
17.9041   133
17.9141   114
17.9241   113
17.9341   112
17.9441   112
17.9541   113
17.9641   119
17.9741   119
17.9841   109
17.9941   110
18.0041   118
18.0141   123
18.0241   137
18.0341   116
18.0441   111
18.0541   115
18.0641   119
18.0741   128
18.0841   117
18.0941   118
18.1041   131
18.1141   108
18.1241   120
18.1341   130
18.1441   121
18.1541   131
18.1641   115
18.1741   113
18.1841   124
18.1941   130
18.2041   141
18.2141   128
18.2241   113
18.2341   109
18.2441    99
18.2541   103
18.2641   118
18.2741   108
18.2841   124
18.2941   113
18.3041   120
18.3141   124
18.3241   116
18.3341   118
18.3441   131
18.3541   120
18.3641   128
18.3741   134
18.3841   119
18.3941   105
18.4041   124
18.4141   120
18.4241   130
18.4341   114
18.4441   138
18.4541   125
18.4641   126
18.4741   132
18.4841   128
18.4941   105
18.5041   116
18.5141   130
18.5241   118
18.5341   129
18.5441   139
18.5541   120
18.5641   117
18.5741   121
18.5841   122
18.5941   126
18.6041   119
18.6141   125
18.6241   133
18.6341   130
18.6441   134
18.6541   139
18.6641   131
18.6741   118
18.6841   127
18.6941   128
18.7041   133
18.7141   125
18.7241   119
18.7341   116
18.7441   131
18.7541   123
18.7641   134
18.7741   144
18.7841   134
18.7941   133
18.8041   122
18.8141   129
18.8241   116
18.8341   129
18.8441   132
18.8541   126
18.8641   124
18.8741   125
18.8841   142
18.8941   119
18.9041   129
18.9141   139
18.9241   125
18.9341   122
18.9441   121
18.9541   109
18.9641   122
18.9741   143
18.9841   146
18.9941   119
19.0041   124
19.0141   135
19.0241   147
19.0341   137
19.0441   140
19.0541   131
19.0641   142
19.0741   153
19.0841   137
19.0941   132
19.1041   126
19.1141   145
19.1241   154
19.1341   140
19.1441   125
19.1541   149
19.1641   118
19.1741   127
19.1841   133
19.1941   114
19.2041   126
19.2141   124
19.2241   131
19.2341   141
19.2441   135
19.2541   136
19.2641   115
19.2741   111
19.2841   128
19.2941   124
19.3041   107
19.3141   117
19.3241   125
19.3341   136
19.3441   133
19.3541   126
19.3641   132
19.3741   137
19.3841   121
19.3941   135
19.4041   135
19.4141   112
19.4241   123
19.4341   116
19.4441   122
19.4541   132
19.4641   136
19.4741   120
19.4841   118
19.4941   130
19.5041   124
19.5141   137
19.5241   150
19.5341   146
19.5441   144
19.5541   140
19.5641   129
19.5741   122
19.5841   128
19.5941   151
19.6041   159
19.6141   133
19.6241   126
19.6341   115
19.6441   133
19.6541   121
19.6641   136
19.6741   144
19.6841   140
19.6941   139
19.7041   137
19.7141   136
19.7241   151
19.7341   134
19.7441   121
19.7541   140
19.7641   143
19.7741   140
19.7841   147
19.7941   123
19.8041   141
19.8141   140
19.8241   132
19.8341   141
19.8441   133
19.8541   150
19.8641   122
19.8741   131
19.8841   146
19.8941   133
19.9041   142
19.9141   128
19.9241   142
19.9341   141
19.9441   139
19.9541   125
19.9641   122
19.9741   133
19.9841   135
19.9941   148
20.0041   145
20.0141   127
20.0241   138
20.0341   121
20.0441   144
20.0541   144
20.0641   145
20.0741   143
20.0841   157
20.0941   143
20.1041   133
20.1141   152
20.1241   131
20.1341   141
20.1441   140
20.1541   143
20.1641   148
20.1741   130
20.1841   147
20.1941   140
20.2041   130
20.2141   124
20.2241   146
20.2341   153
20.2441   141
20.2541   137
20.2641   131
20.2741   138
20.2841   139
20.2941   152
20.3041   156
20.3141   140
20.3241   154
20.3341   145
20.3441   134
20.3541   140
20.3641   129
20.3741   143
20.3841   149
20.3941   138
20.4041   127
20.4141   136
20.4241   155
20.4341   146
20.4441   160
20.4541   126
20.4641   144
20.4741   139
20.4841   148
20.4941   144
20.5041   150
20.5141   139
20.5241   139
20.5341   148
20.5441   146
20.5541   125
20.5641   133
20.5741   121
20.5841   131
20.5941   135
20.6041   143
20.6141   142
20.6241   124
20.6341   137
20.6441   156
20.6541   147
20.6641   131
20.6741   126
20.6841   140
20.6941   146
20.7041   148
20.7141   145
20.7241   156
20.7341   154
20.7441   143
20.7541   143
20.7641   167
20.7741   156
20.7841   131
20.7941   146
20.8041   184
20.8141   141
20.8241   155
20.8341   161
20.8441   155
20.8541   169
20.8641   163
20.8741   154
20.8841   152
20.8941   152
20.9041   152
20.9141   165
20.9241   172
20.9341   164
20.9441   179
20.9541   178
20.9641   180
20.9741   199
20.9841   219
20.9941   198
21.0041   196
21.0141   193
21.0241   205
21.0341   199
21.0441   196
21.0541   201
21.0641   213
21.0741   214
21.0841   223
21.0941   228
21.1041   197
21.1141   230
21.1241   251
21.1341   231
21.1441   214
21.1541   216
21.1641   214
21.1741   201
21.1841   238
21.1941   222
21.2041   195
21.2141   204
21.2241   204
21.2341   209
21.2441   221
21.2541   186
21.2641   179
21.2741   199
21.2841   188
21.2941   171
21.3041   174
21.3141   170
21.3241   152
21.3341   165
21.3441   165
21.3541   167
21.3641   169
21.3741   147
21.3841   145
21.3941   164
21.4041   143
21.4141   151
21.4241   135
21.4341   141
21.4441   146
21.4541   154
21.4641   164
21.4741   140
21.4841   118
21.4941   131
21.5041   121
21.5141   141
21.5241   138
21.5341   142
21.5441   146
21.5541   147
21.5641   127
21.5741   127
21.5841   164
21.5941   134
21.6041   137
21.6141   155
21.6241   130
21.6341   130
21.6441   138
21.6541   138
21.6641   138
21.6741   141
21.6841   140
21.6941   151
21.7041   148
21.7141   145
21.7241   141
21.7341   130
21.7441   141
21.7541   165
21.7641   151
21.7741   136
21.7841   157
21.7941   160
21.8041   147
21.8141   116
21.8241   140
21.8341   157
21.8441   152
21.8541   143
21.8641   143
21.8741   134
21.8841   129
21.8941   128
21.9041   149
21.9141   140
21.9241   143
21.9341   137
21.9441   148
21.9541   152
21.9641   142
21.9741   147
21.9841   149
21.9941   144
22.0041   157
22.0141   154
22.0241   152
22.0341   142
22.0441   137
22.0541   150
22.0641   154
22.0741   145
22.0841   168
22.0941   134
22.1041   138
22.1141   137
22.1241   167
22.1341   158
22.1441   139
22.1541   139
22.1641   127
22.1741   136
22.1841   141
22.1941   142
22.2041   114
22.2141   141
22.2241   143
22.2341   148
22.2441   161
22.2541   164
22.2641   161
22.2741   132
22.2841   143
22.2941   132
22.3041   131
22.3141   137
22.3241   152
22.3341   156
22.3441   158
22.3541   128
22.3641   158
22.3741   135
22.3841   113
22.3941   140
22.4041   132
22.4141   145
22.4241   140
22.4341   145
22.4441   156
22.4541   123
22.4641   135
22.4741   141
22.4841   146
22.4941   146
22.5041   177
22.5141   146
22.5241   136
22.5341   140
22.5441   176
22.5541   131
22.5641   127
22.5741   139
22.5841   143
22.5941   137
22.6041   135
22.6141   137
22.6241   133
22.6341   133
22.6441   164
22.6541   150
22.6641   142
22.6741   142
22.6841   142
22.6941   124
22.7041   160
22.7141   148
22.7241   149
22.7341   148
22.7441   138
22.7541   137
22.7641   144
22.7741   138
22.7841   130
22.7941   140
22.8041   126
22.8141   145
22.8241   159
22.8341   136
22.8441   132
22.8541   135
22.8641   140
22.8741   145
22.8841   148
22.8941   140
22.9041   136
22.9141   146
22.9241   133
22.9341   146
22.9441   144
22.9541   142
22.9641   153
22.9741   136
22.9841   139
22.9941   146
23.0041   153
23.0141   155
23.0241   129
23.0341   133
23.0441   138
23.0541   144
23.0641   161
23.0741   127
23.0841   138
23.0941   135
23.1041   142
23.1141   129
23.1241   139
23.1341   126
23.1441   150
23.1541   160
23.1641   156
23.1741   138
23.1841   164
23.1941   162
23.2041   130
23.2141   115
23.2241   120
23.2341   139
23.2441   127
23.2541   140
23.2641   151
23.2741   137
23.2841   135
23.2941   155
23.3041   148
23.3141   136
23.3241   151
23.3341   175
23.3441   125
23.3541   144
23.3641   137
23.3741   150
23.3841   153
23.3941   122
23.4041   113
23.4141   159
23.4241   149
23.4341   130
23.4441   117
23.4541   141
23.4641   134
23.4741   134
23.4841   144
23.4941   142
23.5041   132
23.5141   143
23.5241   143
23.5341   141
23.5441   137
23.5541   135
23.5641   131
23.5741   128
23.5841   153
23.5941   147
23.6041   153
23.6141   136
23.6241   127
23.6341   135
23.6441   147
23.6541   125
23.6641   136
23.6741   132
23.6841   135
23.6941   148
23.7041   140
23.7141   141
23.7241   141
23.7341   154
23.7441   130
23.7541   135
23.7641   150
23.7741   145
23.7841   151
23.7941   166
23.8041   152
23.8141   151
23.8241   139
23.8341   143
23.8441   157
23.8541   153
23.8641   157
23.8741   135
23.8841   145
23.8941   156
23.9041   161
23.9141   120
23.9241   146
23.9341   152
23.9441   125
23.9541   141
23.9641   124
23.9741   142
23.9841   138
23.9941   135
24.0041   152
24.0141   141
24.0241   147
24.0341   126
24.0441   120
24.0541   136
24.0641   131
24.0741   148
24.0841   128
24.0941   128
24.1041   150
24.1141   137
24.1241   151
24.1341   133
24.1441   124
24.1541   122
24.1641   127
24.1741   150
24.1841   117
24.1941   130
24.2041   142
24.2141   156
24.2241   143
24.2341   135
24.2441   130
24.2541   117
24.2641   143
24.2741   123
24.2841   143
24.2941   136
24.3041   138
24.3141   143
24.3241   150
24.3341   132
24.3441   134
24.3541   129
24.3641   132
24.3741   125
24.3841   118
24.3941   114
24.4041   132
24.4141   141
24.4241   115
24.4341   138
24.4441   127
24.4541   121
24.4641   135
24.4741   125
24.4841   151
24.4941   120
24.5041   118
24.5141   130
24.5241   125
24.5341   138
24.5441   117
24.5541   136
24.5641   139
24.5741   125
24.5841   124
24.5941   149
24.6041   132
24.6141   133
24.6241   134
24.6341   133
24.6441   148
24.6541   125
24.6641   130
24.6741   113
24.6841   134
24.6941   134
24.7041   125
24.7141   147
24.7241   131
24.7341   122
24.7441   136
24.7541   132
24.7641   115
24.7741   145
24.7841   147
24.7941   136
24.8041   120
24.8141   116
24.8241   133
24.8341   126
24.8441   125
24.8541   112
24.8641   140
24.8741   152
24.8841   140
24.8941   114
24.9041   119
24.9141   117
24.9241   125
24.9341   121
24.9441   130
24.9541   146
24.9641   126
24.9741   140
24.9841   145
24.9941   144
25.0041   121
25.0141   119
25.0241   119
25.0341   139
25.0441   111
25.0541   145
25.0641   127
25.0741   139
25.0841    99
25.0941   114
25.1041   120
25.1141   138
25.1241   143
25.1341   112
25.1441   125
25.1541   142
25.1641   122
25.1741   132
25.1841   143
25.1941   126
25.2041   128
25.2141   118
25.2241   134
25.2341   132
25.2441   142
25.2541   129
25.2641   135
25.2741   126
25.2841   133
25.2941   123
25.3041   144
25.3141   129
25.3241   126
25.3341   115
25.3441   127
25.3541   139
25.3641   117
25.3741   121
25.3841   118
25.3941   112
25.4041   138
25.4141   121
25.4241   133
25.4341   123
25.4441   122
25.4541   103
25.4641   122
25.4741   124
25.4841   115
25.4941   122
25.5041   131
25.5141   108
25.5241   113
25.5341   108
25.5441   115
25.5541   116
25.5641   123
25.5741   107
25.5841   103
25.5941   117
25.6041   109
25.6141   112
25.6241   114
25.6341   124
25.6441   119
25.6541   114
25.6641   122
25.6741   127
25.6841   112
25.6941   107
25.7041   112
25.7141   111
25.7241    88
25.7341   114
25.7441   117
25.7541   103
25.7641   132
25.7741   117
25.7841   105
25.7941   109
25.8041   122
25.8141   124
25.8241   124
25.8341   113
25.8441   111
25.8541   120
25.8641   115
25.8741   110
25.8841   106
25.8941   112
25.9041   117
25.9141   124
25.9241   122
25.9341   121
25.9441   104
25.9541   116
25.9641   108
25.9741   107
25.9841   124
25.9941   105
26.0041   104
26.0141   116
26.0241   121
26.0341   111
26.0441   130
26.0541   112
26.0641   125
26.0741   124
26.0841   118
26.0941   103
26.1041   113
26.1141   101
26.1241   113
26.1341   130
26.1441   113
26.1541    96
26.1641   131
26.1741   118
26.1841   107
26.1941   125
26.2041   127
26.2141   100
26.2241   106
26.2341   106
26.2441   110
26.2541   112
26.2641   124
26.2741   107
26.2841   124
26.2941   114
26.3041   120
26.3141   115
26.3241    97
26.3341   113
26.3441   108
26.3541   142
26.3641   120
26.3741   104
26.3841   104
26.3941   107
26.4041   113
26.4141   123
26.4241   113
26.4341   106
26.4441   108
26.4541   107
26.4641   108
26.4741    97
26.4841   116
26.4941   105
26.5041   115
26.5141    96
26.5241   110
26.5341   116
26.5441   120
26.5541   107
26.5641   114
26.5741   104
26.5841   103
26.5941   117
26.6041   111
26.6141   106
26.6241   113
26.6341   114
26.6441   110
26.6541   109
26.6641   107
26.6741   116
26.6841   106
26.6941    94
26.7041    91
26.7141    98
26.7241   106
26.7341   100
26.7441   100
26.7541    94
26.7641   118
26.7741   114
26.7841   110
26.7941   136
26.8041    97
26.8141   118
26.8241   128
26.8341   102
26.8441    83
26.8541   107
26.8641   118
26.8741    96
26.8841    97
26.8941   116
26.9041   111
26.9141    98
26.9241   107
26.9341   117
26.9441   110
26.9541    98
26.9641   115
26.9741   110
26.9841    97
26.9941   122
27.0041   109
27.0141    99
27.0241    97
27.0341    83
27.0441    96
27.0541   101
27.0641   105
27.0741   112
27.0841   102
27.0941   100
27.1041   109
27.1141   129
27.1241   100
27.1341   106
27.1441   105
27.1541   109
27.1641   108
27.1741   113
27.1841   101
27.1941   114
27.2041   114
27.2141    99
27.2241   106
27.2341   103
27.2441    90
27.2541    92
27.2641   118
27.2741   128
27.2841   110
27.2941    99
27.3041    96
27.3141   114
27.3241    93
27.3341    89
27.3441   103
27.3541   103
27.3641    84
27.3741   117
27.3841   113
27.3941   100
27.4041    92
27.4141    98
27.4241   109
27.4341   106
27.4441    93
27.4541   116
27.4641    98
27.4741    83
27.4841    95
27.4941   112
27.5041   107
27.5141    95
27.5241    99
27.5341    98
27.5441    98
27.5541   102
27.5641    96
27.5741   102
27.5841    89
27.5941   101
27.6041    95
27.6141    94
27.6241   104
27.6341    95
27.6441   101
27.6541    99
27.6641    87
27.6741    93
27.6841   108
27.6941    88
27.7041   100
27.7141    97
27.7241    94
27.7341   106
27.7441   111
27.7541    93
27.7641    82
27.7741    93
27.7841    79
27.7941    88
27.8041   101
27.8141    83
27.8241   111
27.8341    93
27.8441    96
27.8541    99
27.8641    88
27.8741    92
27.8841   102
27.8941    95
27.9041    88
27.9141    89
27.9241    82
27.9341    85
27.9441    89
27.9541    85
27.9641    93
27.9741    80
27.9841   105
27.9941    87
28.0041    88
28.0141    79
28.0241    80
28.0341    90
28.0441    81
28.0541    89
28.0641   102
28.0741    96
28.0841    98
28.0941   101
28.1041    81
28.1141    79
28.1241    78
28.1341    83
28.1441    81
28.1541    87
28.1641    97
28.1741    77
28.1841    80
28.1941    75
28.2041    88
28.2141    81
28.2241    97
28.2341    94
28.2441    85
28.2541    98
28.2641    95
28.2741    82
28.2841    80
28.2941    92
28.3041    88
28.3141    95
28.3241    85
28.3341    96
28.3441    85
28.3541    96
28.3641   102
28.3741    90
28.3841    96
28.3941    79
28.4041    86
28.4141    95
28.4241    88
28.4341    75
28.4441    90
28.4541    95
28.4641   101
28.4741    94
28.4841    99
28.4941    97
28.5041    80
28.5141    87
28.5241    83
28.5341    89
28.5441    89
28.5541    88
28.5641    97
28.5741    94
28.5841    88
28.5941    78
28.6041    87
28.6141    75
28.6241    91
28.6341    95
28.6441    94
28.6541    81
28.6641    86
28.6741    96
28.6841    83
28.6941    80
28.7041    80
28.7141    81
28.7241    71
28.7341    80
28.7441    72
28.7541    94
28.7641    86
28.7741    92
28.7841    89
28.7941    83
28.8041    91
28.8141    80
28.8241    89
28.8341    77
28.8441    81
28.8541    78
28.8641    73
28.8741    92
28.8841    82
28.8941    87
28.9041    82
28.9141    83
28.9241    82
28.9341    78
28.9441    93
28.9541    80
28.9641    78
28.9741    83
28.9841    90
28.9941    99
29.0041    99
29.0141    89
29.0241    93
29.0341    74
29.0441    81
29.0541    82
29.0641    83
29.0741    74
29.0841    71
29.0941    85
29.1041    81
29.1141    87
29.1241    75
29.1341    72
29.1441    83
29.1541    78
29.1641    94
29.1741    89
29.1841    72
29.1941    92
29.2041    88
29.2141    75
29.2241    76
29.2341    87
29.2441    78
29.2541    68
29.2641    72
29.2741    81
29.2841    71
29.2941    88
29.3041    82
29.3141    74
29.3241    73
29.3341    77
29.3441    84
29.3541    83
29.3641    84
29.3741    81
29.3841    75
29.3941    86
29.4041    72
29.4141    76
29.4241    67
29.4341    75
29.4441    63
29.4541    77
29.4641    89
29.4741    84
29.4841    79
29.4941    83
29.5041    78
29.5141    76
29.5241    77
29.5341    79
29.5441    70
29.5541    75
29.5641    61
29.5741    64
29.5841    67
29.5941    82
29.6041    90
29.6141    77
29.6241    77
29.6341    81
29.6441    91
29.6541    75
29.6641    72
29.6741    83
29.6841    78
29.6941    82
29.7041    74
29.7141    75
29.7241    75
29.7341    66
29.7441    78
29.7541    73
29.7641    67
29.7741    77
29.7841    75
29.7941    83
29.8041    85
29.8141    63
29.8241    71
29.8341    46
29.8441    75
29.8541    62
29.8641    60
29.8741    75
29.8841    65
29.8941    72
29.9041    78
29.9141    76
29.9241    74
29.9341    86
29.9441    73
29.9541    67
29.9641    71
29.9741    72
29.9841    78
29.9941    71
30.0041    67
30.0141    57
30.0241    72
30.0341    70
30.0441    67
30.0541    73
30.0641    72
30.0741    67
30.0841    71
30.0941    58
30.1041    65
30.1141    69
30.1241    78
30.1341    74
30.1441    89
30.1541    79
30.1641    73
30.1741    73
30.1841    66
30.1941    70
30.2041    58
30.2141    72
30.2241    66
30.2341    66
30.2441    76
30.2541    63
30.2641    65
30.2741    69
30.2841    70
30.2941    68
30.3041    71
30.3141    71
30.3241    57
30.3341    66
30.3441    68
30.3541    67
30.3641    72
30.3741    78
30.3841    54
30.3941    51
30.4041    56
30.4141    70
30.4241    63
30.4341    77
30.4441    67
30.4541    74
30.4641    62
30.4741    71
30.4841    63
30.4941    71
30.5041    62
30.5141    70
30.5241    65
30.5341    66
30.5441    65
30.5541    81
30.5641    72
30.5741    67
30.5841    64
30.5941    70
30.6041    59
30.6141    55
30.6241    62
30.6341    82
30.6441    70
30.6541    60
30.6641    48
30.6741    67
30.6841    63
30.6941    75
30.7041    70
30.7141    61
30.7241    74
30.7341    51
30.7441    54
30.7541    69
30.7641    67
30.7741    56
30.7841    58
30.7941    58
30.8041    63
30.8141    70
30.8241    69
30.8341    72
30.8441    59
30.8541    66
30.8641    57
30.8741    56
30.8841    71
30.8941    59
30.9041    67
30.9141    70
30.9241    66
30.9341    65
30.9441    47
30.9541    63
30.9641    80
30.9741    59
30.9841    59
30.9941    54
31.0041    64
31.0141    55
31.0241    61
31.0341    63
31.0441    66
31.0541    47
31.0641    70
31.0741    66
31.0841    55
31.0941    62
31.1041    65
31.1141    69
31.1241    52
31.1341    58
31.1441    65
31.1541    52
31.1641    46
31.1741    55
31.1841    60
31.1941    56
31.2041    65
31.2141    52
31.2241    53
31.2341    65
31.2441    64
31.2541    61
31.2641    57
31.2741    65
31.2841    71
31.2941    61
31.3041    69
31.3141    62
31.3241    59
31.3341    64
31.3441    51
31.3541    62
31.3641    74
31.3741    57
31.3841    48
31.3941    56
31.4041    52
31.4141    41
31.4241    61
31.4341    57
31.4441    47
31.4541    46
31.4641    63
31.4741    63
31.4841    62
31.4941    56
31.5041    63
31.5141    61
31.5241    59
31.5341    57
31.5441    49
31.5541    56
31.5641    54
31.5741    58
31.5841    53
31.5941    50
31.6041    73
31.6141    54
31.6241    56
31.6341    56
31.6441    62
31.6541    52
31.6641    53
31.6741    53
31.6841    49
31.6941    55
31.7041    48
31.7141    48
31.7241    58
31.7341    52
31.7441    54
31.7541    58
31.7641    48
31.7741    48
31.7841    58
31.7941    63
31.8041    49
31.8141    52
31.8241    55
31.8341    59
31.8441    50
31.8541    59
31.8641    65
31.8741    60
31.8841    66
31.8941    52
31.9041    54
31.9141    55
31.9241    49
31.9341    53
31.9441    49
31.9541    52
31.9641    61
31.9741    47
31.9841    52
31.9941    63
32.0041    59
32.0141    56
32.0241    53
32.0341    52
32.0441    53
32.0541    47
32.0641    42
32.0741    53
32.0841    66
32.0941    59
32.1041    44
32.1141    59
32.1241    66
32.1341    55
32.1441    57
32.1541    61
32.1641    43
32.1741    50
32.1841    52
32.1941    52
32.2041    67
32.2141    49
32.2241    47
32.2341    54
32.2441    51
32.2541    45
32.2641    59
32.2741    49
32.2841    58
32.2941    45
32.3041    52
32.3141    56
32.3241    55
32.3341    44
32.3441    58
32.3541    49
32.3641    58
32.3741    44
32.3841    34
32.3941    52
32.4041    47
32.4141    58
32.4241    58
32.4341    34
32.4441    46
32.4541    60
32.4641    45
32.4741    46
32.4841    43
32.4941    57
32.5041    60
32.5141    52
32.5241    57
32.5341    43
32.5441    55
32.5541    47
32.5641    45
32.5741    42
32.5841    43
32.5941    44
32.6041    58
32.6141    39
32.6241    53
32.6341    52
32.6441    58
32.6541    56
32.6641    51
32.6741    45
32.6841    33
32.6941    42
32.7041    49
32.7141    53
32.7241    47
32.7341    42
32.7441    54
32.7541    41
32.7641    32
32.7741    45
32.7841    51
32.7941    57
32.8041    38
32.8141    49
32.8241    58
32.8341    43
32.8441    59
32.8541    46
32.8641    50
32.8741    48
32.8841    39
32.8941    39
32.9041    41
32.9141    46
32.9241    54
32.9341    44
32.9441    49
32.9541    51
32.9641    40
32.9741    57
32.9841    49
32.9941    42
33.0041    47
33.0141    34
33.0241    35
33.0341    59
33.0441    44
33.0541    54
33.0641    46
33.0741    41
33.0841    39
33.0941    38
33.1041    42
33.1141    36
33.1241    34
33.1341    36
33.1441    46
33.1541    50
33.1641    51
33.1741    41
33.1841    47
33.1941    44
33.2041    45
33.2141    40
33.2241    43
33.2341    37
33.2441    44
33.2541    49
33.2641    48
33.2741    53
33.2841    32
33.2941    43
33.3041    53
33.3141    49
33.3241    39
33.3341    44
33.3441    47
33.3541    52
33.3641    34
33.3741    52
33.3841    43
33.3941    42
33.4041    32
33.4141    46
33.4241    57
33.4341    45
33.4441    44
33.4541    47
33.4641    28
33.4741    34
33.4841    41
33.4941    39
33.5041    41
33.5141    37
33.5241    45
33.5341    34
33.5441    43
33.5541    31
33.5641    44
33.5741    45
33.5841    47
33.5941    39
33.6041    33
33.6141    38
33.6241    45
33.6341    47
33.6441    44
33.6541    45
33.6641    26
33.6741    32
33.6841    46
33.6941    36
33.7041    43
33.7141    45
33.7241    45
33.7341    23
33.7441    27
33.7541    26
33.7641    43
33.7741    49
33.7841    33
33.7941    32
33.8041    34
33.8141    37
33.8241    43
33.8341    36
33.8441    35
33.8541    35
33.8641    30
33.8741    40
33.8841    31
33.8941    40
33.9041    41
33.9141    40
33.9241    47
33.9341    33
33.9441    32
33.9541    32
33.9641    32
33.9741    40
33.9841    32
33.9941    34
34.0041    30
34.0141    38
34.0241    36
34.0341    41
34.0441    34
34.0541    43
34.0641    36
34.0741    35
34.0841    40
34.0941    33
34.1041    47
34.1141    38
34.1241    30
34.1341    45
34.1441    38
34.1541    49
34.1641    38
34.1741    37
34.1841    43
34.1941    34
34.2041    49
34.2141    35
34.2241    33
34.2341    26
34.2441    37
34.2541    29
34.2641    29
34.2741    40
34.2841    28
34.2941    36
34.3041    36
34.3141    32
34.3241    39
34.3341    31
34.3441    21
34.3541    29
34.3641    37
34.3741    28
34.3841    32
34.3941    51
34.4041    41
34.4141    31
34.4241    28
34.4341    37
34.4441    30
34.4541    32
34.4641    37
34.4741    30
34.4841    42
34.4941    33
34.5041    34
34.5141    33
34.5241    31
34.5341    38
34.5441    31
34.5541    29
34.5641    25
34.5741    32
34.5841    32
34.5941    33
34.6041    32
34.6141    43
34.6241    31
34.6341    28
34.6441    31
34.6541    32
34.6641    42
34.6741    42
34.6841    30
34.6941    38
34.7041    38
34.7141    30
34.7241    35
34.7341    39
34.7441    37
34.7541    29
34.7641    32
34.7741    29
34.7841    28
34.7941    39
34.8041    25
34.8141    30
34.8241    30
34.8341    24
34.8441    26
34.8541    27
34.8641    33
34.8741    35
34.8841    35
34.8941    26
34.9041    33
34.9141    23
34.9241    26
34.9341    31
34.9441    31
34.9541    29
34.9641    30
34.9741    26
34.9841    27
34.9941    27
35.0041    39
35.0141    25
35.0241    25
35.0341    31
35.0441    20
35.0541    27
35.0641    32
35.0741    33
35.0841    29
35.0941    36
35.1041    33
35.1141    31
35.1241    32
35.1341    25
35.1441    28
35.1541    33
35.1641    33
35.1741    26
35.1841    27
35.1941    33
35.2041    28
35.2141    28
35.2241    29
35.2341    31
35.2441    27
35.2541    25
35.2641    25
35.2741    21
35.2841    27
35.2941    30
35.3041    28
35.3141    27
35.3241    28
35.3341    32
35.3441    39
35.3541    31
35.3641    27
35.3741    28
35.3841    27
35.3941    34
35.4041    25
35.4141    21
35.4241    26
35.4341    25
35.4441    26
35.4541    23
35.4641    32
35.4741    30
35.4841    31
35.4941    25
35.5041    38
35.5141    23
35.5241    24
35.5341    25
35.5441    31
35.5541    26
35.5641    24
35.5741    26
35.5841    31
35.5941    24
35.6041    26
35.6141    29
35.6241    32
35.6341    16
35.6441    30
35.6541    29
35.6641    24
35.6741    26
35.6841    30
35.6941    28
35.7041    28
35.7141    25
35.7241    32
35.7341    16
35.7441    26
35.7541    32
35.7641    27
35.7741    18
35.7841    28
35.7941    34
35.8041    25
35.8141    30
35.8241    37
35.8341    21
35.8441    25
35.8541    28
35.8641    30
35.8741    28
35.8841    24
35.8941    24
35.9041    24
35.9141    23
35.9241    23
35.9341    22
35.9441    18
35.9541    19
35.9641    24
35.9741    30
35.9841    27
35.9941    20
36.0041    22
36.0141    23
36.0241    19
36.0341    24
36.0441    19
36.0541    34
36.0641    22
36.0741    22
36.0841    23
36.0941    24
36.1041    19
36.1141    26
36.1241    20
36.1341    23
36.1441    24
36.1541    24
36.1641    23
36.1741    22
36.1841    19
36.1941    29
36.2041    16
36.2141    14
36.2241    20
36.2341    21
36.2441    25
36.2541    22
36.2641    17
36.2741    20
36.2841    20
36.2941    22
36.3041    29
36.3141    17
36.3241    19
36.3341    23
36.3441    33
36.3541    21
36.3641    16
36.3741    26
36.3841    28
36.3941    18
36.4041    25
36.4141    27
36.4241    25
36.4341    25
36.4441    27
36.4541    21
36.4641    18
36.4741    27
36.4841    20
36.4941    21
36.5041    28
36.5141    27
36.5241    27
36.5341    25
36.5441    26
36.5541    19
36.5641    26
36.5741    19
36.5841    19
36.5941    14
36.6041    17
36.6141    25
36.6241    35
36.6341    23
36.6441    20
36.6541    28
36.6641    15
36.6741    31
36.6841    29
36.6941    23
36.7041    22
36.7141    22
36.7241    22
36.7341    19
36.7441    20
36.7541    18
36.7641    21
36.7741    21
36.7841    15
36.7941    16
36.8041    24
36.8141    26
36.8241    19
36.8341    14
36.8441    19
36.8541     9
36.8641     9
36.8741    17
36.8841    20
36.8941    15
36.9041    19
36.9141    24
36.9241    15
36.9341    23
36.9441    16
36.9541    21
36.9641    18
36.9741    18
36.9841    19
36.9941    15
37.0041    25
37.0141    23
37.0241    24
37.0341    13
37.0441    17
37.0541    20
37.0641    21
37.0741    30
37.0841    23
37.0941    17
37.1041    14
37.1141    21
37.1241    21
37.1341    22
37.1441    11
37.1541    16
37.1641    18
37.1741    20
37.1841    19
37.1941    21
37.2041    14
37.2141    13
37.2241    16
37.2341    21
37.2441    18
37.2541    17
37.2641    13
37.2741    12
37.2841    13
37.2941    11
37.3041    18
37.3141    15
37.3241    15
37.3341    19
37.3441    16
37.3541    17
37.3641    22
37.3741    16
37.3841    19
37.3941    21
37.4041    19
37.4141    16
37.4241    16
37.4341    23
37.4441    20
37.4541    17
37.4641    16
37.4741    11
37.4841    16
37.4941    24
37.5041    24
37.5141    22
37.5241    17
37.5341    23
37.5441    14
37.5541    19
37.5641    11
37.5741    13
37.5841    21
37.5941    18
37.6041    13
37.6141    14
37.6241    20
37.6341    20
37.6441    19
37.6541    21
37.6641    15
37.6741    22
37.6841    13
37.6941    13
37.7041    15
37.7141    18
37.7241    10
37.7341    11
37.7441    13
37.7541    13
37.7641    14
37.7741    16
37.7841    18
37.7941    24
37.8041    12
37.8141    11
37.8241    15
37.8341    21
37.8441    18
37.8541    11
37.8641    17
37.8741    12
37.8841    17
37.8941    17
37.9041    15
37.9141    13
37.9241    15
37.9341    22
37.9441    19
37.9541    14
37.9641    16
37.9741    15
37.9841    10
37.9941    17
38.0041    13
38.0141    14
38.0241    15
38.0341    12
38.0441    22
38.0541    15
38.0641    15
38.0741    14
38.0841    13
38.0941    15
38.1041    13
38.1141    20
38.1241    20
38.1341    14
38.1441    14
38.1541    10
38.1641    17
38.1741    16
38.1841    16
38.1941    18
38.2041    14
38.2141    14
38.2241    12
38.2341    15
38.2441    16
38.2541    17
38.2641    11
38.2741    12
38.2841    14
38.2941    11
38.3041     6
38.3141    14
38.3241    13
38.3341    11
38.3441    10
38.3541    14
38.3641     9
38.3741    21
38.3841    18
38.3941    15
38.4041    16
38.4141    13
38.4241    19
38.4341    12
38.4441    16
38.4541    15
38.4641    14
38.4741    10
38.4841    13
38.4941    12
38.5041    17
38.5141    13
38.5241    12
38.5341    10
38.5441    19
38.5541    11
38.5641    13
38.5741    13
38.5841    20
38.5941    12
38.6041    13
38.6141    16
38.6241    14
38.6341     6
38.6441     8
38.6541    22
38.6641    10
38.6741    20
38.6841    14
38.6941    13
38.7041    12
38.7141    11
38.7241    13
38.7341    15
38.7441    12
38.7541    14
38.7641    14
38.7741     8
38.7841    12
38.7941    12
38.8041    16
38.8141     8
38.8241    14
38.8341     8
38.8441    11
38.8541    11
38.8641     7
38.8741    12
38.8841    12
38.8941    14
38.9041    11
38.9141     6
38.9241     9
38.9341    15
38.9441    13
38.9541    11
38.9641    10
38.9741    11
38.9841    15
38.9941    13
39.0041    15
39.0141    20
39.0241    13
39.0341    15
39.0441     8
39.0541     5
39.0641     7
39.0741     8
39.0841    14
39.0941     8
39.1041    10
39.1141     8
39.1241    15
39.1341    16
39.1441     4
39.1541     7
39.1641     6
39.1741     9
39.1841    10
39.1941     7
39.2041    12
39.2141     8
39.2241    10
39.2341    12
39.2441    15
39.2541    13
39.2641    10
39.2741     6
39.2841    11
39.2941    12
39.3041     7
39.3141    10
39.3241    10
39.3341     7
39.3441     4
39.3541     7
39.3641    12
39.3741     7
39.3841     6
39.3941     9
39.4041    14
39.4141     8
39.4241     4
39.4341     8
39.4441     5
39.4541     5
39.4641    14
39.4741     8
39.4841    11
39.4941     9
39.5041     8
39.5141    11
39.5241     8
39.5341     9
39.5441    11
39.5541    14
39.5641    12
39.5741     6
39.5841     8
39.5941    12
39.6041     7
39.6141    12
39.6241     8
39.6341    11
39.6441     8
39.6541    11
39.6641    10
39.6741    14
39.6841    10
39.6941     5
39.7041     8
39.7141     8
39.7241     9
39.7341     6
39.7441    16
39.7541     7
39.7641     9
39.7741     4
39.7841     6
39.7941     9
39.8041    12
39.8141     9
39.8241    12
39.8341    11
39.8441    12
39.8541     8
39.8641     4
39.8741     5
39.8841    10
39.8941     5
39.9041    10
39.9141     5
39.9241     8
39.9341     6
39.9441     6
39.9541     6
39.9641     8
39.9741     9
39.9841     6
