Bruker Nano GmbH Berlin, Germany
Esprit 1.9

Date: 4/21/2021 1:46:44 PM
Real time: 12425
Life time: 11420
Pulse density: 126267


Detector type: XFlash 430
Window type: Custom type
Detector thickness: 0.45
Si dead layer:0.029

Calibration, lin.: 10
Calibration, abs.: -955.9
Mn FWHM: 137.05
Fano factor: 0.121
Channels: 4095

Energy Counts
-0.9559     0
-0.9459     0
-0.9359     0
-0.9259     0
-0.9159     0
-0.9059     0
-0.8959     0
-0.8859     0
-0.8759     0
-0.8659     0
-0.8559     0
-0.8459     0
-0.8359     0
-0.8259     0
-0.8159     0
-0.8059     0
-0.7959     0
-0.7859     0
-0.7759     0
-0.7659     0
-0.7559     0
-0.7459     0
-0.7359     0
-0.7259     0
-0.7159     0
-0.7059     0
-0.6959     0
-0.6859     0
-0.6759     0
-0.6659     0
-0.6559     0
-0.6459     0
-0.6359     0
-0.6259     0
-0.6159     0
-0.6059     0
-0.5959     0
-0.5859     0
-0.5759     0
-0.5659     0
-0.5559     0
-0.5459     0
-0.5359     0
-0.5259     0
-0.5159     0
-0.5059     0
-0.4959     0
-0.4859     0
-0.4759     0
-0.4659     0
-0.4559     0
-0.4459     0
-0.4359     0
-0.4259     0
-0.4159     0
-0.4059     0
-0.3959     0
-0.3859     0
-0.3759     0
-0.3659     0
-0.3559     0
-0.3459     0
-0.3359     0
-0.3259     0
-0.3159     0
-0.3059     0
-0.2959     0
-0.2859     0
-0.2759     0
-0.2659     0
-0.2559     0
-0.2459     0
-0.2359     0
-0.2259     0
-0.2159     0
-0.2059     0
-0.1959     0
-0.1859     0
-0.1759     0
-0.1659     0
-0.1559     0
-0.1459     0
-0.1359     0
-0.1259     0
-0.1159     0
-0.1059     7
-0.0959    41
-0.0859   114
-0.0759   446
-0.0659  1343
-0.0559  3306
-0.0459  7444
-0.0359 13490
-0.0259 21639
-0.0159 29665
-0.0059 34743
 0.0041 35226
 0.0141 30328
 0.0241 22610
 0.0341 14226
 0.0441  7770
 0.0541  3535
 0.0641  1563
 0.0741   508
 0.0841   142
 0.0941    59
 0.1041     8
 0.1141     8
 0.1241     9
 0.1341     2
 0.1441     7
 0.1541     5
 0.1641     1
 0.1741    13
 0.1841   101
 0.1941   197
 0.2041   177
 0.2141   145
 0.2241   143
 0.2341   174
 0.2441   163
 0.2541   156
 0.2641   148
 0.2741   154
 0.2841   152
 0.2941   150
 0.3041   159
 0.3141   138
 0.3241   156
 0.3341   144
 0.3441   141
 0.3541   135
 0.3641   135
 0.3741   146
 0.3841   170
 0.3941   162
 0.4041   146
 0.4141   153
 0.4241   157
 0.4341   149
 0.4441   143
 0.4541   149
 0.4641   147
 0.4741   147
 0.4841   123
 0.4941   135
 0.5041   130
 0.5141   127
 0.5241   127
 0.5341   141
 0.5441   148
 0.5541   135
 0.5641   135
 0.5741   139
 0.5841   130
 0.5941   129
 0.6041   124
 0.6141   124
 0.6241   127
 0.6341   117
 0.6441   111
 0.6541   137
 0.6641   135
 0.6741   114
 0.6841   117
 0.6941   118
 0.7041   116
 0.7141   111
 0.7241    92
 0.7341   100
 0.7441   113
 0.7541   112
 0.7641   115
 0.7741   126
 0.7841   116
 0.7941   115
 0.8041   110
 0.8141   114
 0.8241   119
 0.8341   117
 0.8441   108
 0.8541   105
 0.8641   115
 0.8741   103
 0.8841   107
 0.8941   112
 0.9041   103
 0.9141   100
 0.9241   130
 0.9341   111
 0.9441    97
 0.9541   103
 0.9641   113
 0.9741   104
 0.9841   103
 0.9941    98
 1.0041   102
 1.0141   112
 1.0241    88
 1.0341    88
 1.0441   103
 1.0541   111
 1.0641   106
 1.0741   105
 1.0841   121
 1.0941   117
 1.1041   112
 1.1141   104
 1.1241   102
 1.1341   101
 1.1441    90
 1.1541    94
 1.1641    95
 1.1741    94
 1.1841   116
 1.1941   117
 1.2041    97
 1.2141    92
 1.2241    94
 1.2341   102
 1.2441   100
 1.2541   100
 1.2641    86
 1.2741   106
 1.2841   101
 1.2941   108
 1.3041   105
 1.3141   100
 1.3241    95
 1.3341    90
 1.3441    88
 1.3541   114
 1.3641   114
 1.3741    83
 1.3841    95
 1.3941    89
 1.4041    86
 1.4141    89
 1.4241    99
 1.4341   108
 1.4441   101
 1.4541    92
 1.4641    98
 1.4741    86
 1.4841    99
 1.4941   121
 1.5041   110
 1.5141    97
 1.5241    95
 1.5341    92
 1.5441    97
 1.5541    81
 1.5641    92
 1.5741    94
 1.5841    83
 1.5941    89
 1.6041    79
 1.6141    99
 1.6241   113
 1.6341   110
 1.6441   108
 1.6541    97
 1.6641   138
 1.6741   184
 1.6841   219
 1.6941   262
 1.7041   337
 1.7141   390
 1.7241   413
 1.7341   465
 1.7441   465
 1.7541   443
 1.7641   419
 1.7741   348
 1.7841   290
 1.7941   227
 1.8041   198
 1.8141   156
 1.8241   135
 1.8341   146
 1.8441   136
 1.8541   108
 1.8641    99
 1.8741    99
 1.8841   106
 1.8941    93
 1.9041    98
 1.9141    83
 1.9241    96
 1.9341   103
 1.9441   124
 1.9541   107
 1.9641   109
 1.9741   133
 1.9841   117
 1.9941   100
 2.0041   135
 2.0141   124
 2.0241   137
 2.0341   118
 2.0441   109
 2.0541   115
 2.0641   113
 2.0741   101
 2.0841    98
 2.0941    89
 2.1041    90
 2.1141    75
 2.1241    79
 2.1341   107
 2.1441    92
 2.1541    86
 2.1641    93
 2.1741    83
 2.1841    89
 2.1941    95
 2.2041    96
 2.2141    76
 2.2241    86
 2.2341    79
 2.2441    83
 2.2541    88
 2.2641    91
 2.2741    76
 2.2841    79
 2.2941    99
 2.3041    94
 2.3141    68
 2.3241    75
 2.3341    85
 2.3441    94
 2.3541    59
 2.3641    89
 2.3741    86
 2.3841    82
 2.3941    90
 2.4041    62
 2.4141    83
 2.4241    96
 2.4341    85
 2.4441    97
 2.4541    87
 2.4641    74
 2.4741    78
 2.4841    67
 2.4941    75
 2.5041    52
 2.5141    78
 2.5241    85
 2.5341    74
 2.5441    70
 2.5541    81
 2.5641    74
 2.5741    81
 2.5841    69
 2.5941    69
 2.6041    60
 2.6141    72
 2.6241    77
 2.6341    61
 2.6441    74
 2.6541    77
 2.6641    68
 2.6741    66
 2.6841    67
 2.6941    86
 2.7041    69
 2.7141    51
 2.7241    72
 2.7341    74
 2.7441    81
 2.7541    76
 2.7641    75
 2.7741    77
 2.7841    75
 2.7941    70
 2.8041    72
 2.8141    85
 2.8241    70
 2.8341    80
 2.8441    84
 2.8541    66
 2.8641    81
 2.8741    79
 2.8841    73
 2.8941    78
 2.9041    73
 2.9141    72
 2.9241    82
 2.9341    68
 2.9441    66
 2.9541    77
 2.9641    72
 2.9741    56
 2.9841    88
 2.9941    64
 3.0041    79
 3.0141    74
 3.0241    88
 3.0341    76
 3.0441    62
 3.0541    58
 3.0641    80
 3.0741    64
 3.0841    62
 3.0941    54
 3.1041    63
 3.1141    68
 3.1241    59
 3.1341    55
 3.1441    66
 3.1541    46
 3.1641    63
 3.1741    57
 3.1841    65
 3.1941    63
 3.2041    53
 3.2141    66
 3.2241    74
 3.2341    82
 3.2441    60
 3.2541    76
 3.2641    89
 3.2741    96
 3.2841    98
 3.2941   104
 3.3041   107
 3.3141   113
 3.3241   116
 3.3341   108
 3.3441    99
 3.3541    77
 3.3641    84
 3.3741    71
 3.3841    69
 3.3941    64
 3.4041    66
 3.4141    73
 3.4241    58
 3.4341    68
 3.4441    63
 3.4541    45
 3.4641    57
 3.4741    41
 3.4841    53
 3.4941    54
 3.5041    70
 3.5141    68
 3.5241    75
 3.5341    84
 3.5441    83
 3.5541    86
 3.5641   122
 3.5741   142
 3.5841   179
 3.5941   216
 3.6041   291
 3.6141   389
 3.6241   462
 3.6341   621
 3.6441   815
 3.6541   879
 3.6641   985
 3.6741  1070
 3.6841  1098
 3.6941  1097
 3.7041  1099
 3.7141  1061
 3.7241   866
 3.7341   758
 3.7441   636
 3.7541   463
 3.7641   379
 3.7741   298
 3.7841   217
 3.7941   159
 3.8041   140
 3.8141    89
 3.8241    83
 3.8341    69
 3.8441    53
 3.8541    52
 3.8641    66
 3.8741    44
 3.8841    61
 3.8941    76
 3.9041    59
 3.9141    60
 3.9241    91
 3.9341   100
 3.9441   132
 3.9541   137
 3.9641   140
 3.9741   183
 3.9841   196
 3.9941   229
 4.0041   236
 4.0141   219
 4.0241   230
 4.0341   204
 4.0441   178
 4.0541   176
 4.0641   154
 4.0741   155
 4.0841   106
 4.0941    98
 4.1041    83
 4.1141    82
 4.1241    77
 4.1341    63
 4.1441    48
 4.1541    62
 4.1641    63
 4.1741    46
 4.1841    56
 4.1941    43
 4.2041    55
 4.2141    43
 4.2241    40
 4.2341    40
 4.2441    40
 4.2541    48
 4.2641    55
 4.2741    28
 4.2841    47
 4.2941    47
 4.3041    29
 4.3141    40
 4.3241    46
 4.3341    58
 4.3441    59
 4.3541    59
 4.3641    59
 4.3741    82
 4.3841    93
 4.3941   107
 4.4041   177
 4.4141   203
 4.4241   268
 4.4341   357
 4.4441   466
 4.4541   524
 4.4641   597
 4.4741   655
 4.4841   739
 4.4941   818
 4.5041   801
 4.5141   808
 4.5241   815
 4.5341   746
 4.5441   679
 4.5541   555
 4.5641   481
 4.5741   408
 4.5841   333
 4.5941   247
 4.6041   219
 4.6141   171
 4.6241   125
 4.6341    76
 4.6441    65
 4.6541    80
 4.6641    64
 4.6741    74
 4.6841    31
 4.6941    74
 4.7041    81
 4.7141    70
 4.7241    56
 4.7341    66
 4.7441    52
 4.7541    51
 4.7641    59
 4.7741    84
 4.7841    71
 4.7941    79
 4.8041    79
 4.8141    92
 4.8241    92
 4.8341    99
 4.8441   109
 4.8541   132
 4.8641   133
 4.8741   161
 4.8841   173
 4.8941   187
 4.9041   203
 4.9141   211
 4.9241   252
 4.9341   222
 4.9441   247
 4.9541   208
 4.9641   224
 4.9741   210
 4.9841   193
 4.9941   175
 5.0041   137
 5.0141   100
 5.0241    91
 5.0341    88
 5.0441    75
 5.0541    69
 5.0641    57
 5.0741    65
 5.0841    64
 5.0941    59
 5.1041    51
 5.1141    52
 5.1241    54
 5.1341    53
 5.1441    66
 5.1541    63
 5.1641    60
 5.1741    63
 5.1841    62
 5.1941    61
 5.2041    60
 5.2141    67
 5.2241    61
 5.2341    66
 5.2441    71
 5.2541    82
 5.2641    70
 5.2741    41
 5.2841    41
 5.2941    54
 5.3041    56
 5.3141    68
 5.3241    61
 5.3341    53
 5.3441    60
 5.3541    67
 5.3641    86
 5.3741    79
 5.3841    86
 5.3941    79
 5.4041    77
 5.4141    69
 5.4241    78
 5.4341    88
 5.4441   101
 5.4541    87
 5.4641    75
 5.4741    85
 5.4841    72
 5.4941    70
 5.5041    73
 5.5141    66
 5.5241    57
 5.5341    78
 5.5441    89
 5.5541    71
 5.5641    72
 5.5741    71
 5.5841    67
 5.5941    65
 5.6041    61
 5.6141    70
 5.6241    72
 5.6341    75
 5.6441    65
 5.6541    69
 5.6641    67
 5.6741    71
 5.6841    70
 5.6941    64
 5.7041    71
 5.7141    76
 5.7241    71
 5.7341    85
 5.7441    98
 5.7541   101
 5.7641   109
 5.7741   122
 5.7841   154
 5.7941   184
 5.8041   238
 5.8141   274
 5.8241   352
 5.8341   389
 5.8441   396
 5.8541   475
 5.8641   523
 5.8741   563
 5.8841   612
 5.8941   595
 5.9041   559
 5.9141   588
 5.9241   520
 5.9341   510
 5.9441   431
 5.9541   389
 5.9641   319
 5.9741   278
 5.9841   227
 5.9941   206
 6.0041   192
 6.0141   162
 6.0241   128
 6.0341   136
 6.0441   124
 6.0541   109
 6.0641   124
 6.0741   119
 6.0841   124
 6.0941   116
 6.1041   153
 6.1141   120
 6.1241   133
 6.1341   151
 6.1441   175
 6.1541   177
 6.1641   205
 6.1741   215
 6.1841   310
 6.1941   404
 6.2041   511
 6.2141   646
 6.2241   916
 6.2341  1235
 6.2441  1870
 6.2541  2519
 6.2641  3637
 6.2741  4908
 6.2841  6797
 6.2941  9066
 6.3041 11576
 6.3141 14805
 6.3241 18082
 6.3341 22133
 6.3441 25877
 6.3541 29493
 6.3641 32850
 6.3741 35506
 6.3841 37640
 6.3941 38339
 6.4041 38710
 6.4141 36841
 6.4241 35019
 6.4341 32151
 6.4441 28505
 6.4541 24722
 6.4641 20967
 6.4741 17160
 6.4841 13896
 6.4941 10663
 6.5041  8114
 6.5141  6095
 6.5241  4341
 6.5341  3199
 6.5441  2119
 6.5541  1504
 6.5641  1062
 6.5741   705
 6.5841   494
 6.5941   340
 6.6041   294
 6.6141   228
 6.6241   163
 6.6341   165
 6.6441   158
 6.6541   153
 6.6641   164
 6.6741   138
 6.6841   142
 6.6941   141
 6.7041   176
 6.7141   150
 6.7241   166
 6.7341   156
 6.7441   164
 6.7541   157
 6.7641   155
 6.7741   177
 6.7841   179
 6.7941   183
 6.8041   174
 6.8141   224
 6.8241   258
 6.8341   256
 6.8441   267
 6.8541   320
 6.8641   320
 6.8741   399
 6.8841   487
 6.8941   599
 6.9041   687
 6.9141   844
 6.9241  1066
 6.9341  1384
 6.9441  1735
 6.9541  2091
 6.9641  2515
 6.9741  3110
 6.9841  3705
 6.9941  4209
 7.0041  4781
 7.0141  5364
 7.0241  5800
 7.0341  6051
 7.0441  6585
 7.0541  6400
 7.0641  6324
 7.0741  6212
 7.0841  5794
 7.0941  5219
 7.1041  4733
 7.1141  4221
 7.1241  3522
 7.1341  2911
 7.1441  2444
 7.1541  1932
 7.1641  1498
 7.1741  1169
 7.1841   878
 7.1941   667
 7.2041   469
 7.2141   395
 7.2241   307
 7.2341   221
 7.2441   209
 7.2541   159
 7.2641   137
 7.2741   155
 7.2841   158
 7.2941   118
 7.3041   133
 7.3141   162
 7.3241   133
 7.3341   146
 7.3441   154
 7.3541   163
 7.3641   146
 7.3741   143
 7.3841   155
 7.3941   147
 7.4041   180
 7.4141   151
 7.4241   165
 7.4341   171
 7.4441   143
 7.4541   164
 7.4641   136
 7.4741   144
 7.4841   127
 7.4941   131
 7.5041   130
 7.5141   131
 7.5241   109
 7.5341   121
 7.5441   116
 7.5541   104
 7.5641   123
 7.5741   126
 7.5841   109
 7.5941   111
 7.6041   117
 7.6141   114
 7.6241   123
 7.6341   118
 7.6441   124
 7.6541   114
 7.6641   113
 7.6741   110
 7.6841   122
 7.6941   123
 7.7041   116
 7.7141   123
 7.7241   128
 7.7341   128
 7.7441   139
 7.7541   136
 7.7641   132
 7.7741   151
 7.7841   149
 7.7941   150
 7.8041   138
 7.8141   149
 7.8241   148
 7.8341   146
 7.8441   153
 7.8541   154
 7.8641   175
 7.8741   171
 7.8841   163
 7.8941   198
 7.9041   197
 7.9141   219
 7.9241   217
 7.9341   234
 7.9441   246
 7.9541   255
 7.9641   258
 7.9741   280
 7.9841   350
 7.9941   379
 8.0041   379
 8.0141   404
 8.0241   425
 8.0341   482
 8.0441   516
 8.0541   532
 8.0641   555
 8.0741   608
 8.0841   585
 8.0941   593
 8.1041   703
 8.1141   674
 8.1241   705
 8.1341   684
 8.1441   701
 8.1541   709
 8.1641   751
 8.1741   727
 8.1841   800
 8.1941   790
 8.2041   797
 8.2141   837
 8.2241   824
 8.2341   830
 8.2441   879
 8.2541   894
 8.2641   958
 8.2741   963
 8.2841  1064
 8.2941  1140
 8.3041  1198
 8.3141  1282
 8.3241  1356
 8.3341  1464
 8.3441  1591
 8.3541  1668
 8.3641  1704
 8.3741  1754
 8.3841  1824
 8.3941  1788
 8.4041  1781
 8.4141  1723
 8.4241  1583
 8.4341  1499
 8.4441  1380
 8.4541  1174
 8.4641  1005
 8.4741   927
 8.4841   812
 8.4941   717
 8.5041   627
 8.5141   532
 8.5241   453
 8.5341   396
 8.5441   304
 8.5541   307
 8.5641   283
 8.5741   283
 8.5841   245
 8.5941   272
 8.6041   274
 8.6141   266
 8.6241   254
 8.6341   252
 8.6441   252
 8.6541   246
 8.6641   257
 8.6741   255
 8.6841   205
 8.6941   209
 8.7041   221
 8.7141   223
 8.7241   177
 8.7341   197
 8.7441   201
 8.7541   198
 8.7641   176
 8.7741   155
 8.7841   151
 8.7941   140
 8.8041   156
 8.8141   173
 8.8241   176
 8.8341   174
 8.8441   176
 8.8541   194
 8.8641   192
 8.8741   173
 8.8841   178
 8.8941   167
 8.9041   162
 8.9141   180
 8.9241   174
 8.9341   158
 8.9441   178
 8.9541   182
 8.9641   177
 8.9741   192
 8.9841   186
 8.9941   204
 9.0041   226
 9.0141   207
 9.0241   199
 9.0341   218
 9.0441   198
 9.0541   214
 9.0641   236
 9.0741   242
 9.0841   267
 9.0941   250
 9.1041   250
 9.1141   261
 9.1241   282
 9.1341   293
 9.1441   294
 9.1541   305
 9.1641   315
 9.1741   344
 9.1841   341
 9.1941   391
 9.2041   416
 9.2141   428
 9.2241   443
 9.2341   422
 9.2441   452
 9.2541   473
 9.2641   526
 9.2741   522
 9.2841   579
 9.2941   565
 9.3041   591
 9.3141   629
 9.3241   625
 9.3341   635
 9.3441   646
 9.3541   669
 9.3641   691
 9.3741   699
 9.3841   661
 9.3941   725
 9.4041   720
 9.4141   725
 9.4241   709
 9.4341   758
 9.4441   745
 9.4541   757
 9.4641   797
 9.4741   812
 9.4841   777
 9.4941   814
 9.5041   841
 9.5141   899
 9.5241   891
 9.5341   948
 9.5441   899
 9.5541   943
 9.5641  1025
 9.5741  1071
 9.5841  1172
 9.5941  1198
 9.6041  1312
 9.6141  1306
 9.6241  1386
 9.6341  1494
 9.6441  1492
 9.6541  1559
 9.6641  1522
 9.6741  1529
 9.6841  1506
 9.6941  1396
 9.7041  1406
 9.7141  1362
 9.7241  1224
 9.7341  1125
 9.7441  1060
 9.7541   979
 9.7641   946
 9.7741   856
 9.7841   825
 9.7941   731
 9.8041   713
 9.8141   634
 9.8241   607
 9.8341   606
 9.8441   598
 9.8541   570
 9.8641   593
 9.8741   561
 9.8841   588
 9.8941   631
 9.9041   672
 9.9141   671
 9.9241   658
 9.9341   663
 9.9441   668
 9.9541   672
 9.9641   663
 9.9741   643
 9.9841   613
 9.9941   560
10.0041   555
10.0141   509
10.0241   446
10.0341   452
10.0441   386
10.0541   353
10.0641   310
10.0741   263
10.0841   233
10.0941   232
10.1041   223
10.1141   192
10.1241   180
10.1341   171
10.1441   159
10.1541   131
10.1641   136
10.1741   130
10.1841   106
10.1941   112
10.2041   116
10.2141   125
10.2241   104
10.2341    95
10.2441   100
10.2541    90
10.2641    85
10.2741    98
10.2841    92
10.2941    90
10.3041    92
10.3141    83
10.3241    78
10.3341    90
10.3441    82
10.3541    96
10.3641    86
10.3741    84
10.3841    81
10.3941    72
10.4041    79
10.4141    79
10.4241    91
10.4341    85
10.4441    79
10.4541    83
10.4641    91
10.4741    81
10.4841    93
10.4941    94
10.5041    89
10.5141    95
10.5241   108
10.5341   103
10.5441   101
10.5541    99
10.5641    90
10.5741    86
10.5841    94
10.5941    96
10.6041    89
10.6141   102
10.6241   120
10.6341    99
10.6441    98
10.6541   111
10.6641   109
10.6741    99
10.6841   103
10.6941   102
10.7041   109
10.7141   121
10.7241   112
10.7341   115
10.7441   106
10.7541   108
10.7641   107
10.7741   120
10.7841   112
10.7941   111
10.8041   123
10.8141   132
10.8241   144
10.8341   139
10.8441   142
10.8541   156
10.8641   139
10.8741   144
10.8841   150
10.8941   161
10.9041   169
10.9141   159
10.9241   152
10.9341   148
10.9441   150
10.9541   161
10.9641   144
10.9741   142
10.9841   143
10.9941   144
11.0041   160
11.0141   155
11.0241   134
11.0341   124
11.0441   150
11.0541   155
11.0641   138
11.0741   135
11.0841   128
11.0941   134
11.1041   129
11.1141   138
11.1241   127
11.1341   129
11.1441   150
11.1541   154
11.1641   149
11.1741   160
11.1841   154
11.1941   155
11.2041   179
11.2141   190
11.2241   203
11.2341   207
11.2441   208
11.2541   215
11.2641   213
11.2741   227
11.2841   217
11.2941   228
11.3041   206
11.3141   198
11.3241   212
11.3341   202
11.3441   170
11.3541   165
11.3641   172
11.3741   156
11.3841   147
11.3941   136
11.4041   119
11.4141   119
11.4241   113
11.4341   122
11.4441   123
11.4541   115
11.4641   110
11.4741   106
11.4841   103
11.4941    98
11.5041   112
11.5141   105
11.5241   101
11.5341   108
11.5441   108
11.5541   107
11.5641   107
11.5741   118
11.5841    93
11.5941    97
11.6041   105
11.6141   112
11.6241   116
11.6341   108
11.6441    98
11.6541    98
11.6641   112
11.6741   111
11.6841   110
11.6941   106
11.7041    96
11.7141   106
11.7241    98
11.7341    97
11.7441    97
11.7541    90
11.7641    90
11.7741    81
11.7841    82
11.7941   100
11.8041    91
11.8141    84
11.8241    87
11.8341   100
11.8441    83
11.8541    88
11.8641    79
11.8741    77
11.8841    80
11.8941    76
11.9041    72
11.9141    82
11.9241    81
11.9341    82
11.9441    84
11.9541    77
11.9641    73
11.9741    76
11.9841    75
11.9941    85
12.0041    88
12.0141    87
12.0241    93
12.0341    95
12.0441    99
12.0541    86
12.0641    74
12.0741    78
12.0841    83
12.0941    82
12.1041    73
12.1141    74
12.1241    83
12.1341    77
12.1441    79
12.1541    76
12.1641    78
12.1741    77
12.1841    80
12.1941    78
12.2041    72
12.2141    77
12.2241    81
12.2341    78
12.2441    83
12.2541    80
12.2641    77
12.2741    82
12.2841    78
12.2941    82
12.3041    79
12.3141    71
12.3241    75
12.3341    69
12.3441    68
12.3541    71
12.3641    80
12.3741    80
12.3841    82
12.3941    82
12.4041    86
12.4141    74
12.4241    72
12.4341    73
12.4441    81
12.4541    78
12.4641    79
12.4741    85
12.4841    92
12.4941    90
12.5041    81
12.5141    75
12.5241    80
12.5341    85
12.5441    86
12.5541    82
12.5641    90
12.5741    97
12.5841    86
12.5941    84
12.6041    77
12.6141    71
12.6241    74
12.6341    85
12.6441    89
12.6541    82
12.6641    75
12.6741    76
12.6841    83
12.6941    85
12.7041    85
12.7141    87
12.7241    91
12.7341    89
12.7441    85
12.7541    84
12.7641    83
12.7741    85
12.7841    84
12.7941    83
12.8041    87
12.8141    89
12.8241    93
12.8341   101
12.8441    96
12.8541    87
12.8641    88
12.8741    86
12.8841    81
12.8941    82
12.9041    83
12.9141    82
12.9241    84
12.9341    88
12.9441    88
12.9541    90
12.9641    96
12.9741   101
12.9841    99
12.9941    98
13.0041    99
13.0141    98
13.0241   101
13.0341    91
13.0441    91
13.0541    90
13.0641    86
13.0741    88
13.0841    87
13.0941    97
13.1041    97
13.1141   100
13.1241   106
13.1341    91
13.1441    91
13.1541    96
13.1641    84
13.1741    93
13.1841    96
13.1941   101
13.2041   100
13.2141    99
13.2241   106
13.2341   100
13.2441   108
13.2541   102
13.2641    98
13.2741   108
13.2841   106
13.2941   112
13.3041   127
13.3141   125
13.3241   116
13.3341   119
13.3441   124
13.3541   118
13.3641   112
13.3741   110
13.3841   112
13.3941   113
13.4041   114
13.4141   117
13.4241   123
13.4341   121
13.4441   116
13.4541   120
13.4641   124
13.4741   116
13.4841   105
13.4941   105
13.5041   110
13.5141   109
13.5241   105
13.5341   102
13.5441    98
13.5541    97
13.5641   106
13.5741   116
13.5841   119
13.5941   116
13.6041   110
13.6141   106
13.6241    98
13.6341    97
13.6441   105
13.6541   108
13.6641   100
13.6741   103
13.6841   114
13.6941   114
13.7041   108
13.7141   103
13.7241   105
13.7341   117
13.7441   115
13.7541   118
13.7641   118
13.7741   107
13.7841   115
13.7941   112
13.8041   103
13.8141   100
13.8241   108
13.8341   118
13.8441   114
13.8541   106
13.8641   104
13.8741   109
13.8841   113
13.8941   113
13.9041   115
13.9141   122
13.9241   135
13.9341   145
13.9441   154
13.9541   169
13.9641   182
13.9741   188
13.9841   190
13.9941   198
14.0041   215
14.0141   235
14.0241   255
14.0341   272
14.0441   280
14.0541   295
14.0641   323
14.0741   349
14.0841   378
14.0941   410
14.1041   424
14.1141   417
14.1241   414
14.1341   421
14.1441   426
14.1541   426
14.1641   425
14.1741   421
14.1841   399
14.1941   372
14.2041   367
14.2141   365
14.2241   347
14.2341   323
14.2441   299
14.2541   276
14.2641   261
14.2741   244
14.2841   212
14.2941   186
14.3041   185
14.3141   185
14.3241   167
14.3341   149
14.3441   150
14.3541   155
14.3641   144
14.3741   131
14.3841   126
14.3941   123
14.4041   127
14.4141   129
14.4241   128
14.4341   137
14.4441   138
14.4541   129
14.4641   131
14.4741   126
14.4841   114
14.4941   121
14.5041   127
14.5141   120
14.5241   129
14.5341   127
14.5441   119
14.5541   120
14.5641   126
14.5741   116
14.5841   108
14.5941   121
14.6041   125
14.6141   133
14.6241   130
14.6341   138
14.6441   131
14.6541   120
14.6641   126
14.6741   122
14.6841   121
14.6941   130
14.7041   129
14.7141   138
14.7241   142
14.7341   123
14.7441   126
14.7541   145
14.7641   143
14.7741   131
14.7841   130
14.7941   134
14.8041   133
14.8141   135
14.8241   146
14.8341   164
14.8441   158
14.8541   152
14.8641   153
14.8741   158
14.8841   168
14.8941   156
14.9041   140
14.9141   149
14.9241   160
14.9341   167
14.9441   160
14.9541   151
14.9641   163
14.9741   165
14.9841   165
14.9941   179
15.0041   186
15.0141   187
15.0241   183
15.0341   176
15.0441   159
15.0541   162
15.0641   153
15.0741   134
15.0841   159
15.0941   152
15.1041   142
15.1141   165
15.1241   152
15.1341   142
15.1441   157
15.1541   146
15.1641   142
15.1741   157
15.1841   161
15.1941   151
15.2041   148
15.2141   147
15.2241   159
15.2341   166
15.2441   151
15.2541   139
15.2641   157
15.2741   160
15.2841   146
15.2941   156
15.3041   173
15.3141   165
15.3241   148
15.3341   148
15.3441   158
15.3541   147
15.3641   145
15.3741   141
15.3841   151
15.3941   160
15.4041   154
15.4141   154
15.4241   157
15.4341   157
15.4441   158
15.4541   161
15.4641   159
15.4741   144
15.4841   143
15.4941   149
15.5041   153
15.5141   181
15.5241   181
15.5341   180
15.5441   185
15.5541   190
15.5641   184
15.5741   195
15.5841   201
15.5941   205
15.6041   206
15.6141   227
15.6241   236
15.6341   245
15.6441   250
15.6541   247
15.6641   270
15.6741   290
15.6841   290
15.6941   308
15.7041   320
15.7141   308
15.7241   317
15.7341   336
15.7441   348
15.7541   357
15.7641   349
15.7741   333
15.7841   341
15.7941   342
15.8041   329
15.8141   343
15.8241   347
15.8341   327
15.8441   327
15.8541   318
15.8641   291
15.8741   268
15.8841   292
15.8941   273
15.9041   242
15.9141   239
15.9241   240
15.9341   213
15.9441   211
15.9541   197
15.9641   204
15.9741   192
15.9841   177
15.9941   186
16.0041   197
16.0141   190
16.0241   193
16.0341   192
16.0441   191
16.0541   185
16.0641   170
16.0741   194
16.0841   202
16.0941   182
16.1041   194
16.1141   204
16.1241   192
16.1341   170
16.1441   180
16.1541   192
16.1641   188
16.1741   179
16.1841   179
16.1941   195
16.2041   205
16.2141   192
16.2241   179
16.2341   163
16.2441   166
16.2541   174
16.2641   195
16.2741   183
16.2841   163
16.2941   174
16.3041   178
16.3141   164
16.3241   163
16.3341   175
16.3441   189
16.3541   191
16.3641   186
16.3741   191
16.3841   188
16.3941   174
16.4041   179
16.4141   181
16.4241   184
16.4341   197
16.4441   181
16.4541   183
16.4641   200
16.4741   185
16.4841   202
16.4941   189
16.5041   214
16.5141   213
16.5241   193
16.5341   190
16.5441   185
16.5541   207
16.5641   203
16.5741   188
16.5841   179
16.5941   192
16.6041   216
16.6141   204
16.6241   196
16.6341   193
16.6441   183
16.6541   204
16.6641   216
16.6741   215
16.6841   198
16.6941   191
16.7041   203
16.7141   204
16.7241   214
16.7341   222
16.7441   202
16.7541   203
16.7641   187
16.7741   200
16.7841   219
16.7941   222
16.8041   205
16.8141   216
16.8241   219
16.8341   204
16.8441   199
16.8541   194
16.8641   184
16.8741   197
16.8841   202
16.8941   206
16.9041   217
16.9141   205
16.9241   220
16.9341   222
16.9441   237
16.9541   223
16.9641   224
16.9741   228
16.9841   222
16.9941   202
17.0041   216
17.0141   211
17.0241   222
17.0341   216
17.0441   202
17.0541   211
17.0641   215
17.0741   216
17.0841   216
17.0941   215
17.1041   215
17.1141   210
17.1241   210
17.1341   212
17.1441   216
17.1541   215
17.1641   202
17.1741   212
17.1841   200
17.1941   189
17.2041   209
17.2141   226
17.2241   237
17.2341   219
17.2441   214
17.2541   220
17.2641   212
17.2741   249
17.2841   223
17.2941   213
17.3041   226
17.3141   210
17.3241   220
17.3341   229
17.3441   210
17.3541   217
17.3641   226
17.3741   234
17.3841   224
17.3941   219
17.4041   231
17.4141   241
17.4241   226
17.4341   238
17.4441   220
17.4541   221
17.4641   228
17.4741   230
17.4841   238
17.4941   236
17.5041   242
17.5141   237
17.5241   250
17.5341   242
17.5441   239
17.5541   239
17.5641   248
17.5741   230
17.5841   245
17.5941   269
17.6041   277
17.6141   264
17.6241   257
17.6341   272
17.6441   276
17.6541   275
17.6641   239
17.6741   255
17.6841   278
17.6941   234
17.7041   233
17.7141   271
17.7241   248
17.7341   240
17.7441   244
17.7541   261
17.7641   252
17.7741   238
17.7841   259
17.7941   236
17.8041   226
17.8141   238
17.8241   226
17.8341   227
17.8441   239
17.8541   251
17.8641   263
17.8741   249
17.8841   228
17.8941   237
17.9041   241
17.9141   230
17.9241   243
17.9341   246
17.9441   252
17.9541   228
17.9641   228
17.9741   231
17.9841   246
17.9941   230
18.0041   237
18.0141   249
18.0241   244
18.0341   229
18.0441   254
18.0541   249
18.0641   261
18.0741   250
18.0841   220
18.0941   253
18.1041   230
18.1141   234
18.1241   240
18.1341   246
18.1441   259
18.1541   259
18.1641   234
18.1741   234
18.1841   250
18.1941   252
18.2041   252
18.2141   252
18.2241   243
18.2341   248
18.2441   248
18.2541   247
18.2641   238
18.2741   249
18.2841   239
18.2941   246
18.3041   264
18.3141   244
18.3241   238
18.3341   249
18.3441   245
18.3541   245
18.3641   241
18.3741   259
18.3841   280
18.3941   251
18.4041   244
18.4141   261
18.4241   253
18.4341   239
18.4441   236
18.4541   267
18.4641   252
18.4741   261
18.4841   253
18.4941   248
18.5041   256
18.5141   258
18.5241   265
18.5341   253
18.5441   267
18.5541   253
18.5641   277
18.5741   273
18.5841   263
18.5941   273
18.6041   252
18.6141   262
18.6241   282
18.6341   260
18.6441   272
18.6541   278
18.6641   284
18.6741   255
18.6841   266
18.6941   265
18.7041   259
18.7141   263
18.7241   236
18.7341   250
18.7441   254
18.7541   284
18.7641   273
18.7741   257
18.7841   242
18.7941   269
18.8041   249
18.8141   248
18.8241   269
18.8341   240
18.8441   267
18.8541   255
18.8641   235
18.8741   262
18.8841   274
18.8941   271
18.9041   282
18.9141   273
18.9241   264
18.9341   267
18.9441   255
18.9541   291
18.9641   253
18.9741   273
18.9841   263
18.9941   252
19.0041   287
19.0141   288
19.0241   271
19.0341   265
19.0441   256
19.0541   259
19.0641   264
19.0741   267
19.0841   261
19.0941   280
19.1041   256
19.1141   280
19.1241   284
19.1341   281
19.1441   270
19.1541   271
19.1641   269
19.1741   295
19.1841   288
19.1941   286
19.2041   292
19.2141   257
19.2241   281
19.2341   269
19.2441   277
19.2541   286
19.2641   274
19.2741   298
19.2841   275
19.2941   266
19.3041   259
19.3141   256
19.3241   299
19.3341   292
19.3441   275
19.3541   278
19.3641   289
19.3741   273
19.3841   267
19.3941   282
19.4041   278
19.4141   275
19.4241   253
19.4341   283
19.4441   293
19.4541   261
19.4641   285
19.4741   292
19.4841   273
19.4941   290
19.5041   280
19.5141   282
19.5241   317
19.5341   324
19.5441   298
19.5541   272
19.5641   283
19.5741   278
19.5841   252
19.5941   291
19.6041   288
19.6141   280
19.6241   295
19.6341   304
19.6441   275
19.6541   297
19.6641   246
19.6741   257
19.6841   265
19.6941   268
19.7041   261
19.7141   265
19.7241   290
19.7341   281
19.7441   271
19.7541   295
19.7641   278
19.7741   254
19.7841   270
19.7941   278
19.8041   271
19.8141   318
19.8241   265
19.8341   273
19.8441   266
19.8541   290
19.8641   277
19.8741   302
19.8841   281
19.8941   271
19.9041   280
19.9141   282
19.9241   294
19.9341   299
19.9441   291
19.9541   264
19.9641   253
19.9741   273
19.9841   305
19.9941   278
20.0041   289
20.0141   277
20.0241   311
20.0341   279
20.0441   255
20.0541   307
20.0641   290
20.0741   278
20.0841   305
20.0941   291
20.1041   274
20.1141   310
20.1241   304
20.1341   273
20.1441   289
20.1541   290
20.1641   294
20.1741   321
20.1841   288
20.1941   289
20.2041   307
20.2141   279
20.2241   274
20.2341   279
20.2441   276
20.2541   306
20.2641   314
20.2741   307
20.2841   287
20.2941   315
20.3041   305
20.3141   285
20.3241   289
20.3341   294
20.3441   293
20.3541   273
20.3641   278
20.3741   280
20.3841   307
20.3941   282
20.4041   304
20.4141   302
20.4241   294
20.4341   297
20.4441   318
20.4541   290
20.4641   321
20.4741   307
20.4841   306
20.4941   305
20.5041   277
20.5141   281
20.5241   281
20.5341   281
20.5441   300
20.5541   283
20.5641   285
20.5741   300
20.5841   320
20.5941   284
20.6041   310
20.6141   302
20.6241   271
20.6341   261
20.6441   269
20.6541   286
20.6641   288
20.6741   274
20.6841   298
20.6941   291
20.7041   297
20.7141   290
20.7241   279
20.7341   284
20.7441   289
20.7541   294
20.7641   292
20.7741   285
20.7841   287
20.7941   320
20.8041   302
20.8141   288
20.8241   277
20.8341   303
20.8441   350
20.8541   313
20.8641   326
20.8741   332
20.8841   347
20.8941   314
20.9041   336
20.9141   354
20.9241   337
20.9341   348
20.9441   362
20.9541   347
20.9641   347
20.9741   387
20.9841   363
20.9941   396
21.0041   378
21.0141   431
21.0241   421
21.0341   405
21.0441   409
21.0541   428
21.0641   424
21.0741   422
21.0841   432
21.0941   424
21.1041   421
21.1141   438
21.1241   450
21.1341   408
21.1441   458
21.1541   446
21.1641   467
21.1741   416
21.1841   428
21.1941   418
21.2041   449
21.2141   405
21.2241   390
21.2341   385
21.2441   393
21.2541   423
21.2641   394
21.2741   359
21.2841   356
21.2941   377
21.3041   342
21.3141   332
21.3241   337
21.3341   335
21.3441   361
21.3541   306
21.3641   347
21.3741   291
21.3841   325
21.3941   330
21.4041   319
21.4141   307
21.4241   316
21.4341   315
21.4441   311
21.4541   306
21.4641   275
21.4741   296
21.4841   309
21.4941   321
21.5041   313
21.5141   329
21.5241   309
21.5341   278
21.5441   299
21.5541   300
21.5641   309
21.5741   302
21.5841   257
21.5941   301
21.6041   313
21.6141   300
21.6241   271
21.6341   290
21.6441   314
21.6541   321
21.6641   300
21.6741   297
21.6841   279
21.6941   327
21.7041   312
21.7141   306
21.7241   285
21.7341   279
21.7441   317
21.7541   300
21.7641   305
21.7741   316
21.7841   287
21.7941   318
21.8041   292
21.8141   334
21.8241   283
21.8341   292
21.8441   295
21.8541   289
21.8641   301
21.8741   325
21.8841   303
21.8941   273
21.9041   295
21.9141   276
21.9241   316
21.9341   279
21.9441   275
21.9541   337
21.9641   293
21.9741   304
21.9841   300
21.9941   313
22.0041   320
22.0141   295
22.0241   283
22.0341   300
22.0441   292
22.0541   308
22.0641   279
22.0741   286
22.0841   323
22.0941   282
22.1041   301
22.1141   292
22.1241   303
22.1341   276
22.1441   303
22.1541   277
22.1641   293
22.1741   288
22.1841   318
22.1941   302
22.2041   298
22.2141   291
22.2241   291
22.2341   306
22.2441   286
22.2541   294
22.2641   307
22.2741   306
22.2841   296
22.2941   298
22.3041   343
22.3141   314
22.3241   312
22.3341   271
22.3441   285
22.3541   279
22.3641   308
22.3741   274
22.3841   273
22.3941   280
22.4041   278
22.4141   291
22.4241   332
22.4341   285
22.4441   306
22.4541   305
22.4641   284
22.4741   261
22.4841   274
22.4941   289
22.5041   275
22.5141   286
22.5241   286
22.5341   265
22.5441   305
22.5541   281
22.5641   313
22.5741   286
22.5841   288
22.5941   295
22.6041   293
22.6141   305
22.6241   303
22.6341   312
22.6441   312
22.6541   291
22.6641   284
22.6741   293
22.6841   290
22.6941   296
22.7041   295
22.7141   292
22.7241   289
22.7341   265
22.7441   281
22.7541   293
22.7641   271
22.7741   274
22.7841   309
22.7941   284
22.8041   243
22.8141   294
22.8241   289
22.8341   308
22.8441   270
22.8541   296
22.8641   299
22.8741   326
22.8841   318
22.8941   285
22.9041   313
22.9141   319
22.9241   299
22.9341   274
22.9441   300
22.9541   285
22.9641   300
22.9741   294
22.9841   296
22.9941   284
23.0041   302
23.0141   302
23.0241   278
23.0341   265
23.0441   304
23.0541   275
23.0641   276
23.0741   328
23.0841   302
23.0941   298
23.1041   314
23.1141   265
23.1241   277
23.1341   313
23.1441   275
23.1541   276
23.1641   305
23.1741   301
23.1841   285
23.1941   287
23.2041   275
23.2141   279
23.2241   296
23.2341   273
23.2441   275
23.2541   299
23.2641   317
23.2741   295
23.2841   285
23.2941   297
23.3041   279
23.3141   282
23.3241   302
23.3341   289
23.3441   279
23.3541   300
23.3641   281
23.3741   259
23.3841   298
23.3941   252
23.4041   298
23.4141   286
23.4241   298
23.4341   281
23.4441   307
23.4541   267
23.4641   280
23.4741   279
23.4841   271
23.4941   316
23.5041   291
23.5141   288
23.5241   285
23.5341   295
23.5441   267
23.5541   300
23.5641   304
23.5741   292
23.5841   290
23.5941   297
23.6041   255
23.6141   291
23.6241   312
23.6341   302
23.6441   309
23.6541   308
23.6641   285
23.6741   302
23.6841   289
23.6941   289
23.7041   310
23.7141   286
23.7241   302
23.7341   267
23.7441   296
23.7541   312
23.7641   315
23.7741   298
23.7841   290
23.7941   310
23.8041   285
23.8141   325
23.8241   300
23.8341   277
23.8441   292
23.8541   302
23.8641   294
23.8741   311
23.8841   308
23.8941   293
23.9041   319
23.9141   281
23.9241   282
23.9341   289
23.9441   323
23.9541   282
23.9641   260
23.9741   289
23.9841   263
23.9941   262
24.0041   296
24.0141   290
24.0241   265
24.0341   283
24.0441   282
24.0541   288
24.0641   282
24.0741   280
24.0841   289
24.0941   282
24.1041   289
24.1141   259
24.1241   279
24.1341   291
24.1441   285
24.1541   268
24.1641   302
24.1741   270
24.1841   242
24.1941   254
24.2041   255
24.2141   286
24.2241   298
24.2341   267
24.2441   293
24.2541   268
24.2641   257
24.2741   282
24.2841   274
24.2941   282
24.3041   278
24.3141   279
24.3241   271
24.3341   288
24.3441   279
24.3541   275
24.3641   282
24.3741   278
24.3841   270
24.3941   269
24.4041   273
24.4141   302
24.4241   271
24.4341   286
24.4441   279
24.4541   263
24.4641   264
24.4741   293
24.4841   264
24.4941   272
24.5041   273
24.5141   264
24.5241   267
24.5341   269
24.5441   239
24.5541   233
24.5641   247
24.5741   287
24.5841   244
24.5941   281
24.6041   296
24.6141   267
24.6241   257
24.6341   285
24.6441   256
24.6541   268
24.6641   283
24.6741   247
24.6841   227
24.6941   258
24.7041   272
24.7141   268
24.7241   257
24.7341   247
24.7441   269
24.7541   244
24.7641   285
24.7741   283
24.7841   245
24.7941   279
24.8041   272
24.8141   237
24.8241   253
24.8341   265
24.8441   264
24.8541   277
24.8641   281
24.8741   276
24.8841   284
24.8941   266
24.9041   256
24.9141   261
24.9241   250
24.9341   264
24.9441   263
24.9541   283
24.9641   265
24.9741   246
24.9841   267
24.9941   271
25.0041   257
25.0141   252
25.0241   252
25.0341   264
25.0441   304
25.0541   281
25.0641   265
25.0741   289
25.0841   290
25.0941   264
25.1041   257
25.1141   268
25.1241   284
25.1341   239
25.1441   286
25.1541   260
25.1641   277
25.1741   262
25.1841   265
25.1941   297
25.2041   269
25.2141   260
25.2241   247
25.2341   250
25.2441   255
25.2541   266
25.2641   255
25.2741   277
25.2841   272
25.2941   257
25.3041   281
25.3141   282
25.3241   266
25.3341   262
25.3441   239
25.3541   269
25.3641   266
25.3741   273
25.3841   225
25.3941   262
25.4041   264
25.4141   261
25.4241   240
25.4341   218
25.4441   255
25.4541   277
25.4641   259
25.4741   271
25.4841   267
25.4941   240
25.5041   260
25.5141   252
25.5241   248
25.5341   255
25.5441   235
25.5541   253
25.5641   237
25.5741   250
25.5841   225
25.5941   246
25.6041   248
25.6141   254
25.6241   249
25.6341   250
25.6441   266
25.6541   243
25.6641   255
25.6741   242
25.6841   278
25.6941   261
25.7041   249
25.7141   239
25.7241   253
25.7341   240
25.7441   240
25.7541   252
25.7641   244
25.7741   223
25.7841   239
25.7941   256
25.8041   220
25.8141   240
25.8241   241
25.8341   229
25.8441   230
25.8541   256
25.8641   219
25.8741   257
25.8841   243
25.8941   230
25.9041   239
25.9141   216
25.9241   209
25.9341   236
25.9441   222
25.9541   226
25.9641   232
25.9741   232
25.9841   265
25.9941   231
26.0041   227
26.0141   259
26.0241   214
26.0341   260
26.0441   224
26.0541   234
26.0641   243
26.0741   232
26.0841   257
26.0941   241
26.1041   234
26.1141   226
26.1241   246
26.1341   227
26.1441   205
26.1541   247
26.1641   240
26.1741   221
26.1841   217
26.1941   237
26.2041   244
26.2141   228
26.2241   252
26.2341   229
26.2441   237
26.2541   232
26.2641   225
26.2741   223
26.2841   231
26.2941   240
26.3041   231
26.3141   251
26.3241   247
26.3341   217
26.3441   230
26.3541   227
26.3641   232
26.3741   241
26.3841   229
26.3941   225
26.4041   264
26.4141   272
26.4241   236
26.4341   248
26.4441   217
26.4541   210
26.4641   217
26.4741   228
26.4841   236
26.4941   225
26.5041   213
26.5141   228
26.5241   207
26.5341   223
26.5441   227
26.5541   200
26.5641   224
26.5741   222
26.5841   219
26.5941   225
26.6041   213
26.6141   238
26.6241   218
26.6341   213
26.6441   226
26.6541   214
26.6641   219
26.6741   224
26.6841   214
26.6941   231
26.7041   230
26.7141   198
26.7241   206
26.7341   240
26.7441   227
26.7541   230
26.7641   203
26.7741   209
26.7841   217
26.7941   228
26.8041   214
26.8141   220
26.8241   222
26.8341   221
26.8441   215
26.8541   200
26.8641   232
26.8741   215
26.8841   242
26.8941   203
26.9041   224
26.9141   232
26.9241   218
26.9341   239
26.9441   222
26.9541   226
26.9641   212
26.9741   186
26.9841   201
26.9941   214
27.0041   221
27.0141   227
27.0241   194
27.0341   204
27.0441   202
27.0541   221
27.0641   231
27.0741   192
27.0841   218
27.0941   205
27.1041   209
27.1141   196
27.1241   219
27.1341   218
27.1441   205
27.1541   190
27.1641   204
27.1741   195
27.1841   195
27.1941   232
27.2041   221
27.2141   217
27.2241   189
27.2341   220
27.2441   204
27.2541   229
27.2641   211
27.2741   215
27.2841   220
27.2941   197
27.3041   205
27.3141   213
27.3241   217
27.3341   218
27.3441   217
27.3541   217
27.3641   200
27.3741   205
27.3841   207
27.3941   196
27.4041   226
27.4141   201
27.4241   215
27.4341   195
27.4441   207
27.4541   186
27.4641   210
27.4741   234
27.4841   210
27.4941   193
27.5041   192
27.5141   211
27.5241   201
27.5341   193
27.5441   196
27.5541   215
27.5641   186
27.5741   210
27.5841   197
27.5941   199
27.6041   231
27.6141   202
27.6241   197
27.6341   178
27.6441   187
27.6541   179
27.6641   212
27.6741   207
27.6841   193
27.6941   185
27.7041   192
27.7141   193
27.7241   205
27.7341   220
27.7441   201
27.7541   209
27.7641   192
27.7741   203
27.7841   200
27.7941   185
27.8041   193
27.8141   193
27.8241   199
27.8341   198
27.8441   208
27.8541   203
27.8641   197
27.8741   191
27.8841   204
27.8941   204
27.9041   196
27.9141   176
27.9241   197
27.9341   219
27.9441   196
27.9541   201
27.9641   176
27.9741   174
27.9841   186
27.9941   171
28.0041   205
28.0141   217
28.0241   224
28.0341   200
28.0441   194
28.0541   187
28.0641   193
28.0741   210
28.0841   181
28.0941   172
28.1041   186
28.1141   211
28.1241   193
28.1341   184
28.1441   188
28.1541   189
28.1641   183
28.1741   186
28.1841   177
28.1941   162
28.2041   195
28.2141   199
28.2241   182
28.2341   189
28.2441   168
28.2541   185
28.2641   181
28.2741   196
28.2841   177
28.2941   182
28.3041   172
28.3141   178
28.3241   182
28.3341   163
28.3441   195
28.3541   164
28.3641   183
28.3741   196
28.3841   194
28.3941   183
28.4041   185
28.4141   194
28.4241   178
28.4341   174
28.4441   192
28.4541   177
28.4641   166
28.4741   160
28.4841   165
28.4941   173
28.5041   173
28.5141   184
28.5241   175
28.5341   168
28.5441   176
28.5541   197
28.5641   181
28.5741   183
28.5841   169
28.5941   165
28.6041   175
28.6141   194
28.6241   194
28.6341   180
28.6441   184
28.6541   191
28.6641   155
28.6741   180
28.6841   176
28.6941   188
28.7041   159
28.7141   161
28.7241   168
28.7341   142
28.7441   167
28.7541   173
28.7641   165
28.7741   151
28.7841   156
28.7941   172
28.8041   162
28.8141   175
28.8241   178
28.8341   187
28.8441   168
28.8541   180
28.8641   161
28.8741   154
28.8841   160
28.8941   173
28.9041   172
28.9141   167
28.9241   173
28.9341   183
28.9441   185
28.9541   149
28.9641   161
28.9741   166
28.9841   176
28.9941   179
29.0041   167
29.0141   167
29.0241   151
29.0341   177
29.0441   170
29.0541   157
29.0641   172
29.0741   168
29.0841   173
29.0941   158
29.1041   174
29.1141   160
29.1241   154
29.1341   177
29.1441   164
29.1541   157
29.1641   160
29.1741   167
29.1841   161
29.1941   158
29.2041   193
29.2141   163
29.2241   176
29.2341   179
29.2441   197
29.2541   178
29.2641   161
29.2741   168
29.2841   150
29.2941   165
29.3041   167
29.3141   145
29.3241   156
29.3341   173
29.3441   173
29.3541   173
29.3641   147
29.3741   155
29.3841   155
29.3941   169
29.4041   169
29.4141   177
29.4241   154
29.4341   156
29.4441   145
29.4541   143
29.4641   142
29.4741   144
29.4841   153
29.4941   163
29.5041   152
29.5141   152
29.5241   186
29.5341   146
29.5441   144
29.5541   149
29.5641   151
29.5741   179
29.5841   161
29.5941   156
29.6041   159
29.6141   154
29.6241   167
29.6341   150
29.6441   172
29.6541   155
29.6641   157
29.6741   161
29.6841   160
29.6941   154
29.7041   137
29.7141   141
29.7241   148
29.7341   146
29.7441   152
29.7541   138
29.7641   143
29.7741   155
29.7841   158
29.7941   155
29.8041   132
29.8141   164
29.8241   163
29.8341   155
29.8441   146
29.8541   151
29.8641   146
29.8741   143
29.8841   141
29.8941   141
29.9041   153
29.9141   146
29.9241   151
29.9341   160
29.9441   142
29.9541   154
29.9641   147
29.9741   155
29.9841   143
29.9941   141
30.0041   127
30.0141   154
30.0241   139
30.0341   147
30.0441   146
30.0541   140
30.0641   163
30.0741   136
30.0841   140
30.0941   148
30.1041   131
30.1141   130
30.1241   137
30.1341   128
30.1441   135
30.1541   143
30.1641   129
30.1741   138
30.1841   123
30.1941   154
30.2041   145
30.2141   142
30.2241   137
30.2341   129
30.2441   154
30.2541   139
30.2641   137
30.2741   130
30.2841   146
30.2941   142
30.3041   126
30.3141   131
30.3241   136
30.3341   129
30.3441   130
30.3541   122
30.3641   132
30.3741   133
30.3841   136
30.3941   127
30.4041   140
30.4141   125
30.4241   132
30.4341   136
30.4441   128
30.4541   135
30.4641   135
30.4741   123
30.4841   133
30.4941   142
30.5041   143
30.5141   125
30.5241   133
30.5341   121
30.5441   151
30.5541   125
30.5641   136
30.5741   120
30.5841   134
30.5941   142
30.6041   136
30.6141   133
30.6241   132
30.6341   116
30.6441   139
30.6541   107
30.6641   146
30.6741   140
30.6841   136
30.6941   131
30.7041   113
30.7141   134
30.7241   113
30.7341   139
30.7441   135
30.7541   127
30.7641   161
30.7741   137
30.7841   140
30.7941   134
30.8041   133
30.8141   111
30.8241   111
30.8341   130
30.8441   131
30.8541   130
30.8641   112
30.8741   127
30.8841   130
30.8941   124
30.9041   138
30.9141   124
30.9241   128
30.9341   131
30.9441   125
30.9541   136
30.9641   127
30.9741   114
30.9841   118
30.9941   145
31.0041   137
31.0141   151
31.0241   125
31.0341   133
31.0441   109
31.0541   102
31.0641   126
31.0741   118
31.0841   122
31.0941   130
31.1041   125
31.1141   137
31.1241   126
31.1341   129
31.1441   110
31.1541   115
31.1641   137
31.1741    98
31.1841   119
31.1941   126
31.2041   113
31.2141   125
31.2241   114
31.2341    99
31.2441   109
31.2541   143
31.2641   130
31.2741   109
31.2841    95
31.2941   139
31.3041   113
31.3141   130
31.3241   125
31.3341   113
31.3441   118
31.3541   124
31.3641   109
31.3741   110
31.3841   108
31.3941   119
31.4041   106
31.4141   125
31.4241   137
31.4341   106
31.4441   115
31.4541   113
31.4641   111
31.4741   118
31.4841   113
31.4941   112
31.5041   107
31.5141   129
31.5241   112
31.5341   111
31.5441   118
31.5541   101
31.5641   119
31.5741   119
31.5841   100
31.5941   123
31.6041   124
31.6141   113
31.6241   134
31.6341    95
31.6441   111
31.6541   125
31.6641   105
31.6741   122
31.6841   104
31.6941   123
31.7041   109
31.7141   136
31.7241   117
31.7341   130
31.7441   105
31.7541   117
31.7641   115
31.7741   116
31.7841   128
31.7941   129
31.8041   129
31.8141   127
31.8241   115
31.8341   116
31.8441   112
31.8541   118
31.8641   103
31.8741   111
31.8841   117
31.8941   120
31.9041   110
31.9141   116
31.9241   113
31.9341   102
31.9441   108
31.9541   116
31.9641    99
31.9741   103
31.9841   114
31.9941   100
32.0041    97
32.0141   115
32.0241   108
32.0341    89
32.0441    98
32.0541    95
32.0641   106
32.0741   114
32.0841   106
32.0941   114
32.1041   102
32.1141   111
32.1241   122
32.1341   102
32.1441   129
32.1541   127
32.1641   119
32.1741   101
32.1841   115
32.1941   124
32.2041   125
32.2141   126
32.2241   127
32.2341   116
32.2441   119
32.2541    96
32.2641   121
32.2741   113
32.2841    91
32.2941   109
32.3041   103
32.3141    87
32.3241   103
32.3341    94
32.3441   115
32.3541   106
32.3641   112
32.3741   123
32.3841    94
32.3941    89
32.4041    92
32.4141    86
32.4241   123
32.4341    99
32.4441    94
32.4541    87
32.4641    96
32.4741    84
32.4841    96
32.4941    90
32.5041    88
32.5141   109
32.5241   107
32.5341    94
32.5441    73
32.5541   104
32.5641   100
32.5741    90
32.5841   102
32.5941   108
32.6041    99
32.6141    97
32.6241    95
32.6341    85
32.6441    93
32.6541    98
32.6641    98
32.6741    97
32.6841    80
32.6941    92
32.7041    87
32.7141   103
32.7241    79
32.7341   104
32.7441   103
32.7541    82
32.7641    84
32.7741   101
32.7841    98
32.7941    89
32.8041    95
32.8141   107
32.8241    88
32.8341    86
32.8441   110
32.8541    82
32.8641    92
32.8741   103
32.8841   100
32.8941    91
32.9041    93
32.9141    96
32.9241    93
32.9341    77
32.9441    85
32.9541    96
32.9641    91
32.9741    81
32.9841    78
32.9941    89
33.0041    86
33.0141    91
33.0241    90
33.0341   100
33.0441    70
33.0541    93
33.0641   101
33.0741    89
33.0841    80
33.0941    77
33.1041    68
33.1141    75
33.1241    92
33.1341    91
33.1441    94
33.1541   102
33.1641    97
33.1741    83
33.1841    83
33.1941    88
33.2041    99
33.2141    86
33.2241    78
33.2341    91
33.2441   113
33.2541    85
33.2641    94
33.2741    99
33.2841    84
33.2941    75
33.3041    87
33.3141    86
33.3241    66
33.3341    94
33.3441    94
33.3541    75
33.3641    92
33.3741    92
33.3841    90
33.3941    80
33.4041    91
33.4141    90
33.4241    98
33.4341    76
33.4441    80
33.4541    90
33.4641    91
33.4741    78
33.4841    78
33.4941    80
33.5041    85
33.5141    85
33.5241    92
33.5341    83
33.5441    76
33.5541    76
33.5641    78
33.5741    91
33.5841    68
33.5941    81
33.6041    80
33.6141    90
33.6241    88
33.6341    81
33.6441    86
33.6541    84
33.6641    85
33.6741    78
33.6841   102
33.6941    91
33.7041    82
33.7141    66
33.7241    71
33.7341    86
33.7441    66
33.7541    79
33.7641    67
33.7741    97
33.7841    73
33.7941    71
33.8041    81
33.8141    74
33.8241    72
33.8341    87
33.8441    78
33.8541    79
33.8641    83
33.8741    85
33.8841    82
33.8941    91
33.9041    79
33.9141    81
33.9241    82
33.9341    67
33.9441    77
33.9541    82
33.9641    72
33.9741    94
33.9841    80
33.9941    78
34.0041    65
34.0141    68
34.0241    70
34.0341    73
34.0441    67
34.0541    77
34.0641    62
34.0741    76
34.0841    91
34.0941    75
34.1041    83
34.1141    79
34.1241    69
34.1341    80
34.1441    80
34.1541    68
34.1641    74
34.1741    71
34.1841    66
34.1941    63
34.2041    78
34.2141    78
34.2241    61
34.2341    69
34.2441    57
34.2541    68
34.2641    75
34.2741    68
34.2841    63
34.2941    79
34.3041    95
34.3141    84
34.3241    69
34.3341    74
34.3441    64
34.3541    71
34.3641    59
34.3741    80
34.3841    63
34.3941    62
34.4041    64
34.4141    66
34.4241    60
34.4341    75
34.4441    75
34.4541    70
34.4641    76
34.4741    69
34.4841    69
34.4941    69
34.5041    74
34.5141    52
34.5241    76
34.5341    74
34.5441    61
34.5541    74
34.5641    66
34.5741    70
34.5841    56
34.5941    63
34.6041    57
34.6141    67
34.6241    64
34.6341    71
34.6441    67
34.6541    68
34.6641    53
34.6741    67
34.6841    71
34.6941    69
34.7041    67
34.7141    66
34.7241    53
34.7341    64
34.7441    78
34.7541    79
34.7641    55
34.7741    62
34.7841    73
34.7941    63
34.8041    65
34.8141    63
34.8241    70
34.8341    63
34.8441    57
34.8541    69
34.8641    68
34.8741    71
34.8841    80
34.8941    67
34.9041    67
34.9141    50
34.9241    52
34.9341    69
34.9441    71
34.9541    72
34.9641    52
34.9741    65
34.9841    55
34.9941    70
35.0041    61
35.0141    62
35.0241    64
35.0341    65
35.0441    51
35.0541    64
35.0641    72
35.0741    63
35.0841    66
35.0941    62
35.1041    48
35.1141    60
35.1241    58
35.1341    48
35.1441    78
35.1541    57
35.1641    59
35.1741    64
35.1841    58
35.1941    55
35.2041    66
35.2141    63
35.2241    51
35.2341    59
35.2441    53
35.2541    54
35.2641    64
35.2741    65
35.2841    61
35.2941    55
35.3041    75
35.3141    72
35.3241    57
35.3341    48
35.3441    57
35.3541    60
35.3641    57
35.3741    56
35.3841    62
35.3941    59
35.4041    59
35.4141    65
35.4241    64
35.4341    69
35.4441    75
35.4541    60
35.4641    43
35.4741    49
35.4841    71
35.4941    53
35.5041    44
35.5141    45
35.5241    66
35.5341    51
35.5441    62
35.5541    60
35.5641    59
35.5741    59
35.5841    45
35.5941    62
35.6041    52
35.6141    45
35.6241    49
35.6341    56
35.6441    58
35.6541    58
35.6641    51
35.6741    47
35.6841    58
35.6941    55
35.7041    46
35.7141    56
35.7241    57
35.7341    53
35.7441    61
35.7541    49
35.7641    43
35.7741    46
35.7841    49
35.7941    51
35.8041    38
35.8141    58
35.8241    48
35.8341    37
35.8441    54
35.8541    52
35.8641    49
35.8741    44
35.8841    53
35.8941    55
35.9041    55
35.9141    60
35.9241    47
35.9341    49
35.9441    48
35.9541    41
35.9641    38
35.9741    49
35.9841    53
35.9941    52
36.0041    57
36.0141    59
36.0241    55
36.0341    59
36.0441    71
36.0541    53
36.0641    50
36.0741    36
36.0841    46
36.0941    39
36.1041    59
36.1141    43
36.1241    47
36.1341    57
36.1441    37
36.1541    44
36.1641    50
36.1741    36
36.1841    47
36.1941    29
36.2041    47
36.2141    54
36.2241    40
36.2341    58
36.2441    62
36.2541    57
36.2641    55
36.2741    50
36.2841    44
36.2941    57
36.3041    51
36.3141    38
36.3241    45
36.3341    42
36.3441    43
36.3541    48
36.3641    38
36.3741    44
36.3841    41
36.3941    38
36.4041    47
36.4141    41
36.4241    38
36.4341    51
36.4441    44
36.4541    43
36.4641    50
36.4741    42
36.4841    48
36.4941    45
36.5041    49
36.5141    42
36.5241    45
36.5341    46
36.5441    58
36.5541    47
36.5641    37
36.5741    58
36.5841    45
36.5941    43
36.6041    45
36.6141    44
36.6241    37
36.6341    33
36.6441    44
36.6541    41
36.6641    46
36.6741    42
36.6841    40
36.6941    49
36.7041    38
36.7141    45
36.7241    52
36.7341    47
36.7441    40
36.7541    30
36.7641    45
36.7741    46
36.7841    43
36.7941    41
36.8041    39
36.8141    41
36.8241    38
36.8341    54
36.8441    40
36.8541    49
36.8641    55
36.8741    51
36.8841    42
36.8941    51
36.9041    42
36.9141    33
36.9241    45
36.9341    32
36.9441    39
36.9541    45
36.9641    47
36.9741    38
36.9841    45
36.9941    54
37.0041    38
37.0141    48
37.0241    40
37.0341    35
37.0441    32
37.0541    31
37.0641    37
37.0741    43
37.0841    34
37.0941    42
37.1041    33
37.1141    50
37.1241    35
37.1341    29
37.1441    35
37.1541    34
37.1641    37
37.1741    19
37.1841    38
37.1941    48
37.2041    34
37.2141    56
37.2241    42
37.2341    34
37.2441    34
37.2541    34
37.2641    29
37.2741    36
37.2841    32
37.2941    32
37.3041    41
37.3141    33
37.3241    45
37.3341    44
37.3441    32
37.3541    30
37.3641    24
37.3741    34
37.3841    36
37.3941    42
37.4041    27
37.4141    28
37.4241    27
37.4341    44
37.4441    34
37.4541    33
37.4641    37
37.4741    27
37.4841    36
37.4941    36
37.5041    33
37.5141    40
37.5241    28
37.5341    44
37.5441    34
37.5541    29
37.5641    38
37.5741    39
37.5841    36
37.5941    33
37.6041    26
37.6141    32
37.6241    37
37.6341    30
37.6441    44
37.6541    41
37.6641    39
37.6741    26
37.6841    40
37.6941    40
37.7041    35
37.7141    37
37.7241    30
37.7341    20
37.7441    34
37.7541    30
37.7641    35
37.7741    30
37.7841    38
37.7941    26
37.8041    31
37.8141    36
37.8241    34
37.8341    28
37.8441    38
37.8541    41
37.8641    34
37.8741    30
37.8841    41
37.8941    35
37.9041    29
37.9141    22
37.9241    32
37.9341    37
37.9441    34
37.9541    31
37.9641    28
37.9741    38
37.9841    24
37.9941    20
38.0041    20
38.0141    31
38.0241    41
38.0341    30
38.0441    25
38.0541    31
38.0641    32
38.0741    30
38.0841    29
38.0941    20
38.1041    31
38.1141    24
38.1241    23
38.1341    31
38.1441    30
38.1541    30
38.1641    19
38.1741    28
38.1841    30
38.1941    27
38.2041    21
38.2141    30
38.2241    24
38.2341    20
38.2441    25
38.2541    33
38.2641    28
38.2741    27
38.2841    37
38.2941    30
38.3041    31
38.3141    24
38.3241    23
38.3341    33
38.3441    29
38.3541    23
38.3641    28
38.3741    22
38.3841    26
38.3941    22
38.4041    31
38.4141    26
38.4241    31
38.4341    26
38.4441    23
38.4541    28
38.4641    21
38.4741    32
38.4841    31
38.4941    31
38.5041    21
38.5141    31
38.5241    26
38.5341    36
38.5441    21
38.5541    31
38.5641    30
38.5741    31
38.5841    25
38.5941    26
38.6041    15
38.6141    27
38.6241    32
38.6341    22
38.6441    19
38.6541    30
38.6641    24
38.6741    27
38.6841    27
38.6941    36
38.7041    26
38.7141    20
38.7241    28
38.7341    25
38.7441    12
38.7541    26
38.7641    28
38.7741    33
38.7841    20
38.7941    24
38.8041    27
38.8141    21
38.8241    28
38.8341    22
38.8441    18
38.8541    25
38.8641    26
38.8741    23
38.8841    17
38.8941    28
38.9041    23
38.9141    26
38.9241    20
38.9341    24
38.9441    19
38.9541    19
38.9641    21
38.9741    24
38.9841    14
38.9941    21
39.0041    23
39.0141    28
39.0241    19
39.0341    19
39.0441    24
39.0541    25
39.0641    27
39.0741    22
39.0841    30
39.0941    23
39.1041    28
39.1141    18
39.1241    27
39.1341    19
39.1441    20
39.1541    16
39.1641    16
39.1741    20
39.1841    19
39.1941    27
39.2041    29
39.2141    30
39.2241    20
39.2341    24
39.2441    26
39.2541    23
39.2641    17
39.2741    25
39.2841    23
39.2941    14
39.3041    22
39.3141    22
39.3241    18
39.3341    23
39.3441    19
39.3541    18
39.3641    13
39.3741    17
39.3841    25
39.3941    16
39.4041    20
39.4141    22
39.4241    23
39.4341    22
39.4441    21
39.4541    15
39.4641    21
39.4741    18
39.4841    13
39.4941    24
39.5041    22
39.5141    22
39.5241    25
39.5341    26
39.5441    16
39.5541    15
39.5641    16
39.5741    16
39.5841    14
39.5941    19
39.6041    16
39.6141    17
39.6241    20
39.6341    20
39.6441    23
39.6541    20
39.6641    20
39.6741    15
39.6841    13
39.6941    19
39.7041    20
39.7141    20
39.7241    22
39.7341    11
39.7441    16
39.7541    18
39.7641    11
39.7741    27
39.7841    18
39.7941    20
39.8041    19
39.8141    20
39.8241    15
39.8341    20
39.8441    18
39.8541    17
39.8641    21
39.8741    15
39.8841    16
39.8941    11
39.9041    18
39.9141    18
39.9241    14
39.9341    17
39.9441     9
39.9541    19
39.9641    13
39.9741    19
39.9841    14
