Bruker Nano GmbH Berlin, Germany
Esprit 1.9

Date: 6/2/2021 1:06:45 PM
Real time: 5000
Life time: 4670
Pulse density: 98623


Detector type: XFlash 430
Window type: Custom type
Detector thickness: 0.45
Si dead layer:0.029

Calibration, lin.: 10
Calibration, abs.: -955.9
Mn FWHM: 137.05
Fano factor: 0.121
Channels: 4095

Energy Counts
-0.9559     0
-0.9459     0
-0.9359     0
-0.9259     0
-0.9159     0
-0.9059     0
-0.8959     0
-0.8859     0
-0.8759     0
-0.8659     0
-0.8559     0
-0.8459     0
-0.8359     0
-0.8259     0
-0.8159     0
-0.8059     0
-0.7959     0
-0.7859     0
-0.7759     0
-0.7659     0
-0.7559     0
-0.7459     0
-0.7359     0
-0.7259     0
-0.7159     0
-0.7059     0
-0.6959     0
-0.6859     0
-0.6759     0
-0.6659     0
-0.6559     0
-0.6459     0
-0.6359     0
-0.6259     0
-0.6159     0
-0.6059     0
-0.5959     0
-0.5859     0
-0.5759     0
-0.5659     0
-0.5559     0
-0.5459     0
-0.5359     0
-0.5259     0
-0.5159     0
-0.5059     0
-0.4959     0
-0.4859     0
-0.4759     0
-0.4659     0
-0.4559     0
-0.4459     0
-0.4359     0
-0.4259     0
-0.4159     0
-0.4059     0
-0.3959     0
-0.3859     0
-0.3759     0
-0.3659     0
-0.3559     0
-0.3459     0
-0.3359     0
-0.3259     0
-0.3159     0
-0.3059     0
-0.2959     0
-0.2859     0
-0.2759     0
-0.2659     0
-0.2559     0
-0.2459     0
-0.2359     0
-0.2259     0
-0.2159     0
-0.2059     0
-0.1959     0
-0.1859     0
-0.1759     0
-0.1659     0
-0.1559     0
-0.1459     0
-0.1359     0
-0.1259     0
-0.1159     1
-0.1059     2
-0.0959    15
-0.0859    47
-0.0759   184
-0.0659   578
-0.0559  1373
-0.0459  2952
-0.0359  5544
-0.0259  8855
-0.0159 12109
-0.0059 14383
 0.0041 14349
 0.0141 12427
 0.0241  9125
 0.0341  5792
 0.0441  3204
 0.0541  1448
 0.0641   584
 0.0741   188
 0.0841    61
 0.0941    18
 0.1041     4
 0.1141     0
 0.1241     1
 0.1341     0
 0.1441     1
 0.1541     0
 0.1641     0
 0.1741     6
 0.1841    47
 0.1941    76
 0.2041    73
 0.2141    78
 0.2241    87
 0.2341    81
 0.2441    89
 0.2541    68
 0.2641    82
 0.2741    86
 0.2841    84
 0.2941    78
 0.3041    72
 0.3141    72
 0.3241    69
 0.3341    60
 0.3441    74
 0.3541    70
 0.3641    72
 0.3741    73
 0.3841    62
 0.3941    58
 0.4041    67
 0.4141    70
 0.4241    61
 0.4341    57
 0.4441    73
 0.4541    75
 0.4641    67
 0.4741    63
 0.4841    76
 0.4941    71
 0.5041    67
 0.5141    74
 0.5241    69
 0.5341    72
 0.5441    67
 0.5541    59
 0.5641    52
 0.5741    61
 0.5841    68
 0.5941    59
 0.6041    47
 0.6141    58
 0.6241    64
 0.6341    57
 0.6441    53
 0.6541    62
 0.6641    62
 0.6741    66
 0.6841    70
 0.6941    63
 0.7041    60
 0.7141    51
 0.7241    56
 0.7341    65
 0.7441    55
 0.7541    46
 0.7641    47
 0.7741    54
 0.7841    58
 0.7941    57
 0.8041    58
 0.8141    60
 0.8241    59
 0.8341    49
 0.8441    50
 0.8541    51
 0.8641    51
 0.8741    54
 0.8841    47
 0.8941    56
 0.9041    59
 0.9141    59
 0.9241    59
 0.9341    72
 0.9441    59
 0.9541    50
 0.9641    60
 0.9741    46
 0.9841    46
 0.9941    37
 1.0041    42
 1.0141    46
 1.0241    54
 1.0341    49
 1.0441    53
 1.0541    56
 1.0641    57
 1.0741    47
 1.0841    46
 1.0941    53
 1.1041    58
 1.1141    47
 1.1241    50
 1.1341    54
 1.1441    54
 1.1541    43
 1.1641    51
 1.1741    54
 1.1841    47
 1.1941    48
 1.2041    52
 1.2141    52
 1.2241    49
 1.2341    44
 1.2441    42
 1.2541    61
 1.2641    62
 1.2741    46
 1.2841    50
 1.2941    46
 1.3041    57
 1.3141    41
 1.3241    45
 1.3341    47
 1.3441    60
 1.3541    46
 1.3641    45
 1.3741    37
 1.3841    41
 1.3941    47
 1.4041    44
 1.4141    37
 1.4241    42
 1.4341    49
 1.4441    48
 1.4541    43
 1.4641    51
 1.4741    42
 1.4841    52
 1.4941    48
 1.5041    40
 1.5141    42
 1.5241    50
 1.5341    51
 1.5441    54
 1.5541    49
 1.5641    41
 1.5741    41
 1.5841    45
 1.5941    38
 1.6041    37
 1.6141    47
 1.6241    45
 1.6341    43
 1.6441    52
 1.6541    55
 1.6641    68
 1.6741    80
 1.6841    93
 1.6941   103
 1.7041   124
 1.7141   159
 1.7241   183
 1.7341   170
 1.7441   192
 1.7541   155
 1.7641   157
 1.7741   142
 1.7841   133
 1.7941    96
 1.8041    78
 1.8141    53
 1.8241    64
 1.8341    58
 1.8441    55
 1.8541    58
 1.8641    38
 1.8741    50
 1.8841    38
 1.8941    53
 1.9041    50
 1.9141    31
 1.9241    47
 1.9341    52
 1.9441    48
 1.9541    45
 1.9641    45
 1.9741    52
 1.9841    49
 1.9941    52
 2.0041    53
 2.0141    59
 2.0241    59
 2.0341    59
 2.0441    64
 2.0541    51
 2.0641    37
 2.0741    47
 2.0841    43
 2.0941    48
 2.1041    38
 2.1141    50
 2.1241    38
 2.1341    36
 2.1441    36
 2.1541    40
 2.1641    31
 2.1741    45
 2.1841    39
 2.1941    35
 2.2041    45
 2.2141    40
 2.2241    34
 2.2341    43
 2.2441    39
 2.2541    42
 2.2641    32
 2.2741    36
 2.2841    39
 2.2941    42
 2.3041    41
 2.3141    42
 2.3241    41
 2.3341    39
 2.3441    38
 2.3541    44
 2.3641    40
 2.3741    37
 2.3841    42
 2.3941    42
 2.4041    31
 2.4141    43
 2.4241    36
 2.4341    41
 2.4441    35
 2.4541    42
 2.4641    36
 2.4741    39
 2.4841    34
 2.4941    36
 2.5041    38
 2.5141    42
 2.5241    33
 2.5341    42
 2.5441    37
 2.5541    38
 2.5641    32
 2.5741    40
 2.5841    36
 2.5941    49
 2.6041    42
 2.6141    42
 2.6241    31
 2.6341    32
 2.6441    44
 2.6541    40
 2.6641    30
 2.6741    39
 2.6841    31
 2.6941    42
 2.7041    30
 2.7141    31
 2.7241    32
 2.7341    36
 2.7441    41
 2.7541    23
 2.7641    41
 2.7741    37
 2.7841    34
 2.7941    40
 2.8041    27
 2.8141    41
 2.8241    41
 2.8341    38
 2.8441    48
 2.8541    34
 2.8641    36
 2.8741    32
 2.8841    38
 2.8941    32
 2.9041    41
 2.9141    35
 2.9241    29
 2.9341    25
 2.9441    43
 2.9541    37
 2.9641    37
 2.9741    42
 2.9841    34
 2.9941    38
 3.0041    25
 3.0141    32
 3.0241    31
 3.0341    33
 3.0441    33
 3.0541    28
 3.0641    35
 3.0741    33
 3.0841    28
 3.0941    23
 3.1041    31
 3.1141    39
 3.1241    23
 3.1341    25
 3.1441    38
 3.1541    29
 3.1641    19
 3.1741    25
 3.1841    23
 3.1941    27
 3.2041    25
 3.2141    34
 3.2241    36
 3.2341    47
 3.2441    42
 3.2541    50
 3.2641    53
 3.2741    67
 3.2841    62
 3.2941    71
 3.3041    89
 3.3141    78
 3.3241    59
 3.3341    69
 3.3441    69
 3.3541    54
 3.3641    52
 3.3741    39
 3.3841    43
 3.3941    40
 3.4041    34
 3.4141    29
 3.4241    34
 3.4341    22
 3.4441    18
 3.4541    27
 3.4641    21
 3.4741    27
 3.4841    31
 3.4941    42
 3.5041    32
 3.5141    27
 3.5241    31
 3.5341    35
 3.5441    35
 3.5541    39
 3.5641    49
 3.5741    60
 3.5841    80
 3.5941    94
 3.6041   124
 3.6141   152
 3.6241   199
 3.6341   241
 3.6441   269
 3.6541   331
 3.6641   356
 3.6741   398
 3.6841   444
 3.6941   400
 3.7041   403
 3.7141   349
 3.7241   319
 3.7341   267
 3.7441   206
 3.7541   163
 3.7641   131
 3.7741    90
 3.7841    69
 3.7941    68
 3.8041    45
 3.8141    40
 3.8241    37
 3.8341    32
 3.8441    23
 3.8541    20
 3.8641    26
 3.8741    35
 3.8841    37
 3.8941    28
 3.9041    31
 3.9141    58
 3.9241    38
 3.9341    41
 3.9441    45
 3.9541    56
 3.9641    69
 3.9741    71
 3.9841    71
 3.9941    82
 4.0041    69
 4.0141    80
 4.0241    83
 4.0341    71
 4.0441    60
 4.0541    59
 4.0641    61
 4.0741    63
 4.0841    40
 4.0941    42
 4.1041    28
 4.1141    27
 4.1241    24
 4.1341    28
 4.1441    22
 4.1541    26
 4.1641    19
 4.1741    15
 4.1841    15
 4.1941    23
 4.2041    24
 4.2141    21
 4.2241    21
 4.2341    20
 4.2441    18
 4.2541    26
 4.2641    19
 4.2741    18
 4.2841    27
 4.2941    15
 4.3041    16
 4.3141    19
 4.3241    18
 4.3341    22
 4.3441    21
 4.3541    33
 4.3641    26
 4.3741    27
 4.3841    39
 4.3941    45
 4.4041    45
 4.4141    77
 4.4241    64
 4.4341    91
 4.4441   100
 4.4541   123
 4.4641   129
 4.4741   151
 4.4841   142
 4.4941   168
 4.5041   177
 4.5141   180
 4.5241   165
 4.5341   148
 4.5441   144
 4.5541   114
 4.5641    86
 4.5741    79
 4.5841    64
 4.5941    63
 4.6041    45
 4.6141    40
 4.6241    47
 4.6341    23
 4.6441    37
 4.6541    21
 4.6641    21
 4.6741    25
 4.6841    28
 4.6941    16
 4.7041    29
 4.7141    12
 4.7241    28
 4.7341    25
 4.7441    24
 4.7541    24
 4.7641    24
 4.7741    30
 4.7841    37
 4.7941    28
 4.8041    36
 4.8141    48
 4.8241    48
 4.8341    34
 4.8441    47
 4.8541    39
 4.8641    40
 4.8741    47
 4.8841    62
 4.8941    65
 4.9041    57
 4.9141    51
 4.9241    60
 4.9341    69
 4.9441    62
 4.9541    46
 4.9641    54
 4.9741    41
 4.9841    49
 4.9941    32
 5.0041    31
 5.0141    32
 5.0241    30
 5.0341    30
 5.0441    26
 5.0541    27
 5.0641    29
 5.0741    27
 5.0841    34
 5.0941    14
 5.1041    23
 5.1141    18
 5.1241    26
 5.1341    23
 5.1441    21
 5.1541    13
 5.1641    23
 5.1741    22
 5.1841    23
 5.1941    32
 5.2041    18
 5.2141    27
 5.2241    29
 5.2341    29
 5.2441    29
 5.2541    22
 5.2641    23
 5.2741    30
 5.2841    23
 5.2941    28
 5.3041    20
 5.3141    39
 5.3241    35
 5.3341    25
 5.3441    25
 5.3541    30
 5.3641    25
 5.3741    40
 5.3841    29
 5.3941    45
 5.4041    38
 5.4141    30
 5.4241    35
 5.4341    37
 5.4441    24
 5.4541    33
 5.4641    36
 5.4741    30
 5.4841    27
 5.4941    30
 5.5041    27
 5.5141    25
 5.5241    22
 5.5341    29
 5.5441    19
 5.5541    22
 5.5641    25
 5.5741    21
 5.5841    20
 5.5941    19
 5.6041    32
 5.6141    31
 5.6241    17
 5.6341    22
 5.6441    16
 5.6541    31
 5.6641    28
 5.6741    23
 5.6841    28
 5.6941    24
 5.7041    27
 5.7141    22
 5.7241    35
 5.7341    29
 5.7441    33
 5.7541    34
 5.7641    36
 5.7741    49
 5.7841    69
 5.7941    62
 5.8041    78
 5.8141    96
 5.8241   102
 5.8341   129
 5.8441   154
 5.8541   152
 5.8641   190
 5.8741   176
 5.8841   188
 5.8941   210
 5.9041   189
 5.9141   192
 5.9241   188
 5.9341   163
 5.9441   119
 5.9541   105
 5.9641   104
 5.9741    91
 5.9841    88
 5.9941    65
 6.0041    65
 6.0141    52
 6.0241    42
 6.0341    47
 6.0441    33
 6.0541    39
 6.0641    41
 6.0741    36
 6.0841    40
 6.0941    29
 6.1041    39
 6.1141    42
 6.1241    45
 6.1341    50
 6.1441    45
 6.1541    59
 6.1641    42
 6.1741    50
 6.1841    67
 6.1941    93
 6.2041   117
 6.2141   117
 6.2241   177
 6.2341   267
 6.2441   327
 6.2541   495
 6.2641   675
 6.2741   905
 6.2841  1264
 6.2941  1687
 6.3041  2177
 6.3141  2674
 6.3241  3431
 6.3341  3974
 6.3441  4660
 6.3541  5331
 6.3641  5781
 6.3741  6350
 6.3841  6799
 6.3941  6860
 6.4041  6784
 6.4141  6655
 6.4241  5991
 6.4341  5644
 6.4441  4976
 6.4541  4242
 6.4641  3598
 6.4741  2816
 6.4841  2397
 6.4941  1842
 6.5041  1364
 6.5141   953
 6.5241   718
 6.5341   545
 6.5441   363
 6.5541   258
 6.5641   170
 6.5741   129
 6.5841   104
 6.5941    80
 6.6041    68
 6.6141    51
 6.6241    42
 6.6341    41
 6.6441    60
 6.6541    51
 6.6641    43
 6.6741    48
 6.6841    44
 6.6941    45
 6.7041    38
 6.7141    44
 6.7241    57
 6.7341    47
 6.7441    51
 6.7541    49
 6.7641    52
 6.7741    48
 6.7841    49
 6.7941    47
 6.8041    59
 6.8141    58
 6.8241    66
 6.8341    59
 6.8441    68
 6.8541    81
 6.8641    80
 6.8741    96
 6.8841   111
 6.8941   138
 6.9041   165
 6.9141   190
 6.9241   217
 6.9341   293
 6.9441   330
 6.9541   430
 6.9641   494
 6.9741   580
 6.9841   666
 6.9941   806
 7.0041   906
 7.0141   986
 7.0241  1060
 7.0341  1108
 7.0441  1210
 7.0541  1167
 7.0641  1106
 7.0741  1081
 7.0841   985
 7.0941   944
 7.1041   840
 7.1141   724
 7.1241   597
 7.1341   495
 7.1441   436
 7.1541   353
 7.1641   272
 7.1741   202
 7.1841   123
 7.1941   122
 7.2041   113
 7.2141    87
 7.2241    73
 7.2341    61
 7.2441    63
 7.2541    58
 7.2641    52
 7.2741    56
 7.2841    57
 7.2941    39
 7.3041    47
 7.3141    57
 7.3241    52
 7.3341    68
 7.3441    49
 7.3541    61
 7.3641    62
 7.3741    73
 7.3841    58
 7.3941    65
 7.4041    62
 7.4141    73
 7.4241    64
 7.4341    70
 7.4441    51
 7.4541    66
 7.4641    58
 7.4741    76
 7.4841    65
 7.4941    81
 7.5041    53
 7.5141    48
 7.5241    48
 7.5341    47
 7.5441    48
 7.5541    66
 7.5641    45
 7.5741    40
 7.5841    41
 7.5941    39
 7.6041    43
 7.6141    50
 7.6241    58
 7.6341    57
 7.6441    56
 7.6541    45
 7.6641    59
 7.6741    37
 7.6841    54
 7.6941    48
 7.7041    46
 7.7141    45
 7.7241    57
 7.7341    59
 7.7441    61
 7.7541    64
 7.7641    69
 7.7741    61
 7.7841    57
 7.7941    64
 7.8041    70
 7.8141    62
 7.8241    53
 7.8341    62
 7.8441    75
 7.8541    68
 7.8641    69
 7.8741    80
 7.8841    72
 7.8941    76
 7.9041    89
 7.9141    80
 7.9241    75
 7.9341    92
 7.9441   118
 7.9541   108
 7.9641   119
 7.9741   128
 7.9841   139
 7.9941   137
 8.0041   150
 8.0141   160
 8.0241   168
 8.0341   188
 8.0441   192
 8.0541   226
 8.0641   245
 8.0741   227
 8.0841   259
 8.0941   268
 8.1041   290
 8.1141   322
 8.1241   308
 8.1341   316
 8.1441   284
 8.1541   328
 8.1641   311
 8.1741   315
 8.1841   302
 8.1941   362
 8.2041   323
 8.2141   361
 8.2241   357
 8.2341   341
 8.2441   384
 8.2541   372
 8.2641   386
 8.2741   436
 8.2841   434
 8.2941   520
 8.3041   542
 8.3141   561
 8.3241   614
 8.3341   643
 8.3441   709
 8.3541   727
 8.3641   704
 8.3741   813
 8.3841   792
 8.3941   770
 8.4041   740
 8.4141   741
 8.4241   680
 8.4341   620
 8.4441   528
 8.4541   458
 8.4641   447
 8.4741   375
 8.4841   368
 8.4941   287
 8.5041   243
 8.5141   211
 8.5241   215
 8.5341   173
 8.5441   152
 8.5541   145
 8.5641   172
 8.5741   163
 8.5841   141
 8.5941   128
 8.6041   143
 8.6141   142
 8.6241   158
 8.6341   145
 8.6441   137
 8.6541   126
 8.6641   132
 8.6741   133
 8.6841   120
 8.6941   111
 8.7041   125
 8.7141   113
 8.7241   111
 8.7341    97
 8.7441    97
 8.7541    79
 8.7641    87
 8.7741    90
 8.7841    84
 8.7941    88
 8.8041    83
 8.8141    78
 8.8241    86
 8.8341    74
 8.8441    69
 8.8541    66
 8.8641    73
 8.8741    80
 8.8841    75
 8.8941    79
 8.9041    81
 8.9141    82
 8.9241    84
 8.9341    92
 8.9441    87
 8.9541    73
 8.9641    69
 8.9741    84
 8.9841    89
 8.9941    91
 9.0041   103
 9.0141    92
 9.0241    96
 9.0341   104
 9.0441    87
 9.0541   110
 9.0641    89
 9.0741    99
 9.0841   114
 9.0941   103
 9.1041   113
 9.1141   133
 9.1241   121
 9.1341   131
 9.1441   142
 9.1541   152
 9.1641   167
 9.1741   165
 9.1841   152
 9.1941   156
 9.2041   178
 9.2141   173
 9.2241   206
 9.2341   204
 9.2441   216
 9.2541   218
 9.2641   208
 9.2741   240
 9.2841   272
 9.2941   241
 9.3041   277
 9.3141   283
 9.3241   272
 9.3341   301
 9.3441   333
 9.3541   292
 9.3641   282
 9.3741   310
 9.3841   324
 9.3941   353
 9.4041   355
 9.4141   361
 9.4241   350
 9.4341   345
 9.4441   340
 9.4541   355
 9.4641   374
 9.4741   354
 9.4841   395
 9.4941   383
 9.5041   394
 9.5141   401
 9.5241   437
 9.5341   465
 9.5441   458
 9.5541   479
 9.5641   494
 9.5741   543
 9.5841   569
 9.5941   618
 9.6041   647
 9.6141   661
 9.6241   678
 9.6341   731
 9.6441   699
 9.6541   737
 9.6641   730
 9.6741   722
 9.6841   710
 9.6941   690
 9.7041   674
 9.7141   658
 9.7241   599
 9.7341   551
 9.7441   534
 9.7541   518
 9.7641   429
 9.7741   386
 9.7841   393
 9.7941   353
 9.8041   332
 9.8141   303
 9.8241   290
 9.8341   277
 9.8441   283
 9.8541   284
 9.8641   299
 9.8741   312
 9.8841   304
 9.8941   293
 9.9041   301
 9.9141   328
 9.9241   317
 9.9341   316
 9.9441   338
 9.9541   307
 9.9641   295
 9.9741   294
 9.9841   296
 9.9941   281
10.0041   248
10.0141   243
10.0241   219
10.0341   219
10.0441   181
10.0541   163
10.0641   151
10.0741   147
10.0841   129
10.0941   115
10.1041    93
10.1141    80
10.1241    78
10.1341    76
10.1441    74
10.1541    74
10.1641    56
10.1741    74
10.1841    74
10.1941    58
10.2041    54
10.2141    38
10.2241    57
10.2341    49
10.2441    45
10.2541    45
10.2641    42
10.2741    42
10.2841    42
10.2941    47
10.3041    45
10.3141    40
10.3241    40
10.3341    51
10.3441    46
10.3541    34
10.3641    38
10.3741    40
10.3841    48
10.3941    44
10.4041    44
10.4141    45
10.4241    37
10.4341    41
10.4441    35
10.4541    46
10.4641    48
10.4741    56
10.4841    53
10.4941    42
10.5041    39
10.5141    38
10.5241    53
10.5341    49
10.5441    46
10.5541    41
10.5641    52
10.5741    51
10.5841    47
10.5941    50
10.6041    42
10.6141    44
10.6241    46
10.6341    50
10.6441    61
10.6541    53
10.6641    48
10.6741    52
10.6841    60
10.6941    50
10.7041    43
10.7141    62
10.7241    61
10.7341    64
10.7441    61
10.7541    63
10.7641    58
10.7741    56
10.7841    62
10.7941    69
10.8041    73
10.8141    68
10.8241    71
10.8341    63
10.8441    75
10.8541    82
10.8641    77
10.8741    75
10.8841    66
10.8941    68
10.9041    69
10.9141    65
10.9241    69
10.9341    68
10.9441    85
10.9541    80
10.9641    73
10.9741    69
10.9841    76
10.9941    73
11.0041    61
11.0141    63
11.0241    73
11.0341    63
11.0441    63
11.0541    70
11.0641    74
11.0741    73
11.0841    60
11.0941    70
11.1041    71
11.1141    64
11.1241    69
11.1341    57
11.1441    73
11.1541    58
11.1641    55
11.1741    77
11.1841    73
11.1941    63
11.2041    73
11.2141    97
11.2241    94
11.2341   100
11.2441   103
11.2541   111
11.2641   109
11.2741    97
11.2841    88
11.2941    88
11.3041    97
11.3141    96
11.3241    99
11.3341    91
11.3441    79
11.3541    76
11.3641    82
11.3741    81
11.3841    74
11.3941    64
11.4041    56
11.4141    56
11.4241    60
11.4341    55
11.4441    54
11.4541    58
11.4641    50
11.4741    50
11.4841    59
11.4941    54
11.5041    51
11.5141    54
11.5241    49
11.5341    46
11.5441    56
11.5541    59
11.5641    51
11.5741    54
11.5841    56
11.5941    59
11.6041    57
11.6141    58
11.6241    65
11.6341    61
11.6441    53
11.6541    65
11.6641    59
11.6741    56
11.6841    54
11.6941    55
11.7041    57
11.7141    45
11.7241    48
11.7341    46
11.7441    39
11.7541    45
11.7641    48
11.7741    43
11.7841    32
11.7941    39
11.8041    41
11.8141    38
11.8241    38
11.8341    41
11.8441    37
11.8541    31
11.8641    34
11.8741    40
11.8841    37
11.8941    33
11.9041    36
11.9141    36
11.9241    32
11.9341    33
11.9441    31
11.9541    43
11.9641    39
11.9741    39
11.9841    39
11.9941    38
12.0041    37
12.0141    41
12.0241    40
12.0341    33
12.0441    28
12.0541    37
12.0641    46
12.0741    45
12.0841    44
12.0941    29
12.1041    39
12.1141    48
12.1241    39
12.1341    37
12.1441    35
12.1541    34
12.1641    33
12.1741    27
12.1841    31
12.1941    42
12.2041    38
12.2141    40
12.2241    39
12.2341    34
12.2441    31
12.2541    35
12.2641    40
12.2741    40
12.2841    42
12.2941    46
12.3041    45
12.3141    51
12.3241    44
12.3341    28
12.3441    30
12.3541    39
12.3641    34
12.3741    32
12.3841    41
12.3941    44
12.4041    39
12.4141    46
12.4241    40
12.4341    38
12.4441    40
12.4541    32
12.4641    32
12.4741    35
12.4841    39
12.4941    49
12.5041    48
12.5141    41
12.5241    42
12.5341    40
12.5441    40
12.5541    43
12.5641    43
12.5741    38
12.5841    45
12.5941    44
12.6041    42
12.6141    44
12.6241    41
12.6341    44
12.6441    45
12.6541    46
12.6641    56
12.6741    55
12.6841    49
12.6941    43
12.7041    40
12.7141    49
12.7241    45
12.7341    42
12.7441    42
12.7541    40
12.7641    39
12.7741    40
12.7841    39
12.7941    39
12.8041    40
12.8141    43
12.8241    45
12.8341    44
12.8441    41
12.8541    41
12.8641    43
12.8741    44
12.8841    43
12.8941    43
12.9041    42
12.9141    42
12.9241    43
12.9341    46
12.9441    47
12.9541    46
12.9641    44
12.9741    43
12.9841    44
12.9941    44
13.0041    46
13.0141    47
13.0241    45
13.0341    45
13.0441    45
13.0541    44
13.0641    45
13.0741    45
13.0841    46
13.0941    49
13.1041    52
13.1141    51
13.1241    50
13.1341    50
13.1441    48
13.1541    48
13.1641    48
13.1741    47
13.1841    45
13.1941    47
13.2041    53
13.2141    52
13.2241    53
13.2341    59
13.2441    60
13.2541    58
13.2641    64
13.2741    77
13.2841    70
13.2941    67
13.3041    69
13.3141    75
13.3241    83
13.3341    84
13.3441    76
13.3541    72
13.3641    79
13.3741    83
13.3841    84
13.3941    87
13.4041    76
13.4141    75
13.4241    85
13.4341    84
13.4441    75
13.4541    67
13.4641    74
13.4741    74
13.4841    61
13.4941    60
13.5041    71
13.5141    75
13.5241    70
13.5341    57
13.5441    48
13.5541    46
13.5641    45
13.5741    52
13.5841    61
13.5941    53
13.6041    43
13.6141    50
13.6241    54
13.6341    51
13.6441    52
13.6541    56
13.6641    63
13.6741    53
13.6841    42
13.6941    47
13.7041    50
13.7141    50
13.7241    59
13.7341    60
13.7441    60
13.7541    61
13.7641    60
13.7741    57
13.7841    51
13.7941    53
13.8041    52
13.8141    53
13.8241    56
13.8341    61
13.8441    57
13.8541    62
13.8641    66
13.8741    54
13.8841    61
13.8941    68
13.9041    61
13.9141    60
13.9241    69
13.9341    84
13.9441    79
13.9541    74
13.9641    87
13.9741   102
13.9841   100
13.9941   104
14.0041   125
14.0141   135
14.0241   141
14.0341   147
14.0441   168
14.0541   187
14.0641   193
14.0741   200
14.0841   210
14.0941   216
14.1041   205
14.1141   215
14.1241   251
14.1341   253
14.1441   234
14.1541   227
14.1641   232
14.1741   238
14.1841   227
14.1941   201
14.2041   184
14.2141   183
14.2241   163
14.2341   156
14.2441   148
14.2541   140
14.2641   148
14.2741   132
14.2841   112
14.2941    95
14.3041    84
14.3141    86
14.3241    84
14.3341    88
14.3441    84
14.3541    65
14.3641    57
14.3741    61
14.3841    60
14.3941    60
14.4041    64
14.4141    63
14.4241    65
14.4341    65
14.4441    61
14.4541    61
14.4641    66
14.4741    55
14.4841    52
14.4941    59
14.5041    62
14.5141    68
14.5241    63
14.5341    57
14.5441    58
14.5541    50
14.5641    48
14.5741    56
14.5841    61
14.5941    59
14.6041    55
14.6141    57
14.6241    52
14.6341    47
14.6441    54
14.6541    58
14.6641    55
14.6741    61
14.6841    71
14.6941    63
14.7041    62
14.7141    68
14.7241    62
14.7341    60
14.7441    63
14.7541    66
14.7641    62
14.7741    64
14.7841    60
14.7941    54
14.8041    62
14.8141    67
14.8241    68
14.8341    70
14.8441    69
14.8541    70
14.8641    70
14.8741    71
14.8841    70
14.8941    61
14.9041    67
14.9141    71
14.9241    73
14.9341    74
14.9441    69
14.9541    71
14.9641    70
14.9741    70
14.9841    77
14.9941    77
15.0041    72
15.0141    67
15.0241    70
15.0341    69
15.0441    69
15.0541    63
15.0641    64
15.0741    68
15.0841    64
15.0941    66
15.1041    59
15.1141    58
15.1241    59
15.1341    70
15.1441    75
15.1541    64
15.1641    64
15.1741    65
15.1841    56
15.1941    70
15.2041    68
15.2141    64
15.2241    61
15.2341    63
15.2441    77
15.2541    70
15.2641    64
15.2741    57
15.2841    59
15.2941    59
15.3041    55
15.3141    70
15.3241    77
15.3341    68
15.3441    64
15.3541    69
15.3641    64
15.3741    65
15.3841    68
15.3941    60
15.4041    63
15.4141    64
15.4241    63
15.4341    58
15.4441    65
15.4541    79
15.4641    74
15.4741    61
15.4841    61
15.4941    69
15.5041    80
15.5141    81
15.5241    68
15.5341    71
15.5441    77
15.5541    73
15.5641    69
15.5741    70
15.5841    77
15.5941    81
15.6041    89
15.6141    98
15.6241   101
15.6341   106
15.6441   107
15.6541   109
15.6641    99
15.6741   109
15.6841   117
15.6941   116
15.7041   122
15.7141   122
15.7241   117
15.7341   131
15.7441   139
15.7541   137
15.7641   124
15.7741   138
15.7841   139
15.7941   148
15.8041   155
15.8141   137
15.8241   132
15.8341   118
15.8441   126
15.8541   132
15.8641   133
15.8741   111
15.8841   108
15.8941   103
15.9041   105
15.9141   114
15.9241    98
15.9341    91
15.9441   100
15.9541    86
15.9641    73
15.9741    77
15.9841    87
15.9941    87
16.0041    81
16.0141    69
16.0241    81
16.0341    87
16.0441    79
16.0541    71
16.0641    75
16.0741    87
16.0841    81
16.0941    73
16.1041    81
16.1141    76
16.1241    77
16.1341    69
16.1441    78
16.1541    92
16.1641    84
16.1741    82
16.1841    73
16.1941    69
16.2041    75
16.2141    79
16.2241    77
16.2341    85
16.2441    80
16.2541    65
16.2641    74
16.2741    92
16.2841    81
16.2941    73
16.3041    79
16.3141    70
16.3241    79
16.3341    70
16.3441    73
16.3541    77
16.3641    79
16.3741    77
16.3841    71
16.3941    83
16.4041    72
16.4141    71
16.4241    82
16.4341    78
16.4441    82
16.4541    82
16.4641    80
16.4741    81
16.4841    77
16.4941    81
16.5041    88
16.5141    88
16.5241    87
16.5341    84
16.5441    76
16.5541    85
16.5641    89
16.5741    70
16.5841    74
16.5941    92
16.6041    82
16.6141    80
16.6241    81
16.6341    73
16.6441    68
16.6541    71
16.6641    82
16.6741    86
16.6841    85
16.6941    87
16.7041    87
16.7141    92
16.7241    86
16.7341    80
16.7441    76
16.7541    76
16.7641    78
16.7741    96
16.7841    96
16.7941    86
16.8041    67
16.8141    73
16.8241    82
16.8341    75
16.8441    85
16.8541    85
16.8641    76
16.8741    76
16.8841    79
16.8941    81
16.9041    86
16.9141    92
16.9241    88
16.9341    96
16.9441    92
16.9541    84
16.9641    84
16.9741    86
16.9841    83
16.9941    99
17.0041    98
17.0141    79
17.0241    83
17.0341    84
17.0441    85
17.0541    86
17.0641    86
17.0741    91
17.0841    82
17.0941    89
17.1041    86
17.1141    92
17.1241    76
17.1341    87
17.1441    85
17.1541    88
17.1641    94
17.1741    92
17.1841    94
17.1941    92
17.2041    80
17.2141    75
17.2241    84
17.2341    94
17.2441    92
17.2541    91
17.2641    86
17.2741    84
17.2841    83
17.2941    83
17.3041    87
17.3141    85
17.3241    86
17.3341    90
17.3441    96
17.3541    96
17.3641    96
17.3741    92
17.3841    93
17.3941    95
17.4041    90
17.4141    81
17.4241    85
17.4341   100
17.4441    78
17.4541    79
17.4641    75
17.4741    91
17.4841    95
17.4941   109
17.5041    99
17.5141   106
17.5241   108
17.5341    81
17.5441    98
17.5541   102
17.5641   105
17.5741   104
17.5841   104
17.5941    89
17.6041    94
17.6141   107
17.6241    95
17.6341   103
17.6441   100
17.6541   107
17.6641    90
17.6741    90
17.6841   107
17.6941    98
17.7041   101
17.7141    94
17.7241    85
17.7341    93
17.7441   104
17.7541   123
17.7641    99
17.7741    90
17.7841    90
17.7941    98
17.8041    92
17.8141    98
17.8241    96
17.8341    99
17.8441   101
17.8541    95
17.8641   106
17.8741    96
17.8841   100
17.8941    88
17.9041    97
17.9141   111
17.9241   108
17.9341    97
17.9441   100
17.9541   114
17.9641   105
17.9741    90
17.9841    96
17.9941   100
18.0041    88
18.0141    94
18.0241   103
18.0341   107
18.0441   106
18.0541   100
18.0641    96
18.0741    96
18.0841   109
18.0941    99
18.1041   108
18.1141   107
18.1241   110
18.1341   110
18.1441   110
18.1541    97
18.1641   108
18.1741   107
18.1841    93
18.1941    84
18.2041    91
18.2141   115
18.2241   104
18.2341   100
18.2441   109
18.2541    93
18.2641    98
18.2741    86
18.2841   104
18.2941    96
18.3041    93
18.3141   121
18.3241   118
18.3341   122
18.3441   112
18.3541   117
18.3641   112
18.3741    98
18.3841   109
18.3941    98
18.4041   110
18.4141   122
18.4241   117
18.4341   106
18.4441   116
18.4541    98
18.4641    94
18.4741    83
18.4841    93
18.4941   105
18.5041   113
18.5141   114
18.5241   123
18.5341   102
18.5441    94
18.5541    99
18.5641   105
18.5741    99
18.5841   109
18.5941   117
18.6041   115
18.6141   117
18.6241   104
18.6341   120
18.6441   116
18.6541   110
18.6641   107
18.6741   107
18.6841   110
18.6941   110
18.7041   110
18.7141   101
18.7241   103
18.7341    98
18.7441   105
18.7541   107
18.7641   114
18.7741   118
18.7841   101
18.7941   113
18.8041   107
18.8141   124
18.8241   117
18.8341   101
18.8441   107
18.8541   106
18.8641   102
18.8741   102
18.8841   109
18.8941   132
18.9041   117
18.9141   114
18.9241   115
18.9341   114
18.9441   110
18.9541   103
18.9641   114
18.9741    94
18.9841   136
18.9941   116
19.0041   116
19.0141   109
19.0241   112
19.0341   109
19.0441   113
19.0541   107
19.0641   111
19.0741   112
19.0841   115
19.0941   104
19.1041   100
19.1141   116
19.1241   113
19.1341   115
19.1441   112
19.1541   108
19.1641   107
19.1741   114
19.1841   111
19.1941   126
19.2041   114
19.2141   115
19.2241   120
19.2341   122
19.2441   103
19.2541    98
19.2641    99
19.2741   117
19.2841   119
19.2941   131
19.3041   110
19.3141   107
19.3241   113
19.3341   117
19.3441   107
19.3541   105
19.3641   119
19.3741   116
19.3841   113
19.3941   117
19.4041   121
19.4141   126
19.4241   119
19.4341   123
19.4441   117
19.4541   122
19.4641   112
19.4741   109
19.4841   111
19.4941   123
19.5041   120
19.5141   129
19.5241   125
19.5341   105
19.5441   115
19.5541   111
19.5641   106
19.5741   111
19.5841   104
19.5941   118
19.6041   127
19.6141   131
19.6241   131
19.6341   140
19.6441   122
19.6541   122
19.6641   114
19.6741   119
19.6841   116
19.6941   132
19.7041   121
19.7141   116
19.7241   119
19.7341   134
19.7441   129
19.7541   118
19.7641   114
19.7741   119
19.7841   120
19.7941   125
19.8041   127
19.8141   126
19.8241   121
19.8341   113
19.8441   127
19.8541   122
19.8641   110
19.8741   108
19.8841   104
19.8941   122
19.9041   110
19.9141   128
19.9241   125
19.9341   144
19.9441   125
19.9541   141
19.9641   125
19.9741   119
19.9841   135
19.9941   103
20.0041    95
20.0141   112
20.0241   115
20.0341   129
20.0441   121
20.0541   135
20.0641   139
20.0741   123
20.0841   114
20.0941   121
20.1041   104
20.1141   120
20.1241   119
20.1341   130
20.1441   116
20.1541   116
20.1641   127
20.1741   104
20.1841   113
20.1941   133
20.2041    94
20.2141   107
20.2241   124
20.2341   133
20.2441   129
20.2541   125
20.2641   108
20.2741   112
20.2841   140
20.2941   138
20.3041   126
20.3141   116
20.3241   135
20.3341   112
20.3441   122
20.3541   121
20.3641   127
20.3741   127
20.3841   110
20.3941   119
20.4041   110
20.4141   130
20.4241   146
20.4341   122
20.4441   115
20.4541   129
20.4641   118
20.4741   108
20.4841   128
20.4941   125
20.5041   129
20.5141   135
20.5241   115
20.5341   115
20.5441   119
20.5541   127
20.5641   115
20.5741   124
20.5841   133
20.5941   121
20.6041   123
20.6141   128
20.6241   117
20.6341   124
20.6441   124
20.6541   112
20.6641   129
20.6741   130
20.6841   111
20.6941   120
20.7041   116
20.7141   136
20.7241   122
20.7341   127
20.7441   135
20.7541   125
20.7641   125
20.7741   116
20.7841   137
20.7941   137
20.8041   128
20.8141   136
20.8241   127
20.8341   116
20.8441   131
20.8541   135
20.8641   137
20.8741   134
20.8841   161
20.8941   149
20.9041   157
20.9141   165
20.9241   142
20.9341   153
20.9441   158
20.9541   156
20.9641   154
20.9741   168
20.9841   164
20.9941   167
21.0041   170
21.0141   169
21.0241   174
21.0341   204
21.0441   184
21.0541   205
21.0641   196
21.0741   193
21.0841   193
21.0941   226
21.1041   201
21.1141   211
21.1241   197
21.1341   190
21.1441   208
21.1541   196
21.1641   200
21.1741   174
21.1841   220
21.1941   191
21.2041   178
21.2141   189
21.2241   204
21.2341   156
21.2441   197
21.2541   174
21.2641   164
21.2741   167
21.2841   151
21.2941   148
21.3041   156
21.3141   174
21.3241   149
21.3341   156
21.3441   140
21.3541   168
21.3641   147
21.3741   125
21.3841   132
21.3941   151
21.4041   144
21.4141   132
21.4241   140
21.4341   134
21.4441   139
21.4541   137
21.4641   104
21.4741   110
21.4841   142
21.4941   129
21.5041   130
21.5141   150
21.5241   141
21.5341   118
21.5441   144
21.5541   117
21.5641   153
21.5741   142
21.5841   134
21.5941   131
21.6041   157
21.6141   134
21.6241   144
21.6341   133
21.6441   123
21.6541   126
21.6641   130
21.6741   134
21.6841   123
21.6941   127
21.7041   132
21.7141   124
21.7241   125
21.7341   137
21.7441   131
21.7541   124
21.7641   128
21.7741   136
21.7841   136
21.7941   116
21.8041   134
21.8141   134
21.8241   122
21.8341   125
21.8441   135
21.8541   147
21.8641   145
21.8741   142
21.8841   129
21.8941   141
21.9041   127
21.9141   125
21.9241   117
21.9341   140
21.9441   122
21.9541   124
21.9641   113
21.9741   124
21.9841   129
21.9941   124
22.0041   140
22.0141   130
22.0241   121
22.0341   122
22.0441   142
22.0541   131
22.0641   133
22.0741   148
22.0841   129
22.0941   136
22.1041   134
22.1141   117
22.1241   153
22.1341   132
22.1441   120
22.1541   118
22.1641   128
22.1741   141
22.1841   133
22.1941   138
22.2041   134
22.2141   136
22.2241   135
22.2341   132
22.2441   139
22.2541   119
22.2641   126
22.2741   127
22.2841   133
22.2941   132
22.3041   125
22.3141   139
22.3241   130
22.3341   106
22.3441   147
22.3541   130
22.3641   131
22.3741   131
22.3841   135
22.3941   144
22.4041   133
22.4141   143
22.4241   130
22.4341   132
22.4441   128
22.4541   150
22.4641   139
22.4741   130
22.4841   134
22.4941   111
22.5041   139
22.5141   116
22.5241   134
22.5341   134
22.5441   125
22.5541   119
22.5641   130
22.5741   135
22.5841   133
22.5941   133
22.6041   149
22.6141   139
22.6241   138
22.6341   138
22.6441   127
22.6541   144
22.6641   132
22.6741   143
22.6841   125
22.6941   141
22.7041   132
22.7141   122
22.7241   135
22.7341   147
22.7441   120
22.7541   147
22.7641   120
22.7741   125
22.7841   126
22.7941   125
22.8041   148
22.8141   150
22.8241   102
22.8341   153
22.8441   118
22.8541   121
22.8641   129
22.8741   137
22.8841   139
22.8941   110
22.9041   129
22.9141   136
22.9241   131
22.9341   136
22.9441   147
22.9541   123
22.9641   108
22.9741   141
22.9841   123
22.9941   135
23.0041   126
23.0141   127
23.0241   110
23.0341   138
23.0441   116
23.0541   137
23.0641   124
23.0741   131
23.0841   136
23.0941   137
23.1041   122
23.1141   135
23.1241   120
23.1341   124
23.1441   125
23.1541   115
23.1641   132
23.1741   144
23.1841   123
23.1941   111
23.2041   127
23.2141   136
23.2241   127
23.2341   111
23.2441   109
23.2541   145
23.2641   137
23.2741   142
23.2841   124
23.2941   135
23.3041   133
23.3141   120
23.3241   119
23.3341   132
23.3441   117
23.3541   124
23.3641   114
23.3741   113
23.3841   110
23.3941   130
23.4041   123
23.4141   108
23.4241   155
23.4341   133
23.4441   119
23.4541   130
23.4641   115
23.4741   149
23.4841   125
23.4941   106
23.5041   134
23.5141   129
23.5241   128
23.5341   114
23.5441   134
23.5541   122
23.5641   111
23.5741   148
23.5841   136
23.5941   151
23.6041   139
23.6141   132
23.6241   148
23.6341   140
23.6441   132
23.6541   129
23.6641   136
23.6741   137
23.6841   138
23.6941   132
23.7041   146
23.7141   138
23.7241   125
23.7341   125
23.7441   132
23.7541   146
23.7641   147
23.7741   137
23.7841   137
23.7941   138
23.8041   171
23.8141   131
23.8241   142
23.8341   127
23.8441   135
23.8541   124
23.8641   125
23.8741   138
23.8841   138
23.8941   142
23.9041   111
23.9141   128
23.9241   125
23.9341   122
23.9441   148
23.9541   145
23.9641   126
23.9741   148
23.9841   121
23.9941    99
24.0041   124
24.0141   120
24.0241   128
24.0341   133
24.0441   144
24.0541   131
24.0641   122
24.0741   131
24.0841   105
24.0941   119
24.1041   110
24.1141   135
24.1241   117
24.1341   126
24.1441   109
24.1541    96
24.1641   139
24.1741   113
24.1841   127
24.1941   122
24.2041   111
24.2141   122
24.2241   127
24.2341   130
24.2441   106
24.2541   142
24.2641   133
24.2741   150
24.2841   136
24.2941   117
24.3041   126
24.3141   120
24.3241   108
24.3341   122
24.3441   127
24.3541   138
24.3641   128
24.3741   132
24.3841   140
24.3941   118
24.4041   120
24.4141   123
24.4241   122
24.4341   132
24.4441   114
24.4541   119
24.4641   122
24.4741   140
24.4841   133
24.4941   124
24.5041   124
24.5141   138
24.5241   135
24.5341   120
24.5441   147
24.5541   122
24.5641   125
24.5741   126
24.5841   133
24.5941   125
24.6041   134
24.6141   121
24.6241   106
24.6341   120
24.6441   133
24.6541   115
24.6641   128
24.6741   115
24.6841   122
24.6941   110
24.7041   107
24.7141   128
24.7241   112
24.7341   132
24.7441   141
24.7541   129
24.7641   115
24.7741   131
24.7841   113
24.7941   116
24.8041   130
24.8141   120
24.8241   139
24.8341   113
24.8441   119
24.8541   108
24.8641   130
24.8741   123
24.8841   123
24.8941   111
24.9041   129
24.9141   127
24.9241   130
24.9341   117
24.9441   120
24.9541   124
24.9641   128
24.9741   142
24.9841   118
24.9941   137
25.0041   108
25.0141   138
25.0241   127
25.0341   141
25.0441   135
25.0541   127
25.0641   139
25.0741   125
25.0841   109
25.0941   122
25.1041   119
25.1141   115
25.1241   125
25.1341   122
25.1441   118
25.1541   135
25.1641   107
25.1741   108
25.1841   131
25.1941   104
25.2041   117
25.2141   117
25.2241   127
25.2341   125
25.2441    99
25.2541   122
25.2641   119
25.2741   129
25.2841   132
25.2941   139
25.3041   134
25.3141   129
25.3241   131
25.3341   114
25.3441   108
25.3541   123
25.3641   117
25.3741   110
25.3841   137
25.3941   108
25.4041   110
25.4141   107
25.4241   125
25.4341   122
25.4441   102
25.4541   119
25.4641   117
25.4741   131
25.4841   112
25.4941   114
25.5041   105
25.5141   124
25.5241   101
25.5341   103
25.5441   128
25.5541   113
25.5641   113
25.5741   126
25.5841   120
25.5941   124
25.6041   124
25.6141   109
25.6241   106
25.6341   122
25.6441   103
25.6541   111
25.6641   107
25.6741   125
25.6841   103
25.6941   113
25.7041   103
25.7141   112
25.7241   109
25.7341   113
25.7441   126
25.7541   128
25.7641   120
25.7741   103
25.7841   113
25.7941   118
25.8041   115
25.8141    94
25.8241   104
25.8341   100
25.8441   109
25.8541   113
25.8641   121
25.8741   117
25.8841   109
25.8941   103
25.9041   113
25.9141    91
25.9241   115
25.9341   111
25.9441   120
25.9541   106
25.9641   124
25.9741   104
25.9841    96
25.9941   118
26.0041   114
26.0141   117
26.0241   112
26.0341   101
26.0441   125
26.0541   109
26.0641   114
26.0741   105
26.0841   114
26.0941   100
26.1041   109
26.1141   116
26.1241   110
26.1341   114
26.1441   124
26.1541    95
26.1641   107
26.1741   111
26.1841   110
26.1941   136
26.2041   118
26.2141   118
26.2241   107
26.2341   112
26.2441   116
26.2541   134
26.2641   128
26.2741   118
26.2841   108
26.2941   125
26.3041    99
26.3141   119
26.3241   108
26.3341   135
26.3441   110
26.3541   122
26.3641   115
26.3741   100
26.3841   112
26.3941   120
26.4041   129
26.4141   120
26.4241   121
26.4341   112
26.4441   112
26.4541   116
26.4641   114
26.4741    99
26.4841   114
26.4941    95
26.5041   112
26.5141   113
26.5241    99
26.5341   105
26.5441   112
26.5541   119
26.5641   104
26.5741   111
26.5841   109
26.5941   126
26.6041   127
26.6141    98
26.6241   108
26.6341   100
26.6441   115
26.6541   104
26.6641    93
26.6741    87
26.6841   109
26.6941    91
26.7041    98
26.7141   109
26.7241   105
26.7341   111
26.7441   105
26.7541   121
26.7641   102
26.7741   106
26.7841    98
26.7941   110
26.8041   121
26.8141   109
26.8241   118
26.8341   108
26.8441   106
26.8541   101
26.8641   105
26.8741    98
26.8841   109
26.8941   111
26.9041   100
26.9141   110
26.9241   100
26.9341   102
26.9441   120
26.9541    97
26.9641   101
26.9741    93
26.9841   100
26.9941    91
27.0041    94
27.0141    98
27.0241   120
27.0341   107
27.0441   102
27.0541   121
27.0641    84
27.0741   117
27.0841   104
27.0941    97
27.1041    85
27.1141    96
27.1241    97
27.1341   117
27.1441   111
27.1541    98
27.1641   106
27.1741   103
27.1841   105
27.1941    96
27.2041   101
27.2141   104
27.2241   106
27.2341   121
27.2441   119
27.2541    97
27.2641   104
27.2741    97
27.2841    98
27.2941   114
27.3041   103
27.3141   119
27.3241   106
27.3341    84
27.3441   108
27.3541    95
27.3641    99
27.3741   115
27.3841   102
27.3941    80
27.4041   108
27.4141   100
27.4241   118
27.4341    94
27.4441    96
27.4541   104
27.4641    87
27.4741    94
27.4841    88
27.4941    90
27.5041   109
27.5141   108
27.5241    87
27.5341   102
27.5441    96
27.5541    90
27.5641   100
27.5741    93
27.5841    91
27.5941    95
27.6041    84
27.6141    83
27.6241    85
27.6341   102
27.6441   106
27.6541   106
27.6641    85
27.6741   105
27.6841   102
27.6941    96
27.7041   108
27.7141    99
27.7241    98
27.7341   107
27.7441   117
27.7541   107
27.7641   120
27.7741   105
27.7841    94
27.7941    87
27.8041    98
27.8141    91
27.8241    97
27.8341    84
27.8441    78
27.8541   108
27.8641   109
27.8741    87
27.8841    89
27.8941    92
27.9041   102
27.9141    96
27.9241    85
27.9341    92
27.9441   113
27.9541    92
27.9641    89
27.9741    92
27.9841   104
27.9941    79
28.0041    85
28.0141   105
28.0241   103
28.0341    98
28.0441    97
28.0541    96
28.0641    95
28.0741    77
28.0841    87
28.0941    92
28.1041    69
28.1141    98
28.1241    95
28.1341    89
28.1441    90
28.1541    77
28.1641    96
28.1741    97
28.1841    92
28.1941   102
28.2041    86
28.2141    96
28.2241    67
28.2341    93
28.2441    91
28.2541    82
28.2641   110
28.2741    88
28.2841    93
28.2941   101
28.3041    73
28.3141    86
28.3241    78
28.3341   104
28.3441   102
28.3541    88
28.3641    80
28.3741    95
28.3841    96
28.3941    97
28.4041    84
28.4141    86
28.4241    96
28.4341    94
28.4441   104
28.4541    94
28.4641    92
28.4741    91
28.4841    90
28.4941    93
28.5041    72
28.5141    77
28.5241    88
28.5341    83
28.5441    91
28.5541    91
28.5641    98
28.5741    88
28.5841    83
28.5941    84
28.6041    90
28.6141    80
28.6241    86
28.6341    86
28.6441    91
28.6541    84
28.6641    79
28.6741    75
28.6841    85
28.6941   100
28.7041    94
28.7141    87
28.7241    86
28.7341    91
28.7441    90
28.7541    85
28.7641    92
28.7741    92
28.7841    79
28.7941    81
28.8041    88
28.8141    93
28.8241    94
28.8341   101
28.8441    82
28.8541    81
28.8641    81
28.8741    90
28.8841    80
28.8941    79
28.9041    94
28.9141    74
28.9241    83
28.9341    87
28.9441    77
28.9541    92
28.9641    86
28.9741    92
28.9841    82
28.9941    82
29.0041    75
29.0141    80
29.0241    72
29.0341    76
29.0441    72
29.0541    94
29.0641    78
29.0741    77
29.0841    80
29.0941    92
29.1041    75
29.1141    86
29.1241    82
29.1341    87
29.1441    70
29.1541    81
29.1641    93
29.1741    75
29.1841    98
29.1941    81
29.2041    80
29.2141    82
29.2241    92
29.2341    83
29.2441    89
29.2541    79
29.2641    79
29.2741    62
29.2841    83
29.2941    78
29.3041    58
29.3141    89
29.3241    90
29.3341    78
29.3441   100
29.3541    80
29.3641    80
29.3741    90
29.3841    77
29.3941    83
29.4041    79
29.4141    71
29.4241    81
29.4341    84
29.4441    74
29.4541    73
29.4641    86
29.4741    69
29.4841    75
29.4941    65
29.5041    87
29.5141    89
29.5241    85
29.5341    73
29.5441    79
29.5541    76
29.5641    74
29.5741    63
29.5841    84
29.5941    81
29.6041    85
29.6141    70
29.6241    87
29.6341    90
29.6441    91
29.6541    81
29.6641    80
29.6741    84
29.6841    66
29.6941    68
29.7041    81
29.7141    89
29.7241    68
29.7341    89
29.7441    81
29.7541    80
29.7641    68
29.7741    70
29.7841    65
29.7941    76
29.8041    77
29.8141    76
29.8241    67
29.8341    66
29.8441    70
29.8541    59
29.8641    62
29.8741    73
29.8841    74
29.8941    81
29.9041    77
29.9141    56
29.9241    66
29.9341    70
29.9441    76
29.9541    83
29.9641    60
29.9741    69
29.9841    80
29.9941    80
30.0041    69
30.0141    72
30.0241    73
30.0341    74
30.0441    74
30.0541    75
30.0641    73
30.0741    76
30.0841    76
30.0941    83
30.1041    63
30.1141    88
30.1241    73
30.1341    72
30.1441    72
30.1541    68
30.1641    65
30.1741    68
30.1841    78
30.1941    69
30.2041    78
30.2141    55
30.2241    57
30.2341    68
30.2441    70
30.2541    75
30.2641    71
30.2741    73
30.2841    56
30.2941    69
30.3041    82
30.3141    65
30.3241    80
30.3341    65
30.3441    67
30.3541    67
30.3641    69
30.3741    67
30.3841    73
30.3941    78
30.4041    65
30.4141    72
30.4241    78
30.4341    66
30.4441    77
30.4541    57
30.4641    64
30.4741    59
30.4841    67
30.4941    74
30.5041    78
30.5141    67
30.5241    75
30.5341    64
30.5441    56
30.5541    68
30.5641    64
30.5741    64
30.5841    60
30.5941    76
30.6041    72
30.6141    65
30.6241    67
30.6341    73
30.6441    65
30.6541    83
30.6641    73
30.6741    59
30.6841    64
30.6941    72
30.7041    72
30.7141    74
30.7241    80
30.7341    81
30.7441    84
30.7541    67
30.7641    70
30.7741    82
30.7841    81
30.7941    71
30.8041    94
30.8141    61
30.8241    59
30.8341    64
30.8441    75
30.8541    57
30.8641    63
30.8741    56
30.8841    74
30.8941    74
30.9041    60
30.9141    62
30.9241    65
30.9341    76
30.9441    73
30.9541    60
30.9641    69
30.9741    68
30.9841    65
30.9941    64
31.0041    71
31.0141    66
31.0241    65
31.0341    64
31.0441    61
31.0541    71
31.0641    80
31.0741    68
31.0841    64
31.0941    69
31.1041    57
31.1141    71
31.1241    75
31.1341    69
31.1441    64
31.1541    60
31.1641    61
31.1741    68
31.1841    73
31.1941    56
31.2041    70
31.2141    60
31.2241    63
31.2341    68
31.2441    59
31.2541    68
31.2641    47
31.2741    54
31.2841    66
31.2941    79
31.3041    57
31.3141    53
31.3241    53
31.3341    63
31.3441    70
31.3541    54
31.3641    46
31.3741    60
31.3841    60
31.3941    49
31.4041    71
31.4141    52
31.4241    53
31.4341    57
31.4441    45
31.4541    61
31.4641    53
31.4741    57
31.4841    62
31.4941    66
31.5041    57
31.5141    57
31.5241    48
31.5341    56
31.5441    69
31.5541    55
31.5641    66
31.5741    69
31.5841    69
31.5941    55
31.6041    56
31.6141    61
31.6241    59
31.6341    62
31.6441    63
31.6541    45
31.6641    52
31.6741    58
31.6841    58
31.6941    78
31.7041    65
31.7141    46
31.7241    65
31.7341    73
31.7441    66
31.7541    65
31.7641    56
31.7741    45
31.7841    55
31.7941    66
31.8041    61
31.8141    57
31.8241    68
31.8341    60
31.8441    57
31.8541    62
31.8641    53
31.8741    56
31.8841    69
31.8941    69
31.9041    60
31.9141    68
31.9241    66
31.9341    62
31.9441    67
31.9541    58
31.9641    70
31.9741    58
31.9841    56
31.9941    68
32.0041    65
32.0141    64
32.0241    64
32.0341    66
32.0441    51
32.0541    65
32.0641    56
32.0741    49
32.0841    62
32.0941    60
32.1041    73
32.1141    72
32.1241    76
32.1341    74
32.1441    71
32.1541    50
32.1641    65
32.1741    57
32.1841    79
32.1941    60
32.2041    79
32.2141    62
32.2241    60
32.2341    70
32.2441    68
32.2541    68
32.2641    61
32.2741    52
32.2841    62
32.2941    68
32.3041    62
32.3141    58
32.3241    68
32.3341    47
32.3441    45
32.3541    58
32.3641    45
32.3741    63
32.3841    49
32.3941    42
32.4041    56
32.4141    47
32.4241    40
32.4341    51
32.4441    51
32.4541    62
32.4641    51
32.4741    41
32.4841    51
32.4941    52
32.5041    52
32.5141    62
32.5241    59
32.5341    49
32.5441    54
32.5541    45
32.5641    40
32.5741    47
32.5841    62
32.5941    52
32.6041    59
32.6141    49
32.6241    49
32.6341    50
32.6441    50
32.6541    46
32.6641    64
32.6741    54
32.6841    47
32.6941    57
32.7041    50
32.7141    49
32.7241    63
32.7341    48
32.7441    43
32.7541    40
32.7641    60
32.7741    51
32.7841    42
32.7941    59
32.8041    60
32.8141    48
32.8241    46
32.8341    48
32.8441    45
32.8541    47
32.8641    59
32.8741    42
32.8841    50
32.8941    53
32.9041    46
32.9141    44
32.9241    43
32.9341    43
32.9441    44
32.9541    61
32.9641    49
32.9741    44
32.9841    56
32.9941    53
33.0041    49
33.0141    53
33.0241    54
33.0341    44
33.0441    56
33.0541    46
33.0641    48
33.0741    43
33.0841    45
33.0941    42
33.1041    40
33.1141    40
33.1241    38
33.1341    42
33.1441    38
33.1541    51
33.1641    45
33.1741    51
33.1841    52
33.1941    55
33.2041    54
33.2141    44
33.2241    43
33.2341    43
33.2441    42
33.2541    41
33.2641    42
33.2741    37
33.2841    43
33.2941    46
33.3041    51
33.3141    56
33.3241    47
33.3341    59
33.3441    41
33.3541    44
33.3641    45
33.3741    39
33.3841    50
33.3941    42
33.4041    57
33.4141    47
33.4241    44
33.4341    61
33.4441    44
33.4541    45
33.4641    46
33.4741    52
33.4841    49
33.4941    47
33.5041    40
33.5141    51
33.5241    52
33.5341    35
33.5441    46
33.5541    50
33.5641    36
33.5741    45
33.5841    46
33.5941    47
33.6041    37
33.6141    42
33.6241    41
33.6341    40
33.6441    39
33.6541    53
33.6641    43
33.6741    45
33.6841    42
33.6941    31
33.7041    45
33.7141    47
33.7241    49
33.7341    38
33.7441    62
33.7541    49
33.7641    29
33.7741    43
33.7841    39
33.7941    47
33.8041    30
33.8141    40
33.8241    36
33.8341    40
33.8441    41
33.8541    41
33.8641    55
33.8741    41
33.8841    36
33.8941    34
33.9041    44
33.9141    44
33.9241    47
33.9341    40
33.9441    39
33.9541    39
33.9641    41
33.9741    40
33.9841    37
33.9941    31
34.0041    38
34.0141    47
34.0241    33
34.0341    42
34.0441    37
34.0541    34
34.0641    43
34.0741    28
34.0841    45
34.0941    42
34.1041    33
34.1141    36
34.1241    34
34.1341    34
34.1441    37
34.1541    38
34.1641    39
34.1741    35
34.1841    41
34.1941    42
34.2041    44
34.2141    43
34.2241    33
34.2341    45
34.2441    35
34.2541    49
34.2641    40
34.2741    35
34.2841    33
34.2941    45
34.3041    44
34.3141    44
34.3241    49
34.3341    38
34.3441    44
34.3541    43
34.3641    39
34.3741    38
34.3841    38
34.3941    41
34.4041    46
34.4141    37
34.4241    31
34.4341    46
34.4441    39
34.4541    40
34.4641    41
34.4741    34
34.4841    45
34.4941    41
34.5041    29
34.5141    40
34.5241    37
34.5341    35
34.5441    41
34.5541    43
34.5641    37
34.5741    29
34.5841    35
34.5941    38
34.6041    44
34.6141    34
34.6241    38
34.6341    39
34.6441    43
34.6541    39
34.6641    35
34.6741    34
34.6841    34
34.6941    35
34.7041    52
34.7141    56
34.7241    31
34.7341    28
34.7441    38
34.7541    32
34.7641    33
34.7741    34
34.7841    34
34.7941    43
34.8041    32
34.8141    33
34.8241    34
34.8341    35
34.8441    29
34.8541    29
34.8641    33
34.8741    27
34.8841    36
34.8941    29
34.9041    35
34.9141    33
34.9241    32
34.9341    20
34.9441    36
34.9541    30
34.9641    29
34.9741    35
34.9841    36
34.9941    41
35.0041    36
35.0141    23
35.0241    39
35.0341    29
35.0441    28
35.0541    35
35.0641    32
35.0741    30
35.0841    32
35.0941    25
35.1041    31
35.1141    42
35.1241    31
35.1341    32
35.1441    30
35.1541    23
35.1641    26
35.1741    34
35.1841    28
35.1941    30
35.2041    31
35.2141    41
35.2241    26
35.2341    34
35.2441    29
35.2541    36
35.2641    31
35.2741    31
35.2841    27
35.2941    22
35.3041    32
35.3141    33
35.3241    32
35.3341    27
35.3441    26
35.3541    24
35.3641    32
35.3741    36
35.3841    43
35.3941    31
35.4041    30
35.4141    26
35.4241    27
35.4341    34
35.4441    27
35.4541    27
35.4641    35
35.4741    20
35.4841    34
35.4941    32
35.5041    33
35.5141    35
35.5241    37
35.5341    22
35.5441    24
35.5541    27
35.5641    31
35.5741    25
35.5841    24
35.5941    31
35.6041    39
35.6141    29
35.6241    20
35.6341    20
35.6441    32
35.6541    21
35.6641    27
35.6741    29
35.6841    23
35.6941    20
35.7041    18
35.7141    29
35.7241    28
35.7341    30
35.7441    28
35.7541    25
35.7641    26
35.7741    25
35.7841    19
35.7941    39
35.8041    33
35.8141    31
35.8241    32
35.8341    16
35.8441    31
35.8541    31
35.8641    31
35.8741    32
35.8841    27
35.8941    30
35.9041    26
35.9141    24
35.9241    27
35.9341    37
35.9441    33
35.9541    19
35.9641    24
35.9741    26
35.9841    19
35.9941    24
36.0041    19
36.0141    35
36.0241    32
36.0341    27
36.0441    20
36.0541    22
36.0641    32
36.0741    30
36.0841    26
36.0941    19
36.1041    28
36.1141    23
36.1241    24
36.1341    32
36.1441    24
36.1541    24
36.1641    24
36.1741    21
36.1841    14
36.1941    35
36.2041    24
36.2141    15
36.2241    19
36.2341    30
36.2441    34
36.2541    26
36.2641    33
36.2741    23
36.2841    25
36.2941    31
36.3041    17
36.3141    41
36.3241    29
36.3341    23
36.3441    32
36.3541    25
36.3641    26
36.3741    31
36.3841    25
36.3941    26
36.4041    37
36.4141    27
36.4241    26
36.4341    31
36.4441    16
36.4541    24
36.4641    30
36.4741    27
36.4841    23
36.4941    28
36.5041    32
36.5141    21
36.5241    22
36.5341    21
36.5441    29
36.5541    21
36.5641    24
36.5741    29
36.5841    31
36.5941    32
36.6041    27
36.6141    17
36.6241    24
36.6341    26
36.6441    20
36.6541    21
36.6641    22
36.6741    17
36.6841    19
36.6941    18
36.7041    27
36.7141    18
36.7241    19
36.7341    28
36.7441    21
36.7541    23
36.7641    22
36.7741    27
36.7841    25
36.7941    20
36.8041    17
36.8141    17
36.8241    26
36.8341    21
36.8441    22
36.8541    21
36.8641    21
36.8741    12
36.8841    14
36.8941    18
36.9041    24
36.9141    18
36.9241    21
36.9341    26
36.9441    25
36.9541    14
36.9641    35
36.9741    21
36.9841    19
36.9941    23
37.0041    22
37.0141    23
37.0241    20
37.0341    22
37.0441    31
37.0541    24
37.0641    26
37.0741    24
37.0841    11
37.0941    13
37.1041    18
37.1141    10
37.1241    26
37.1341    24
37.1441    25
37.1541    23
37.1641    26
37.1741    23
37.1841    21
37.1941    18
37.2041    24
37.2141    13
37.2241    28
37.2341    17
37.2441    18
37.2541    20
37.2641    21
37.2741    21
37.2841    21
37.2941    19
37.3041    18
37.3141    24
37.3241    14
37.3341    24
37.3441    20
37.3541    18
37.3641    25
37.3741    22
37.3841    25
37.3941    16
37.4041    30
37.4141    23
37.4241    15
37.4341    18
37.4441    12
37.4541    11
37.4641    20
37.4741    25
37.4841    27
37.4941    15
37.5041    16
37.5141    19
37.5241    22
37.5341    16
37.5441    18
37.5541    21
37.5641    17
37.5741    19
37.5841    14
37.5941    25
37.6041    17
37.6141    22
37.6241    22
37.6341    15
37.6441    13
37.6541    18
37.6641    17
37.6741    18
37.6841    16
37.6941    20
37.7041    22
37.7141    20
37.7241    18
37.7341    13
37.7441    16
37.7541    20
37.7641    18
37.7741    23
37.7841    17
37.7941    14
37.8041    16
37.8141    27
37.8241    17
37.8341    12
37.8441    20
37.8541    19
37.8641    13
37.8741    18
37.8841    19
37.8941    12
37.9041    18
37.9141    20
37.9241    16
37.9341    18
37.9441    19
37.9541    21
37.9641    15
37.9741    17
37.9841    16
37.9941    13
38.0041    15
38.0141    13
38.0241     9
38.0341    17
38.0441    20
38.0541    15
38.0641     8
38.0741    10
38.0841    19
38.0941    16
38.1041    21
38.1141    14
38.1241    16
38.1341    18
38.1441    14
38.1541    16
38.1641     9
38.1741    13
38.1841    16
38.1941    14
38.2041    13
38.2141    21
38.2241     9
38.2341    19
38.2441    21
38.2541    10
38.2641    21
38.2741    12
38.2841    19
38.2941     9
38.3041    14
38.3141    16
38.3241    12
38.3341    18
38.3441    14
38.3541    21
38.3641    12
38.3741    16
38.3841    11
38.3941    18
38.4041    13
38.4141    11
38.4241    11
38.4341    16
38.4441    17
38.4541    12
38.4641    13
38.4741    16
38.4841    14
38.4941    10
38.5041    12
38.5141    14
38.5241    20
38.5341    21
38.5441    17
38.5541    15
38.5641    10
38.5741    11
38.5841    14
38.5941    15
38.6041    13
38.6141    15
38.6241    13
38.6341    10
38.6441    12
38.6541    14
38.6641    11
38.6741    13
38.6841    17
38.6941    10
38.7041     9
38.7141    19
38.7241    14
38.7341    10
38.7441    11
38.7541    13
38.7641    11
38.7741    13
38.7841    10
38.7941     9
38.8041    10
38.8141    11
38.8241    13
38.8341    15
38.8441    11
38.8541    11
38.8641     7
38.8741    12
38.8841    16
38.8941    13
38.9041     7
38.9141     8
38.9241    11
38.9341    13
38.9441    16
38.9541    15
38.9641    11
38.9741    13
38.9841    14
38.9941     9
39.0041     8
39.0141    12
39.0241     9
39.0341    13
39.0441     5
39.0541    16
39.0641    15
39.0741    16
39.0841    17
39.0941    12
39.1041    16
39.1141     8
39.1241     8
39.1341    12
39.1441    16
39.1541    11
39.1641    15
39.1741    15
39.1841    10
39.1941     9
39.2041    10
39.2141    13
39.2241    14
39.2341    14
39.2441     7
39.2541    10
39.2641    15
39.2741    13
39.2841    14
39.2941    16
39.3041    16
39.3141    12
39.3241     6
39.3341     4
39.3441     7
39.3541    16
39.3641    11
39.3741    10
39.3841    11
39.3941    11
39.4041    14
39.4141    14
39.4241     6
39.4341    13
39.4441     5
39.4541    10
39.4641     7
39.4741    12
39.4841     8
39.4941     7
39.5041    12
39.5141    12
39.5241     8
39.5341    14
39.5441    11
39.5541     4
39.5641    16
39.5741    19
39.5841     1
39.5941    10
39.6041     9
39.6141    12
39.6241    11
39.6341     7
39.6441     7
39.6541    10
39.6641     8
39.6741    13
39.6841    10
39.6941     7
39.7041    11
39.7141     4
39.7241    12
39.7341     7
39.7441     7
39.7541     9
39.7641    13
39.7741    11
39.7841     9
39.7941    10
39.8041     7
39.8141     8
39.8241     4
39.8341     8
39.8441     6
39.8541    10
39.8641    16
39.8741     5
39.8841    11
39.8941    12
39.9041     6
39.9141     8
39.9241    11
39.9341    11
39.9441     2
39.9541     9
39.9641    11
39.9741     7
39.9841     5
