Bruker Nano GmbH Berlin, Germany
Esprit 1.9

Date: 5/14/2021 1:36:00 PM
Real time: 12444
Life time: 11447
Pulse density: 121737


Detector type: XFlash 430
Window type: Custom type
Detector thickness: 0.45
Si dead layer:0.029

Calibration, lin.: 10
Calibration, abs.: -955.9
Mn FWHM: 137.05
Fano factor: 0.121
Channels: 4095

Energy Counts
-0.9559     0
-0.9459     0
-0.9359     0
-0.9259     0
-0.9159     0
-0.9059     0
-0.8959     0
-0.8859     0
-0.8759     0
-0.8659     0
-0.8559     0
-0.8459     0
-0.8359     0
-0.8259     0
-0.8159     0
-0.8059     0
-0.7959     0
-0.7859     0
-0.7759     0
-0.7659     0
-0.7559     0
-0.7459     0
-0.7359     0
-0.7259     0
-0.7159     0
-0.7059     0
-0.6959     0
-0.6859     0
-0.6759     0
-0.6659     0
-0.6559     0
-0.6459     0
-0.6359     0
-0.6259     0
-0.6159     0
-0.6059     0
-0.5959     0
-0.5859     0
-0.5759     0
-0.5659     0
-0.5559     0
-0.5459     0
-0.5359     0
-0.5259     0
-0.5159     0
-0.5059     0
-0.4959     0
-0.4859     0
-0.4759     0
-0.4659     0
-0.4559     0
-0.4459     0
-0.4359     0
-0.4259     0
-0.4159     0
-0.4059     0
-0.3959     0
-0.3859     0
-0.3759     0
-0.3659     0
-0.3559     0
-0.3459     0
-0.3359     0
-0.3259     0
-0.3159     0
-0.3059     0
-0.2959     0
-0.2859     0
-0.2759     0
-0.2659     0
-0.2559     0
-0.2459     0
-0.2359     0
-0.2259     0
-0.2159     0
-0.2059     0
-0.1959     0
-0.1859     0
-0.1759     0
-0.1659     0
-0.1559     0
-0.1459     0
-0.1359     0
-0.1259     0
-0.1159     2
-0.1059     9
-0.0959    28
-0.0859   125
-0.0759   379
-0.0659  1322
-0.0559  3380
-0.0459  7328
-0.0359 13517
-0.0259 21690
-0.0159 29826
-0.0059 35396
 0.0041 35276
 0.0141 30465
 0.0241 22225
 0.0341 14263
 0.0441  7617
 0.0541  3638
 0.0641  1414
 0.0741   489
 0.0841   184
 0.0941    48
 0.1041    12
 0.1141    10
 0.1241     4
 0.1341     5
 0.1441     7
 0.1541     3
 0.1641     6
 0.1741     0
 0.1841   111
 0.1941   191
 0.2041   201
 0.2141   175
 0.2241   200
 0.2341   203
 0.2441   206
 0.2541   201
 0.2641   185
 0.2741   172
 0.2841   186
 0.2941   199
 0.3041   185
 0.3141   175
 0.3241   161
 0.3341   195
 0.3441   177
 0.3541   175
 0.3641   183
 0.3741   179
 0.3841   165
 0.3941   169
 0.4041   156
 0.4141   162
 0.4241   176
 0.4341   164
 0.4441   175
 0.4541   178
 0.4641   164
 0.4741   152
 0.4841   153
 0.4941   162
 0.5041   148
 0.5141   157
 0.5241   172
 0.5341   161
 0.5441   154
 0.5541   145
 0.5641   141
 0.5741   149
 0.5841   153
 0.5941   150
 0.6041   161
 0.6141   146
 0.6241   132
 0.6341   151
 0.6441   153
 0.6541   161
 0.6641   158
 0.6741   135
 0.6841   133
 0.6941   142
 0.7041   141
 0.7141   149
 0.7241   150
 0.7341   153
 0.7441   141
 0.7541   126
 0.7641   131
 0.7741   125
 0.7841   122
 0.7941   129
 0.8041   140
 0.8141   151
 0.8241   131
 0.8341   120
 0.8441   135
 0.8541   134
 0.8641   124
 0.8741   129
 0.8841   126
 0.8941   121
 0.9041   113
 0.9141   130
 0.9241   118
 0.9341   120
 0.9441   128
 0.9541   118
 0.9641   125
 0.9741   107
 0.9841   133
 0.9941   138
 1.0041   133
 1.0141   110
 1.0241   122
 1.0341   107
 1.0441   130
 1.0541   129
 1.0641   122
 1.0741   116
 1.0841   121
 1.0941   136
 1.1041   123
 1.1141   104
 1.1241   120
 1.1341   125
 1.1441   106
 1.1541   124
 1.1641   115
 1.1741   114
 1.1841   119
 1.1941   127
 1.2041   129
 1.2141   116
 1.2241   127
 1.2341   116
 1.2441   121
 1.2541   136
 1.2641   121
 1.2741   116
 1.2841   114
 1.2941   112
 1.3041   101
 1.3141   105
 1.3241    91
 1.3341   106
 1.3441   110
 1.3541    94
 1.3641   105
 1.3741   117
 1.3841   110
 1.3941   121
 1.4041   107
 1.4141   111
 1.4241   114
 1.4341   122
 1.4441   110
 1.4541   120
 1.4641   117
 1.4741   114
 1.4841   120
 1.4941   119
 1.5041   110
 1.5141    97
 1.5241   110
 1.5341    95
 1.5441   109
 1.5541   122
 1.5641   111
 1.5741    99
 1.5841   113
 1.5941    99
 1.6041   104
 1.6141   112
 1.6241   122
 1.6341   108
 1.6441   111
 1.6541   135
 1.6641   190
 1.6741   190
 1.6841   212
 1.6941   260
 1.7041   335
 1.7141   413
 1.7241   439
 1.7341   437
 1.7441   425
 1.7541   415
 1.7641   399
 1.7741   348
 1.7841   281
 1.7941   219
 1.8041   189
 1.8141   164
 1.8241   152
 1.8341   131
 1.8441   141
 1.8541   123
 1.8641   129
 1.8741   107
 1.8841   114
 1.8941    98
 1.9041   125
 1.9141   118
 1.9241   114
 1.9341   114
 1.9441   141
 1.9541   101
 1.9641   129
 1.9741   118
 1.9841   144
 1.9941   124
 2.0041   117
 2.0141   143
 2.0241   130
 2.0341   120
 2.0441   130
 2.0541   119
 2.0641   112
 2.0741   103
 2.0841   102
 2.0941   116
 2.1041    92
 2.1141   106
 2.1241   104
 2.1341   100
 2.1441   114
 2.1541   100
 2.1641    90
 2.1741    91
 2.1841   102
 2.1941    83
 2.2041    83
 2.2141   102
 2.2241   108
 2.2341   103
 2.2441    92
 2.2541    83
 2.2641    82
 2.2741    93
 2.2841    94
 2.2941   100
 2.3041    91
 2.3141   112
 2.3241    96
 2.3341    90
 2.3441    86
 2.3541    92
 2.3641    84
 2.3741    88
 2.3841    77
 2.3941    92
 2.4041    93
 2.4141    89
 2.4241    91
 2.4341    83
 2.4441    90
 2.4541    91
 2.4641    87
 2.4741    78
 2.4841    82
 2.4941    82
 2.5041    60
 2.5141    85
 2.5241    96
 2.5341    87
 2.5441    86
 2.5541    73
 2.5641    88
 2.5741    86
 2.5841    88
 2.5941    78
 2.6041    96
 2.6141    82
 2.6241    89
 2.6341    91
 2.6441    88
 2.6541    91
 2.6641    93
 2.6741    78
 2.6841    92
 2.6941    95
 2.7041    87
 2.7141    67
 2.7241    83
 2.7341    85
 2.7441    71
 2.7541    76
 2.7641    94
 2.7741    95
 2.7841    75
 2.7941    86
 2.8041    93
 2.8141    81
 2.8241    67
 2.8341    92
 2.8441    97
 2.8541    81
 2.8641    82
 2.8741    78
 2.8841    68
 2.8941    90
 2.9041    73
 2.9141    81
 2.9241    65
 2.9341    79
 2.9441    64
 2.9541    52
 2.9641    81
 2.9741    71
 2.9841    76
 2.9941    76
 3.0041    75
 3.0141    68
 3.0241    71
 3.0341    68
 3.0441    62
 3.0541    75
 3.0641    67
 3.0741    75
 3.0841    69
 3.0941    54
 3.1041    71
 3.1141    81
 3.1241    77
 3.1341    69
 3.1441    57
 3.1541    71
 3.1641    69
 3.1741    68
 3.1841    70
 3.1941    84
 3.2041    89
 3.2141    79
 3.2241    88
 3.2341   102
 3.2441   134
 3.2541   134
 3.2641   162
 3.2741   210
 3.2841   240
 3.2941   230
 3.3041   239
 3.3141   241
 3.3241   236
 3.3341   236
 3.3441   230
 3.3541   161
 3.3641   152
 3.3741   118
 3.3841    98
 3.3941    96
 3.4041    82
 3.4141    72
 3.4241    70
 3.4341    71
 3.4441    61
 3.4541    57
 3.4641    65
 3.4741    85
 3.4841    70
 3.4941    70
 3.5041    74
 3.5141    68
 3.5241    78
 3.5341    75
 3.5441    92
 3.5541    85
 3.5641   112
 3.5741   137
 3.5841   172
 3.5941   202
 3.6041   233
 3.6141   300
 3.6241   322
 3.6341   401
 3.6441   476
 3.6541   561
 3.6641   615
 3.6741   695
 3.6841   709
 3.6941   665
 3.7041   687
 3.7141   672
 3.7241   535
 3.7341   481
 3.7441   360
 3.7541   323
 3.7641   256
 3.7741   199
 3.7841   138
 3.7941   119
 3.8041   115
 3.8141    75
 3.8241    58
 3.8341    58
 3.8441    59
 3.8541    56
 3.8641    43
 3.8741    55
 3.8841    56
 3.8941    62
 3.9041    54
 3.9141    66
 3.9241    60
 3.9341    87
 3.9441    97
 3.9541    94
 3.9641   115
 3.9741   124
 3.9841   137
 3.9941   134
 4.0041   133
 4.0141   144
 4.0241   127
 4.0341   127
 4.0441   127
 4.0541   109
 4.0641   110
 4.0741   103
 4.0841    90
 4.0941    92
 4.1041    73
 4.1141    68
 4.1241    58
 4.1341    60
 4.1441    43
 4.1541    53
 4.1641    58
 4.1741    48
 4.1841    47
 4.1941    40
 4.2041    34
 4.2141    57
 4.2241    45
 4.2341    38
 4.2441    53
 4.2541    52
 4.2641    46
 4.2741    50
 4.2841    40
 4.2941    48
 4.3041    43
 4.3141    41
 4.3241    46
 4.3341    47
 4.3441    58
 4.3541    49
 4.3641    69
 4.3741    60
 4.3841    76
 4.3941   101
 4.4041   119
 4.4141   131
 4.4241   186
 4.4341   195
 4.4441   251
 4.4541   279
 4.4641   310
 4.4741   344
 4.4841   386
 4.4941   443
 4.5041   407
 4.5141   436
 4.5241   407
 4.5341   392
 4.5441   315
 4.5541   294
 4.5641   263
 4.5741   229
 4.5841   194
 4.5941   144
 4.6041   125
 4.6141    96
 4.6241    85
 4.6341    77
 4.6441    63
 4.6541    59
 4.6641    70
 4.6741    74
 4.6841    78
 4.6941    66
 4.7041    36
 4.7141    55
 4.7241    45
 4.7341    56
 4.7441    56
 4.7541    59
 4.7641    61
 4.7741    65
 4.7841    78
 4.7941    75
 4.8041    86
 4.8141    85
 4.8241    84
 4.8341   100
 4.8441   105
 4.8541    92
 4.8641   111
 4.8741   124
 4.8841   114
 4.8941   110
 4.9041   140
 4.9141   133
 4.9241   145
 4.9341   164
 4.9441   142
 4.9541   153
 4.9641   144
 4.9741   126
 4.9841   107
 4.9941    98
 5.0041    93
 5.0141    95
 5.0241    74
 5.0341    76
 5.0441    78
 5.0541    63
 5.0641    68
 5.0741    60
 5.0841    55
 5.0941    68
 5.1041    67
 5.1141    64
 5.1241    46
 5.1341    55
 5.1441    58
 5.1541    65
 5.1641    75
 5.1741    63
 5.1841    54
 5.1941    51
 5.2041    62
 5.2141    57
 5.2241    64
 5.2341    59
 5.2441    53
 5.2541    63
 5.2641    63
 5.2741    66
 5.2841    68
 5.2941    58
 5.3041    62
 5.3141    68
 5.3241    61
 5.3341    80
 5.3441    87
 5.3541    71
 5.3641    92
 5.3741    94
 5.3841    93
 5.3941    95
 5.4041   108
 5.4141   114
 5.4241    97
 5.4341    83
 5.4441    92
 5.4541   102
 5.4641    99
 5.4741    78
 5.4841    84
 5.4941    76
 5.5041    88
 5.5141    73
 5.5241    73
 5.5341    69
 5.5441    55
 5.5541    63
 5.5641    65
 5.5741    71
 5.5841    67
 5.5941    69
 5.6041    85
 5.6141    75
 5.6241    73
 5.6341    73
 5.6441    66
 5.6541    70
 5.6641    62
 5.6741    62
 5.6841    72
 5.6941    77
 5.7041    86
 5.7141    91
 5.7241    87
 5.7341   129
 5.7441   132
 5.7541   178
 5.7641   220
 5.7741   261
 5.7841   355
 5.7941   458
 5.8041   536
 5.8141   700
 5.8241   832
 5.8341   972
 5.8441  1179
 5.8541  1303
 5.8641  1408
 5.8741  1601
 5.8841  1663
 5.8941  1653
 5.9041  1592
 5.9141  1537
 5.9241  1408
 5.9341  1376
 5.9441  1136
 5.9541  1001
 5.9641   835
 5.9741   700
 5.9841   538
 5.9941   465
 6.0041   342
 6.0141   255
 6.0241   205
 6.0341   161
 6.0441   125
 6.0541   120
 6.0641   149
 6.0741   127
 6.0841   123
 6.0941   126
 6.1041   115
 6.1141   128
 6.1241   132
 6.1341   136
 6.1441   135
 6.1541   140
 6.1641   198
 6.1741   207
 6.1841   209
 6.1941   299
 6.2041   390
 6.2141   533
 6.2241   684
 6.2341   931
 6.2441  1346
 6.2541  1908
 6.2641  2605
 6.2741  3644
 6.2841  4871
 6.2941  6497
 6.3041  8402
 6.3141 10478
 6.3241 13067
 6.3341 15814
 6.3441 18590
 6.3541 20937
 6.3641 23313
 6.3741 25300
 6.3841 26853
 6.3941 27234
 6.4041 27156
 6.4141 26320
 6.4241 25040
 6.4341 22683
 6.4441 20678
 6.4541 17840
 6.4641 15297
 6.4741 12541
 6.4841 10064
 6.4941  7862
 6.5041  6011
 6.5141  4535
 6.5241  3297
 6.5341  2374
 6.5441  1714
 6.5541  1163
 6.5641   865
 6.5741   630
 6.5841   466
 6.5941   324
 6.6041   267
 6.6141   191
 6.6241   166
 6.6341   167
 6.6441   124
 6.6541   118
 6.6641   138
 6.6741   131
 6.6841   118
 6.6941   125
 6.7041   129
 6.7141   137
 6.7241   144
 6.7341   134
 6.7441   121
 6.7541   150
 6.7641   134
 6.7741   119
 6.7841   160
 6.7941   152
 6.8041   172
 6.8141   176
 6.8241   176
 6.8341   200
 6.8441   241
 6.8541   241
 6.8641   286
 6.8741   297
 6.8841   363
 6.8941   416
 6.9041   545
 6.9141   650
 6.9241   859
 6.9341  1043
 6.9441  1233
 6.9541  1571
 6.9641  1880
 6.9741  2281
 6.9841  2664
 6.9941  2947
 7.0041  3498
 7.0141  3813
 7.0241  4183
 7.0341  4455
 7.0441  4572
 7.0541  4573
 7.0641  4713
 7.0741  4369
 7.0841  4047
 7.0941  3861
 7.1041  3413
 7.1141  2856
 7.1241  2553
 7.1341  2227
 7.1441  1809
 7.1541  1429
 7.1641  1132
 7.1741   859
 7.1841   645
 7.1941   499
 7.2041   356
 7.2141   293
 7.2241   220
 7.2341   218
 7.2441   170
 7.2541   162
 7.2641   142
 7.2741   141
 7.2841   134
 7.2941   123
 7.3041   135
 7.3141   159
 7.3241   132
 7.3341   139
 7.3441   164
 7.3541   155
 7.3641   152
 7.3741   183
 7.3841   187
 7.3941   190
 7.4041   189
 7.4141   164
 7.4241   209
 7.4341   182
 7.4441   208
 7.4541   204
 7.4641   180
 7.4741   178
 7.4841   184
 7.4941   197
 7.5041   178
 7.5141   182
 7.5241   170
 7.5341   156
 7.5441   142
 7.5541   155
 7.5641   124
 7.5741   105
 7.5841   134
 7.5941   110
 7.6041   114
 7.6141   137
 7.6241   107
 7.6341   103
 7.6441   109
 7.6541   112
 7.6641   119
 7.6741   123
 7.6841   132
 7.6941   140
 7.7041   142
 7.7141   123
 7.7241   138
 7.7341   128
 7.7441   121
 7.7541   142
 7.7641   141
 7.7741   106
 7.7841   141
 7.7941   128
 7.8041   155
 7.8141   159
 7.8241   169
 7.8341   185
 7.8441   184
 7.8541   184
 7.8641   169
 7.8741   172
 7.8841   165
 7.8941   172
 7.9041   210
 7.9141   203
 7.9241   238
 7.9341   235
 7.9441   244
 7.9541   280
 7.9641   307
 7.9741   283
 7.9841   341
 7.9941   359
 8.0041   387
 8.0141   397
 8.0241   460
 8.0341   505
 8.0441   489
 8.0541   573
 8.0641   559
 8.0741   625
 8.0841   635
 8.0941   629
 8.1041   680
 8.1141   723
 8.1241   745
 8.1341   768
 8.1441   844
 8.1541   786
 8.1641   809
 8.1741   824
 8.1841   833
 8.1941   815
 8.2041   795
 8.2141   862
 8.2241   839
 8.2341   833
 8.2441   859
 8.2541   897
 8.2641   925
 8.2741   994
 8.2841  1028
 8.2941  1126
 8.3041  1181
 8.3141  1316
 8.3241  1431
 8.3341  1459
 8.3441  1635
 8.3541  1760
 8.3641  1798
 8.3741  1864
 8.3841  1829
 8.3941  1869
 8.4041  1847
 8.4141  1751
 8.4241  1731
 8.4341  1568
 8.4441  1374
 8.4541  1308
 8.4641  1142
 8.4741  1058
 8.4841   865
 8.4941   733
 8.5041   647
 8.5141   556
 8.5241   500
 8.5341   437
 8.5441   415
 8.5541   403
 8.5641   410
 8.5741   398
 8.5841   366
 8.5941   415
 8.6041   388
 8.6141   380
 8.6241   404
 8.6341   431
 8.6441   423
 8.6541   392
 8.6641   352
 8.6741   349
 8.6841   338
 8.6941   318
 8.7041   296
 8.7141   286
 8.7241   256
 8.7341   249
 8.7441   229
 8.7541   209
 8.7641   205
 8.7741   194
 8.7841   192
 8.7941   195
 8.8041   191
 8.8141   188
 8.8241   183
 8.8341   176
 8.8441   195
 8.8541   162
 8.8641   191
 8.8741   178
 8.8841   164
 8.8941   177
 8.9041   183
 8.9141   180
 8.9241   182
 8.9341   193
 8.9441   182
 8.9541   194
 8.9641   200
 8.9741   211
 8.9841   196
 8.9941   211
 9.0041   217
 9.0141   218
 9.0241   205
 9.0341   219
 9.0441   240
 9.0541   227
 9.0641   251
 9.0741   236
 9.0841   257
 9.0941   267
 9.1041   274
 9.1141   276
 9.1241   286
 9.1341   308
 9.1441   332
 9.1541   333
 9.1641   361
 9.1741   377
 9.1841   361
 9.1941   413
 9.2041   418
 9.2141   445
 9.2241   455
 9.2341   480
 9.2441   517
 9.2541   555
 9.2641   573
 9.2741   572
 9.2841   588
 9.2941   609
 9.3041   676
 9.3141   653
 9.3241   674
 9.3341   717
 9.3441   721
 9.3541   760
 9.3641   743
 9.3741   757
 9.3841   750
 9.3941   790
 9.4041   780
 9.4141   784
 9.4241   829
 9.4341   819
 9.4441   829
 9.4541   806
 9.4641   873
 9.4741   890
 9.4841   893
 9.4941   872
 9.5041   891
 9.5141   941
 9.5241   960
 9.5341  1013
 9.5441  1045
 9.5541  1091
 9.5641  1153
 9.5741  1196
 9.5841  1282
 9.5941  1365
 9.6041  1455
 9.6141  1477
 9.6241  1555
 9.6341  1620
 9.6441  1606
 9.6541  1654
 9.6641  1698
 9.6741  1654
 9.6841  1546
 9.6941  1555
 9.7041  1521
 9.7141  1413
 9.7241  1398
 9.7341  1307
 9.7441  1156
 9.7541  1035
 9.7641  1001
 9.7741   927
 9.7841   872
 9.7941   807
 9.8041   744
 9.8141   700
 9.8241   659
 9.8341   625
 9.8441   626
 9.8541   625
 9.8641   672
 9.8741   612
 9.8841   622
 9.8941   625
 9.9041   653
 9.9141   654
 9.9241   679
 9.9341   726
 9.9441   702
 9.9541   700
 9.9641   681
 9.9741   679
 9.9841   637
 9.9941   589
10.0041   562
10.0141   516
10.0241   484
10.0341   456
10.0441   422
10.0541   376
10.0641   323
10.0741   282
10.0841   247
10.0941   214
10.1041   200
10.1141   187
10.1241   180
10.1341   155
10.1441   173
10.1541   153
10.1641   139
10.1741   142
10.1841   127
10.1941   113
10.2041   127
10.2141   122
10.2241    99
10.2341   111
10.2441   107
10.2541   112
10.2641   122
10.2741   105
10.2841   101
10.2941   105
10.3041   102
10.3141   101
10.3241    92
10.3341    89
10.3441    93
10.3541    94
10.3641    81
10.3741    81
10.3841    86
10.3941    94
10.4041    93
10.4141    98
10.4241   112
10.4341   116
10.4441   111
10.4541   118
10.4641   104
10.4741    99
10.4841   112
10.4941   129
10.5041   123
10.5141   128
10.5241   114
10.5341   126
10.5441   128
10.5541   126
10.5641   118
10.5741   107
10.5841   106
10.5941   112
10.6041   139
10.6141   129
10.6241   116
10.6341   117
10.6441   118
10.6541   117
10.6641   125
10.6741   133
10.6841   116
10.6941   118
10.7041   124
10.7141   137
10.7241   137
10.7341   145
10.7441   119
10.7541   132
10.7641   144
10.7741   146
10.7841   143
10.7941   146
10.8041   159
10.8141   153
10.8241   152
10.8341   148
10.8441   153
10.8541   156
10.8641   160
10.8741   157
10.8841   184
10.8941   178
10.9041   179
10.9141   189
10.9241   192
10.9341   191
10.9441   168
10.9541   173
10.9641   169
10.9741   171
10.9841   165
10.9941   173
11.0041   158
11.0141   144
11.0241   171
11.0341   170
11.0441   168
11.0541   158
11.0641   164
11.0741   162
11.0841   162
11.0941   156
11.1041   159
11.1141   160
11.1241   159
11.1341   183
11.1441   184
11.1541   186
11.1641   191
11.1741   195
11.1841   189
11.1941   182
11.2041   217
11.2141   223
11.2241   201
11.2341   231
11.2441   218
11.2541   218
11.2641   233
11.2741   239
11.2841   239
11.2941   255
11.3041   245
11.3141   257
11.3241   233
11.3341   223
11.3441   208
11.3541   198
11.3641   199
11.3741   192
11.3841   181
11.3941   162
11.4041   166
11.4141   172
11.4241   145
11.4341   131
11.4441   149
11.4541   130
11.4641   123
11.4741   118
11.4841   115
11.4941   126
11.5041   124
11.5141   134
11.5241   126
11.5341   118
11.5441   127
11.5541   133
11.5641   147
11.5741   141
11.5841   115
11.5941   123
11.6041   137
11.6141   121
11.6241   129
11.6341   141
11.6441   130
11.6541   132
11.6641   146
11.6741   138
11.6841   131
11.6941   134
11.7041   124
11.7141   118
11.7241   117
11.7341   120
11.7441   109
11.7541   115
11.7641   109
11.7741   111
11.7841   110
11.7941    97
11.8041   100
11.8141   117
11.8241   109
11.8341    99
11.8441   106
11.8541   105
11.8641   110
11.8741   102
11.8841   106
11.8941   111
11.9041   108
11.9141   112
11.9241   102
11.9341    96
11.9441   100
11.9541    99
11.9641   106
11.9741   101
11.9841   101
11.9941   105
12.0041    94
12.0141    99
12.0241   110
12.0341   106
12.0441   109
12.0541   104
12.0641   106
12.0741   101
12.0841    89
12.0941   104
12.1041   113
12.1141    98
12.1241    87
12.1341    95
12.1441   100
12.1541    99
12.1641    97
12.1741    98
12.1841   104
12.1941   104
12.2041   101
12.2141    91
12.2241    88
12.2341    96
12.2441    94
12.2541    92
12.2641   109
12.2741   101
12.2841    97
12.2941   105
12.3041   101
12.3141    96
12.3241    93
12.3341    91
12.3441   100
12.3541    98
12.3641   102
12.3741    99
12.3841    92
12.3941    91
12.4041    95
12.4141    93
12.4241    93
12.4341    97
12.4441   104
12.4541   102
12.4641   119
12.4741   130
12.4841   118
12.4941   118
12.5041   119
12.5141   105
12.5241   112
12.5341   107
12.5441   114
12.5541   124
12.5641   116
12.5741   124
12.5841   121
12.5941   111
12.6041   105
12.6141   109
12.6241   119
12.6341   120
12.6441   113
12.6541   117
12.6641   128
12.6741   129
12.6841   121
12.6941   114
12.7041   114
12.7141   121
12.7241   129
12.7341   127
12.7441   120
12.7541   117
12.7641   115
12.7741   112
12.7841   116
12.7941   124
12.8041   125
12.8141   125
12.8241   128
12.8341   127
12.8441   121
12.8541   111
12.8641   109
12.8741   120
12.8841   126
12.8941   121
12.9041   114
12.9141   112
12.9241   113
12.9341   115
12.9441   119
12.9541   121
12.9641   122
12.9741   123
12.9841   122
12.9941   127
13.0041   125
13.0141   115
13.0241   140
13.0341   144
13.0441   138
13.0541   131
13.0641   125
13.0741   130
13.0841   136
13.0941   139
13.1041   126
13.1141   134
13.1241   137
13.1341   128
13.1441   121
13.1541   123
13.1641   128
13.1741   147
13.1841   150
13.1941   142
13.2041   144
13.2141   146
13.2241   160
13.2341   164
13.2441   163
13.2541   174
13.2641   175
13.2741   179
13.2841   176
13.2941   177
13.3041   193
13.3141   206
13.3241   211
13.3341   210
13.3441   213
13.3541   216
13.3641   217
13.3741   224
13.3841   230
13.3941   229
13.4041   221
13.4141   215
13.4241   219
13.4341   218
13.4441   209
13.4541   203
13.4641   200
13.4741   200
13.4841   194
13.4941   180
13.5041   171
13.5141   173
13.5241   176
13.5341   175
13.5441   166
13.5541   153
13.5641   148
13.5741   147
13.5841   145
13.5941   146
13.6041   152
13.6141   153
13.6241   147
13.6341   144
13.6441   147
13.6541   153
13.6641   155
13.6741   159
13.6841   162
13.6941   157
13.7041   147
13.7141   144
13.7241   142
13.7341   145
13.7441   149
13.7541   145
13.7641   130
13.7741   134
13.7841   157
13.7941   152
13.8041   151
13.8141   153
13.8241   150
13.8341   161
13.8441   154
13.8541   157
13.8641   166
13.8741   158
13.8841   156
13.8941   160
13.9041   156
13.9141   156
13.9241   167
13.9341   161
13.9441   156
13.9541   170
13.9641   175
13.9741   164
13.9841   167
13.9941   182
14.0041   179
14.0141   186
14.0241   194
14.0341   192
14.0441   216
14.0541   231
14.0641   211
14.0741   201
14.0841   220
14.0941   232
14.1041   243
14.1141   226
14.1241   215
14.1341   241
14.1441   249
14.1541   245
14.1641   240
14.1741   234
14.1841   214
14.1941   222
14.2041   229
14.2141   219
14.2241   222
14.2341   205
14.2441   195
14.2541   199
14.2641   201
14.2741   193
14.2841   187
14.2941   189
14.3041   192
14.3141   205
14.3241   203
14.3341   187
14.3441   176
14.3541   184
14.3641   198
14.3741   192
14.3841   185
14.3941   177
14.4041   171
14.4141   178
14.4241   171
14.4341   181
14.4441   196
14.4541   191
14.4641   198
14.4741   195
14.4841   190
14.4941   198
14.5041   204
14.5141   198
14.5241   175
14.5341   175
14.5441   181
14.5541   192
14.5641   210
14.5741   205
14.5841   184
14.5941   187
14.6041   192
14.6141   187
14.6241   186
14.6341   186
14.6441   182
14.6541   195
14.6641   202
14.6741   212
14.6841   205
14.6941   181
14.7041   200
14.7141   212
14.7241   203
14.7341   208
14.7441   199
14.7541   202
14.7641   216
14.7741   205
14.7841   202
14.7941   198
14.8041   193
14.8141   198
14.8241   190
14.8341   198
14.8441   218
14.8541   234
14.8641   241
14.8741   231
14.8841   229
14.8941   239
14.9041   226
14.9141   228
14.9241   236
14.9341   237
14.9441   241
14.9541   252
14.9641   241
14.9741   229
14.9841   231
14.9941   232
15.0041   237
15.0141   268
15.0241   244
15.0341   221
15.0441   241
15.0541   250
15.0641   247
15.0741   224
15.0841   224
15.0941   217
15.1041   227
15.1141   239
15.1241   230
15.1341   210
15.1441   211
15.1541   224
15.1641   218
15.1741   232
15.1841   234
15.1941   233
15.2041   227
15.2141   216
15.2241   212
15.2341   218
15.2441   226
15.2541   227
15.2641   205
15.2741   206
15.2841   219
15.2941   200
15.3041   195
15.3141   223
15.3241   224
15.3341   230
15.3441   231
15.3541   239
15.3641   248
15.3741   219
15.3841   226
15.3941   251
15.4041   240
15.4141   215
15.4241   214
15.4341   218
15.4441   234
15.4541   232
15.4641   237
15.4741   251
15.4841   229
15.4941   223
15.5041   208
15.5141   227
15.5241   248
15.5341   245
15.5441   240
15.5541   242
15.5641   241
15.5741   264
15.5841   263
15.5941   264
15.6041   257
15.6141   274
15.6241   290
15.6341   277
15.6441   296
15.6541   293
15.6641   296
15.6741   315
15.6841   348
15.6941   345
15.7041   325
15.7141   360
15.7241   359
15.7341   369
15.7441   350
15.7541   344
15.7641   367
15.7741   342
15.7841   350
15.7941   354
15.8041   362
15.8141   358
15.8241   340
15.8341   320
15.8441   338
15.8541   324
15.8641   319
15.8741   333
15.8841   317
15.8941   296
15.9041   292
15.9141   291
15.9241   305
15.9341   276
15.9441   258
15.9541   256
15.9641   265
15.9741   273
15.9841   265
15.9941   266
16.0041   239
16.0141   260
16.0241   277
16.0341   293
16.0441   255
16.0541   256
16.0641   254
16.0741   253
16.0841   250
16.0941   253
16.1041   280
16.1141   273
16.1241   272
16.1341   271
16.1441   273
16.1541   279
16.1641   259
16.1741   250
16.1841   235
16.1941   250
16.2041   271
16.2141   268
16.2241   267
16.2341   247
16.2441   264
16.2541   273
16.2641   261
16.2741   278
16.2841   292
16.2941   272
16.3041   259
16.3141   245
16.3241   257
16.3341   270
16.3441   261
16.3541   265
16.3641   276
16.3741   281
16.3841   274
16.3941   284
16.4041   295
16.4141   291
16.4241   276
16.4341   283
16.4441   269
16.4541   260
16.4641   278
16.4741   277
16.4841   274
16.4941   278
16.5041   281
16.5141   296
16.5241   296
16.5341   296
16.5441   301
16.5541   279
16.5641   278
16.5741   286
16.5841   292
16.5941   294
16.6041   291
16.6141   272
16.6241   291
16.6341   315
16.6441   317
16.6541   331
16.6641   313
16.6741   298
16.6841   296
16.6941   280
16.7041   289
16.7141   308
16.7241   301
16.7341   291
16.7441   287
16.7541   299
16.7641   299
16.7741   301
16.7841   310
16.7941   322
16.8041   309
16.8141   311
16.8241   311
16.8341   292
16.8441   303
16.8541   301
16.8641   292
16.8741   302
16.8841   315
16.8941   296
16.9041   289
16.9141   303
16.9241   327
16.9341   297
16.9441   291
16.9541   305
16.9641   279
16.9741   305
16.9841   303
16.9941   297
17.0041   309
17.0141   308
17.0241   306
17.0341   317
17.0441   304
17.0541   284
17.0641   312
17.0741   321
17.0841   312
17.0941   296
17.1041   303
17.1141   315
17.1241   332
17.1341   323
17.1441   317
17.1541   342
17.1641   300
17.1741   314
17.1841   313
17.1941   320
17.2041   318
17.2141   315
17.2241   319
17.2341   314
17.2441   314
17.2541   319
17.2641   315
17.2741   319
17.2841   325
17.2941   302
17.3041   323
17.3141   343
17.3241   339
17.3341   315
17.3441   313
17.3541   303
17.3641   294
17.3741   315
17.3841   334
17.3941   306
17.4041   326
17.4141   320
17.4241   290
17.4341   310
17.4441   303
17.4541   302
17.4641   322
17.4741   324
17.4841   325
17.4941   319
17.5041   329
17.5141   328
17.5241   315
17.5341   325
17.5441   334
17.5541   350
17.5641   346
17.5741   346
17.5841   354
17.5941   359
17.6041   335
17.6141   323
17.6241   370
17.6341   375
17.6441   345
17.6541   347
17.6641   328
17.6741   358
17.6841   370
17.6941   356
17.7041   329
17.7141   326
17.7241   344
17.7341   348
17.7441   350
17.7541   333
17.7641   329
17.7741   336
17.7841   333
17.7941   342
17.8041   348
17.8141   337
17.8241   350
17.8341   350
17.8441   336
17.8541   352
17.8641   368
17.8741   335
17.8841   354
17.8941   359
17.9041   342
17.9141   343
17.9241   349
17.9341   359
17.9441   352
17.9541   354
17.9641   338
17.9741   388
17.9841   368
17.9941   353
18.0041   326
18.0141   336
18.0241   378
18.0341   359
18.0441   340
18.0541   362
18.0641   360
18.0741   340
18.0841   348
18.0941   342
18.1041   345
18.1141   350
18.1241   352
18.1341   343
18.1441   344
18.1541   350
18.1641   333
18.1741   341
18.1841   346
18.1941   342
18.2041   371
18.2141   360
18.2241   350
18.2341   347
18.2441   333
18.2541   324
18.2641   354
18.2741   377
18.2841   360
18.2941   359
18.3041   364
18.3141   368
18.3241   369
18.3341   370
18.3441   367
18.3541   371
18.3641   349
18.3741   365
18.3841   370
18.3941   345
18.4041   355
18.4141   345
18.4241   333
18.4341   362
18.4441   377
18.4541   355
18.4641   360
18.4741   370
18.4841   374
18.4941   346
18.5041   360
18.5141   374
18.5241   365
18.5341   371
18.5441   364
18.5541   356
18.5641   379
18.5741   356
18.5841   339
18.5941   348
18.6041   359
18.6141   346
18.6241   384
18.6341   383
18.6441   376
18.6541   359
18.6641   364
18.6741   367
18.6841   358
18.6941   348
18.7041   365
18.7141   363
18.7241   357
18.7341   371
18.7441   348
18.7541   330
18.7641   350
18.7741   362
18.7841   364
18.7941   360
18.8041   344
18.8141   383
18.8241   382
18.8341   369
18.8441   364
18.8541   359
18.8641   365
18.8741   348
18.8841   351
18.8941   361
18.9041   389
18.9141   363
18.9241   383
18.9341   389
18.9441   393
18.9541   385
18.9641   388
18.9741   376
18.9841   355
18.9941   375
19.0041   365
19.0141   366
19.0241   360
19.0341   390
19.0441   366
19.0541   391
19.0641   393
19.0741   390
19.0841   403
19.0941   380
19.1041   364
19.1141   362
19.1241   369
19.1341   355
19.1441   379
19.1541   352
19.1641   360
19.1741   378
19.1841   385
19.1941   354
19.2041   355
19.2141   370
19.2241   366
19.2341   395
19.2441   386
19.2541   395
19.2641   383
19.2741   380
19.2841   345
19.2941   385
19.3041   352
19.3141   386
19.3241   404
19.3341   367
19.3441   369
19.3541   373
19.3641   368
19.3741   373
19.3841   366
19.3941   392
19.4041   399
19.4141   381
19.4241   387
19.4341   404
19.4441   402
19.4541   380
19.4641   354
19.4741   353
19.4841   397
19.4941   380
19.5041   384
19.5141   369
19.5241   391
19.5341   382
19.5441   369
19.5541   399
19.5641   377
19.5741   387
19.5841   400
19.5941   385
19.6041   395
19.6141   364
19.6241   370
19.6341   383
19.6441   404
19.6541   416
19.6641   403
19.6741   366
19.6841   390
19.6941   382
19.7041   363
19.7141   390
19.7241   390
19.7341   407
19.7441   379
19.7541   365
19.7641   384
19.7741   374
19.7841   383
19.7941   384
19.8041   433
19.8141   401
19.8241   397
19.8341   385
19.8441   409
19.8541   388
19.8641   386
19.8741   390
19.8841   398
19.8941   376
19.9041   381
19.9141   405
19.9241   376
19.9341   376
19.9441   380
19.9541   406
19.9641   393
19.9741   372
19.9841   394
19.9941   377
20.0041   372
20.0141   398
20.0241   373
20.0341   386
20.0441   394
20.0541   344
20.0641   393
20.0741   381
20.0841   406
20.0941   399
20.1041   381
20.1141   365
20.1241   359
20.1341   359
20.1441   392
20.1541   368
20.1641   319
20.1741   395
20.1841   386
20.1941   376
20.2041   395
20.2141   401
20.2241   344
20.2341   407
20.2441   364
20.2541   377
20.2641   390
20.2741   393
20.2841   425
20.2941   370
20.3041   400
20.3141   428
20.3241   366
20.3341   405
20.3441   392
20.3541   400
20.3641   373
20.3741   388
20.3841   387
20.3941   408
20.4041   381
20.4141   398
20.4241   405
20.4341   377
20.4441   399
20.4541   414
20.4641   391
20.4741   409
20.4841   398
20.4941   370
20.5041   381
20.5141   389
20.5241   363
20.5341   395
20.5441   409
20.5541   397
20.5641   401
20.5741   385
20.5841   400
20.5941   375
20.6041   384
20.6141   400
20.6241   422
20.6341   399
20.6441   398
20.6541   363
20.6641   405
20.6741   398
20.6841   390
20.6941   376
20.7041   397
20.7141   419
20.7241   389
20.7341   394
20.7441   392
20.7541   402
20.7641   427
20.7741   417
20.7841   395
20.7941   428
20.8041   382
20.8141   378
20.8241   383
20.8341   387
20.8441   421
20.8541   402
20.8641   413
20.8741   391
20.8841   426
20.8941   434
20.9041   436
20.9141   455
20.9241   434
20.9341   442
20.9441   469
20.9541   469
20.9641   491
20.9741   463
20.9841   527
20.9941   486
21.0041   487
21.0141   505
21.0241   530
21.0341   511
21.0441   593
21.0541   487
21.0641   571
21.0741   547
21.0841   568
21.0941   543
21.1041   537
21.1141   579
21.1241   547
21.1341   567
21.1441   537
21.1541   551
21.1641   562
21.1741   546
21.1841   528
21.1941   549
21.2041   551
21.2141   505
21.2241   526
21.2341   526
21.2441   524
21.2541   483
21.2641   498
21.2741   457
21.2841   485
21.2941   449
21.3041   466
21.3141   435
21.3241   430
21.3341   411
21.3441   443
21.3541   448
21.3641   400
21.3741   410
21.3841   402
21.3941   392
21.4041   395
21.4141   416
21.4241   404
21.4341   386
21.4441   386
21.4541   398
21.4641   403
21.4741   388
21.4841   390
21.4941   403
21.5041   433
21.5141   364
21.5241   402
21.5341   379
21.5441   379
21.5541   353
21.5641   370
21.5741   392
21.5841   408
21.5941   401
21.6041   390
21.6141   396
21.6241   371
21.6341   415
21.6441   395
21.6541   390
21.6641   407
21.6741   361
21.6841   381
21.6941   342
21.7041   438
21.7141   388
21.7241   411
21.7341   374
21.7441   383
21.7541   411
21.7641   413
21.7741   378
21.7841   411
21.7941   362
21.8041   393
21.8141   374
21.8241   372
21.8341   391
21.8441   394
21.8541   400
21.8641   395
21.8741   400
21.8841   391
21.8941   386
21.9041   382
21.9141   388
21.9241   386
21.9341   401
21.9441   390
21.9541   360
21.9641   365
21.9741   393
21.9841   403
21.9941   377
22.0041   383
22.0141   351
22.0241   367
22.0341   376
22.0441   408
22.0541   399
22.0641   394
22.0741   377
22.0841   380
22.0941   344
22.1041   376
22.1141   372
22.1241   374
22.1341   353
22.1441   366
22.1541   377
22.1641   400
22.1741   383
22.1841   378
22.1941   379
22.2041   386
22.2141   338
22.2241   365
22.2341   356
22.2441   379
22.2541   397
22.2641   395
22.2741   369
22.2841   401
22.2941   402
22.3041   396
22.3141   361
22.3241   402
22.3341   408
22.3441   393
22.3541   381
22.3641   368
22.3741   382
22.3841   360
22.3941   373
22.4041   391
22.4141   389
22.4241   393
22.4341   355
22.4441   375
22.4541   400
22.4641   365
22.4741   355
22.4841   381
22.4941   399
22.5041   385
22.5141   382
22.5241   380
22.5341   370
22.5441   360
22.5541   373
22.5641   351
22.5741   406
22.5841   392
22.5941   361
22.6041   363
22.6141   378
22.6241   394
22.6341   358
22.6441   393
22.6541   359
22.6641   337
22.6741   373
22.6841   385
22.6941   370
22.7041   340
22.7141   376
22.7241   385
22.7341   369
22.7441   361
22.7541   371
22.7641   376
22.7741   368
22.7841   344
22.7941   352
22.8041   352
22.8141   382
22.8241   354
22.8341   368
22.8441   344
22.8541   350
22.8641   362
22.8741   405
22.8841   381
22.8941   328
22.9041   388
22.9141   348
22.9241   386
22.9341   396
22.9441   348
22.9541   389
22.9641   378
22.9741   367
22.9841   346
22.9941   362
23.0041   383
23.0141   339
23.0241   353
23.0341   362
23.0441   357
23.0541   371
23.0641   382
23.0741   383
23.0841   342
23.0941   325
23.1041   372
23.1141   435
23.1241   355
23.1341   367
23.1441   334
23.1541   400
23.1641   367
23.1741   344
23.1841   366
23.1941   322
23.2041   377
23.2141   365
23.2241   378
23.2341   345
23.2441   309
23.2541   370
23.2641   388
23.2741   356
23.2841   331
23.2941   329
23.3041   366
23.3141   326
23.3241   347
23.3341   327
23.3441   362
23.3541   353
23.3641   367
23.3741   376
23.3841   340
23.3941   360
23.4041   340
23.4141   351
23.4241   364
23.4341   370
23.4441   317
23.4541   360
23.4641   326
23.4741   364
23.4841   358
23.4941   346
23.5041   353
23.5141   336
23.5241   375
23.5341   345
23.5441   367
23.5541   367
23.5641   357
23.5741   334
23.5841   343
23.5941   401
23.6041   321
23.6141   353
23.6241   346
23.6341   361
23.6441   355
23.6541   362
23.6641   408
23.6741   372
23.6841   367
23.6941   367
23.7041   340
23.7141   397
23.7241   308
23.7341   342
23.7441   380
23.7541   425
23.7641   374
23.7741   368
23.7841   345
23.7941   364
23.8041   367
23.8141   378
23.8241   364
23.8341   368
23.8441   345
23.8541   393
23.8641   368
23.8741   374
23.8841   377
23.8941   377
23.9041   375
23.9141   395
23.9241   358
23.9341   368
23.9441   373
23.9541   371
23.9641   353
23.9741   364
23.9841   393
23.9941   331
24.0041   383
24.0141   335
24.0241   337
24.0341   343
24.0441   304
24.0541   332
24.0641   346
24.0741   335
24.0841   353
24.0941   330
24.1041   348
24.1141   318
24.1241   303
24.1341   358
24.1441   334
24.1541   355
24.1641   355
24.1741   366
24.1841   355
24.1941   327
24.2041   326
24.2141   348
24.2241   345
24.2341   331
24.2441   340
24.2541   325
24.2641   325
24.2741   332
24.2841   320
24.2941   337
24.3041   351
24.3141   328
24.3241   307
24.3341   329
24.3441   324
24.3541   355
24.3641   331
24.3741   330
24.3841   331
24.3941   331
24.4041   333
24.4141   347
24.4241   333
24.4341   338
24.4441   296
24.4541   310
24.4641   348
24.4741   374
24.4841   346
24.4941   331
24.5041   300
24.5141   340
24.5241   328
24.5341   319
24.5441   310
24.5541   316
24.5641   341
24.5741   339
24.5841   316
24.5941   310
24.6041   319
24.6141   316
24.6241   328
24.6341   309
24.6441   315
24.6541   306
24.6641   303
24.6741   325
24.6841   309
24.6941   321
24.7041   326
24.7141   323
24.7241   357
24.7341   322
24.7441   330
24.7541   311
24.7641   321
24.7741   358
24.7841   339
24.7941   321
24.8041   316
24.8141   345
24.8241   303
24.8341   299
24.8441   327
24.8541   326
24.8641   319
24.8741   300
24.8841   357
24.8941   353
24.9041   327
24.9141   320
24.9241   323
24.9341   309
24.9441   335
24.9541   313
24.9641   308
24.9741   324
24.9841   328
24.9941   337
25.0041   335
25.0141   325
25.0241   313
25.0341   324
25.0441   303
25.0541   333
25.0641   337
25.0741   321
25.0841   345
25.0941   314
25.1041   319
25.1141   321
25.1241   332
25.1341   305
25.1441   323
25.1541   319
25.1641   350
25.1741   306
25.1841   295
25.1941   309
25.2041   341
25.2141   329
25.2241   342
25.2341   338
25.2441   312
25.2541   330
25.2641   325
25.2741   318
25.2841   306
25.2941   328
25.3041   310
25.3141   286
25.3241   288
25.3341   300
25.3441   310
25.3541   340
25.3641   321
25.3741   318
25.3841   309
25.3941   308
25.4041   321
25.4141   309
25.4241   338
25.4341   329
25.4441   299
25.4541   307
25.4641   297
25.4741   271
25.4841   290
25.4941   284
25.5041   297
25.5141   294
25.5241   301
25.5341   330
25.5441   301
25.5541   264
25.5641   275
25.5741   279
25.5841   301
25.5941   280
25.6041   317
25.6141   274
25.6241   289
25.6341   285
25.6441   298
25.6541   287
25.6641   275
25.6741   305
25.6841   276
25.6941   304
25.7041   310
25.7141   263
25.7241   296
25.7341   272
25.7441   301
25.7541   296
25.7641   272
25.7741   308
25.7841   324
25.7941   306
25.8041   288
25.8141   262
25.8241   294
25.8341   295
25.8441   267
25.8541   283
25.8641   280
25.8741   299
25.8841   286
25.8941   277
25.9041   255
25.9141   291
25.9241   284
25.9341   285
25.9441   287
25.9541   278
25.9641   253
25.9741   289
25.9841   291
25.9941   279
26.0041   292
26.0141   257
26.0241   284
26.0341   289
26.0441   308
26.0541   277
26.0641   317
26.0741   284
26.0841   278
26.0941   303
26.1041   292
26.1141   286
26.1241   300
26.1341   288
26.1441   290
26.1541   295
26.1641   318
26.1741   294
26.1841   287
26.1941   276
26.2041   260
26.2141   266
26.2241   282
26.2341   288
26.2441   315
26.2541   310
26.2641   293
26.2741   295
26.2841   304
26.2941   261
26.3041   254
26.3141   272
26.3241   283
26.3341   284
26.3441   291
26.3541   306
26.3641   282
26.3741   287
26.3841   302
26.3941   262
26.4041   285
26.4141   269
26.4241   259
26.4341   266
26.4441   281
26.4541   267
26.4641   266
26.4741   271
26.4841   270
26.4941   259
26.5041   278
26.5141   276
26.5241   266
26.5341   276
26.5441   272
26.5541   275
26.5641   284
26.5741   247
26.5841   244
26.5941   269
26.6041   286
26.6141   277
26.6241   280
26.6341   266
26.6441   275
26.6541   229
26.6641   251
26.6741   269
26.6841   252
26.6941   247
26.7041   255
26.7141   273
26.7241   241
26.7341   229
26.7441   242
26.7541   268
26.7641   265
26.7741   249
26.7841   280
26.7941   267
26.8041   271
26.8141   262
26.8241   252
26.8341   255
26.8441   245
26.8541   232
26.8641   255
26.8741   238
26.8841   253
26.8941   261
26.9041   249
26.9141   246
26.9241   256
26.9341   258
26.9441   268
26.9541   260
26.9641   229
26.9741   266
26.9841   278
26.9941   272
27.0041   273
27.0141   259
27.0241   256
27.0341   234
27.0441   251
27.0541   240
27.0641   274
27.0741   247
27.0841   259
27.0941   244
27.1041   236
27.1141   248
27.1241   245
27.1341   228
27.1441   249
27.1541   255
27.1641   247
27.1741   240
27.1841   228
27.1941   240
27.2041   230
27.2141   239
27.2241   272
27.2341   238
27.2441   257
27.2541   268
27.2641   280
27.2741   270
27.2841   228
27.2941   258
27.3041   243
27.3141   264
27.3241   231
27.3341   236
27.3441   232
27.3541   229
27.3641   263
27.3741   256
27.3841   225
27.3941   254
27.4041   242
27.4141   244
27.4241   244
27.4341   230
27.4441   271
27.4541   239
27.4641   262
27.4741   260
27.4841   233
27.4941   245
27.5041   231
27.5141   248
27.5241   243
27.5341   247
27.5441   232
27.5541   243
27.5641   245
27.5741   236
27.5841   245
27.5941   252
27.6041   245
27.6141   243
27.6241   251
27.6341   240
27.6441   248
27.6541   242
27.6641   255
27.6741   233
27.6841   242
27.6941   250
27.7041   256
27.7141   249
27.7241   236
27.7341   227
27.7441   228
27.7541   248
27.7641   246
27.7741   253
27.7841   268
27.7941   237
27.8041   250
27.8141   226
27.8241   229
27.8341   236
27.8441   253
27.8541   230
27.8641   202
27.8741   224
27.8841   237
27.8941   209
27.9041   251
27.9141   220
27.9241   229
27.9341   221
27.9441   227
27.9541   219
27.9641   214
27.9741   232
27.9841   211
27.9941   233
28.0041   229
28.0141   199
28.0241   213
28.0341   232
28.0441   227
28.0541   230
28.0641   205
28.0741   233
28.0841   214
28.0941   232
28.1041   220
28.1141   238
28.1241   235
28.1341   201
28.1441   232
28.1541   223
28.1641   189
28.1741   207
28.1841   196
28.1941   219
28.2041   200
28.2141   211
28.2241   211
28.2341   217
28.2441   209
28.2541   212
28.2641   207
28.2741   206
28.2841   216
28.2941   223
28.3041   219
28.3141   213
28.3241   220
28.3341   222
28.3441   194
28.3541   202
28.3641   217
28.3741   227
28.3841   218
28.3941   239
28.4041   214
28.4141   212
28.4241   206
28.4341   254
28.4441   193
28.4541   206
28.4641   219
28.4741   219
28.4841   205
28.4941   201
28.5041   199
28.5141   214
28.5241   228
28.5341   222
28.5441   215
28.5541   224
28.5641   212
28.5741   215
28.5841   203
28.5941   196
28.6041   198
28.6141   200
28.6241   223
28.6341   213
28.6441   215
28.6541   216
28.6641   198
28.6741   206
28.6841   213
28.6941   212
28.7041   227
28.7141   198
28.7241   197
28.7341   207
28.7441   228
28.7541   220
28.7641   216
28.7741   207
28.7841   192
28.7941   186
28.8041   190
28.8141   182
28.8241   204
28.8341   215
28.8441   204
28.8541   187
28.8641   215
28.8741   190
28.8841   216
28.8941   204
28.9041   203
28.9141   200
28.9241   193
28.9341   188
28.9441   197
28.9541   169
28.9641   185
28.9741   181
28.9841   214
28.9941   195
29.0041   197
29.0141   236
29.0241   200
29.0341   200
29.0441   206
29.0541   189
29.0641   202
29.0741   188
29.0841   190
29.0941   188
29.1041   208
29.1141   218
29.1241   190
29.1341   212
29.1441   184
29.1541   180
29.1641   190
29.1741   176
29.1841   188
29.1941   198
29.2041   204
29.2141   221
29.2241   193
29.2341   189
29.2441   198
29.2541   178
29.2641   190
29.2741   182
29.2841   160
29.2941   187
29.3041   187
29.3141   186
29.3241   176
29.3341   193
29.3441   191
29.3541   203
29.3641   196
29.3741   200
29.3841   187
29.3941   189
29.4041   195
29.4141   181
29.4241   151
29.4341   196
29.4441   220
29.4541   215
29.4641   214
29.4741   152
29.4841   163
29.4941   186
29.5041   187
29.5141   179
29.5241   158
29.5341   172
29.5441   200
29.5541   186
29.5641   192
29.5741   177
29.5841   167
29.5941   197
29.6041   176
29.6141   174
29.6241   172
29.6341   211
29.6441   198
29.6541   181
29.6641   183
29.6741   169
29.6841   180
29.6941   181
29.7041   179
29.7141   182
29.7241   173
29.7341   164
29.7441   161
29.7541   181
29.7641   171
29.7741   176
29.7841   184
29.7941   184
29.8041   176
29.8141   166
29.8241   151
29.8341   166
29.8441   168
29.8541   162
29.8641   174
29.8741   180
29.8841   145
29.8941   158
29.9041   171
29.9141   173
29.9241   160
29.9341   165
29.9441   168
29.9541   173
29.9641   146
29.9741   163
29.9841   180
29.9941   162
30.0041   161
30.0141   161
30.0241   170
30.0341   193
30.0441   196
30.0541   196
30.0641   165
30.0741   168
30.0841   183
30.0941   146
30.1041   149
30.1141   176
30.1241   144
30.1341   171
30.1441   160
30.1541   161
30.1641   164
30.1741   155
30.1841   167
30.1941   141
30.2041   165
30.2141   164
30.2241   161
30.2341   176
30.2441   138
30.2541   167
30.2641   163
30.2741   129
30.2841   146
30.2941   162
30.3041   144
30.3141   192
30.3241   158
30.3341   152
30.3441   154
30.3541   163
30.3641   145
30.3741   148
30.3841   152
30.3941   153
30.4041   153
30.4141   162
30.4241   143
30.4341   169
30.4441   169
30.4541   187
30.4641   136
30.4741   154
30.4841   148
30.4941   153
30.5041   154
30.5141   161
30.5241   165
30.5341   146
30.5441   160
30.5541   167
30.5641   202
30.5741   164
30.5841   150
30.5941   158
30.6041   166
30.6141   145
30.6241   157
30.6341   156
30.6441   167
30.6541   152
30.6641   138
30.6741   154
30.6841   166
30.6941   184
30.7041   156
30.7141   153
30.7241   153
30.7341   161
30.7441   157
30.7541   138
30.7641   160
30.7741   138
30.7841   170
30.7941   136
30.8041   155
30.8141   138
30.8241   150
30.8341   121
30.8441   150
30.8541   138
30.8641   128
30.8741   133
30.8841   151
30.8941   139
30.9041   165
30.9141   166
30.9241   158
30.9341   132
30.9441   147
30.9541   123
30.9641   142
30.9741   167
30.9841   163
30.9941   143
31.0041   153
31.0141   136
31.0241   144
31.0341   155
31.0441   166
31.0541   145
31.0641   140
31.0741   120
31.0841   135
31.0941   130
31.1041   121
31.1141   139
31.1241   148
31.1341   153
31.1441   148
31.1541   148
31.1641   105
31.1741   154
31.1841   131
31.1941   131
31.2041   141
31.2141   139
31.2241   135
31.2341   150
31.2441   155
31.2541   137
31.2641   130
31.2741   137
31.2841   139
31.2941   126
31.3041   153
31.3141   141
31.3241   142
31.3341   128
31.3441   134
31.3541   121
31.3641   115
31.3741   144
31.3841   132
31.3941   148
31.4041   138
31.4141   141
31.4241   128
31.4341   146
31.4441   131
31.4541   137
31.4641   147
31.4741   121
31.4841   131
31.4941   138
31.5041   129
31.5141   136
31.5241   130
31.5341   129
31.5441   121
31.5541   139
31.5641   126
31.5741   124
31.5841   130
31.5941   125
31.6041   129
31.6141   119
31.6241   131
31.6341   148
31.6441   147
31.6541   117
31.6641   136
31.6741   133
31.6841   139
31.6941   138
31.7041   150
31.7141   145
31.7241   143
31.7341   123
31.7441   119
31.7541   137
31.7641   124
31.7741   136
31.7841   144
31.7941   128
31.8041   122
31.8141   153
31.8241   130
31.8341   133
31.8441   116
31.8541   108
31.8641   128
31.8741   130
31.8841   125
31.8941   128
31.9041   124
31.9141   118
31.9241   133
31.9341   134
31.9441   133
31.9541   142
31.9641   139
31.9741   124
31.9841   134
31.9941   151
32.0041   119
32.0141   142
32.0241   142
32.0341   141
32.0441   109
32.0541   132
32.0641   116
32.0741   122
32.0841   124
32.0941   137
32.1041   129
32.1141   133
32.1241   131
32.1341   128
32.1441   118
32.1541   149
32.1641   130
32.1741   121
32.1841   133
32.1941   116
32.2041   133
32.2141   131
32.2241   128
32.2341   114
32.2441    99
32.2541   130
32.2641   129
32.2741   123
32.2841   116
32.2941   122
32.3041   111
32.3141   119
32.3241   128
32.3341   102
32.3441   129
32.3541   102
32.3641   129
32.3741   114
32.3841    99
32.3941   121
32.4041   151
32.4141   123
32.4241   121
32.4341   129
32.4441   138
32.4541   121
32.4641   113
32.4741   119
32.4841   116
32.4941   103
32.5041   116
32.5141   121
32.5241   117
32.5341   113
32.5441   118
32.5541   107
32.5641   117
32.5741   113
32.5841    88
32.5941   102
32.6041   112
32.6141   122
32.6241   114
32.6341   111
32.6441   122
32.6541   117
32.6641   105
32.6741   109
32.6841   105
32.6941    96
32.7041   115
32.7141   112
32.7241   112
32.7341    92
32.7441   117
32.7541   107
32.7641   108
32.7741   114
32.7841   102
32.7941   102
32.8041    91
32.8141   103
32.8241   101
32.8341   112
32.8441   100
32.8541   114
32.8641    98
32.8741   100
32.8841   106
32.8941   100
32.9041    98
32.9141   107
32.9241    97
32.9341   104
32.9441   108
32.9541    89
32.9641   109
32.9741    99
32.9841   109
32.9941   120
33.0041   111
33.0141   109
33.0241   109
33.0341   113
33.0441    92
33.0541    98
33.0641    95
33.0741   114
33.0841   102
33.0941   102
33.1041    92
33.1141    90
33.1241    89
33.1341   109
33.1441   105
33.1541    90
33.1641   107
33.1741    86
33.1841   105
33.1941    90
33.2041   103
33.2141   110
33.2241   106
33.2341    94
33.2441   115
33.2541   101
33.2641    91
33.2741    94
33.2841    84
33.2941    95
33.3041    95
33.3141   101
33.3241   116
33.3341   115
33.3441    99
33.3541    91
33.3641    84
33.3741   103
33.3841    73
33.3941    96
33.4041   101
33.4141    99
33.4241   104
33.4341   114
33.4441    94
33.4541   101
33.4641    90
33.4741    95
33.4841    93
33.4941    80
33.5041   104
33.5141   100
33.5241    84
33.5341   100
33.5441    95
33.5541    87
33.5641   105
33.5741   101
33.5841   111
33.5941    96
33.6041    84
33.6141    96
33.6241   101
33.6341    90
33.6441    81
33.6541    93
33.6641   105
33.6741    98
33.6841    79
33.6941   113
33.7041    90
33.7141    86
33.7241    97
33.7341    99
33.7441    93
33.7541    81
33.7641    78
33.7741    93
33.7841    99
33.7941    91
33.8041    88
33.8141    81
33.8241    81
33.8341    96
33.8441   102
33.8541    90
33.8641    82
33.8741   104
33.8841    75
33.8941    88
33.9041    82
33.9141    92
33.9241    88
33.9341    75
33.9441    84
33.9541    91
33.9641   105
33.9741    82
33.9841    70
33.9941    84
34.0041    92
34.0141    87
34.0241   101
34.0341    79
34.0441    74
34.0541    87
34.0641    85
34.0741    72
34.0841    94
34.0941    90
34.1041    88
34.1141    76
34.1241    74
34.1341    87
34.1441    73
34.1541    73
34.1641    98
34.1741    89
34.1841    86
34.1941    87
34.2041    81
34.2141    82
34.2241    85
34.2341    75
34.2441    73
34.2541    89
34.2641    76
34.2741    78
34.2841    84
34.2941    76
34.3041    88
34.3141    75
34.3241    97
34.3341    68
34.3441    78
34.3541    86
34.3641    70
34.3741    81
34.3841    76
34.3941    71
34.4041    75
34.4141    79
34.4241    87
34.4341    78
34.4441    70
34.4541    80
34.4641    75
34.4741    80
34.4841    79
34.4941    88
34.5041    82
34.5141    76
34.5241    70
34.5341    84
34.5441    71
34.5541    82
34.5641    77
34.5741    73
34.5841    64
34.5941    87
34.6041    78
34.6141    68
34.6241    75
34.6341    74
34.6441    78
34.6541    80
34.6641    71
34.6741    84
34.6841    73
34.6941    78
34.7041    63
34.7141    68
34.7241    77
34.7341    89
34.7441    92
34.7541    92
34.7641    82
34.7741    87
34.7841    67
34.7941    68
34.8041    71
34.8141    70
34.8241    68
34.8341    70
34.8441    83
34.8541    53
34.8641    82
34.8741    70
34.8841    69
34.8941    78
34.9041    85
34.9141    64
34.9241    71
34.9341    64
34.9441    77
34.9541    70
34.9641    81
34.9741    70
34.9841    72
34.9941    78
35.0041    87
35.0141    72
35.0241    77
35.0341    76
35.0441    72
35.0541    80
35.0641    80
35.0741    67
35.0841    65
35.0941    75
35.1041    85
35.1141    54
35.1241    68
35.1341    68
35.1441    69
35.1541    68
35.1641    61
35.1741    55
35.1841    69
35.1941    62
35.2041    64
35.2141    65
35.2241    65
35.2341    63
35.2441    59
35.2541    54
35.2641    63
35.2741    59
35.2841    74
35.2941    66
35.3041    63
35.3141    64
35.3241    61
35.3341    63
35.3441    58
35.3541    53
35.3641    66
35.3741    58
35.3841    66
35.3941    48
35.4041    79
35.4141    62
35.4241    69
35.4341    71
35.4441    66
35.4541    58
35.4641    64
35.4741    60
35.4841    57
35.4941    59
35.5041    58
35.5141    62
35.5241    63
35.5341    52
35.5441    66
35.5541    48
35.5641    44
35.5741    64
35.5841    50
35.5941    67
35.6041    59
35.6141    45
35.6241    56
35.6341    59
35.6441    63
35.6541    48
35.6641    66
35.6741    66
35.6841    59
35.6941    65
35.7041    53
35.7141    62
35.7241    56
35.7341    59
35.7441    70
35.7541    62
35.7641    54
35.7741    59
35.7841    56
35.7941    57
35.8041    60
35.8141    63
35.8241    51
35.8341    50
35.8441    59
35.8541    58
35.8641    58
35.8741    49
35.8841    64
35.8941    62
35.9041    51
35.9141    60
35.9241    53
35.9341    43
35.9441    44
35.9541    61
35.9641    45
35.9741    69
35.9841    58
35.9941    57
36.0041    58
36.0141    55
36.0241    63
36.0341    57
36.0441    48
36.0541    60
36.0641    57
36.0741    62
36.0841    53
36.0941    57
36.1041    56
36.1141    55
36.1241    55
36.1341    74
36.1441    59
36.1541    60
36.1641    47
36.1741    37
36.1841    49
36.1941    63
36.2041    69
36.2141    56
36.2241    56
36.2341    57
36.2441    63
36.2541    58
36.2641    51
36.2741    55
36.2841    46
36.2941    61
36.3041    47
36.3141    66
36.3241    60
36.3341    56
36.3441    46
36.3541    52
36.3641    42
36.3741    54
36.3841    42
36.3941    44
36.4041    45
36.4141    48
36.4241    61
36.4341    49
36.4441    47
36.4541    39
36.4641    57
36.4741    61
36.4841    50
36.4941    52
36.5041    58
36.5141    57
36.5241    49
36.5341    56
36.5441    61
36.5541    37
36.5641    53
36.5741    54
36.5841    57
36.5941    45
36.6041    59
36.6141    46
36.6241    35
36.6341    54
36.6441    42
36.6541    45
36.6641    46
36.6741    43
36.6841    54
36.6941    53
36.7041    55
36.7141    60
36.7241    40
36.7341    48
36.7441    51
36.7541    47
36.7641    49
36.7741    42
36.7841    50
36.7941    55
36.8041    45
36.8141    45
36.8241    48
36.8341    41
36.8441    44
36.8541    48
36.8641    38
36.8741    35
36.8841    37
36.8941    52
36.9041    43
36.9141    30
36.9241    45
36.9341    47
36.9441    58
36.9541    55
36.9641    47
36.9741    35
36.9841    44
36.9941    52
37.0041    40
37.0141    36
37.0241    45
37.0341    49
37.0441    34
37.0541    36
37.0641    61
37.0741    37
37.0841    45
37.0941    29
37.1041    47
37.1141    38
37.1241    39
37.1341    37
37.1441    32
37.1541    42
37.1641    33
37.1741    34
37.1841    35
37.1941    41
37.2041    38
37.2141    36
37.2241    47
37.2341    54
37.2441    43
37.2541    54
37.2641    43
37.2741    33
37.2841    35
37.2941    40
37.3041    45
37.3141    45
37.3241    37
37.3341    45
37.3441    49
37.3541    31
37.3641    38
37.3741    34
37.3841    46
37.3941    36
37.4041    45
37.4141    39
37.4241    40
37.4341    47
37.4441    38
37.4541    37
37.4641    35
37.4741    37
37.4841    43
37.4941    41
37.5041    46
37.5141    45
37.5241    28
37.5341    33
37.5441    43
37.5541    34
37.5641    36
37.5741    30
37.5841    54
37.5941    41
37.6041    39
37.6141    38
37.6241    41
37.6341    41
37.6441    49
37.6541    33
37.6641    37
37.6741    29
37.6841    44
37.6941    37
37.7041    34
37.7141    44
37.7241    31
37.7341    38
37.7441    28
37.7541    36
37.7641    46
37.7741    43
37.7841    30
37.7941    37
37.8041    38
37.8141    36
37.8241    39
37.8341    32
37.8441    34
37.8541    29
37.8641    46
37.8741    35
37.8841    27
37.8941    39
37.9041    32
37.9141    36
37.9241    35
37.9341    34
37.9441    45
37.9541    34
37.9641    37
37.9741    32
37.9841    43
37.9941    25
38.0041    35
38.0141    34
38.0241    40
38.0341    28
38.0441    43
38.0541    41
38.0641    30
38.0741    42
38.0841    28
38.0941    38
38.1041    33
38.1141    29
38.1241    33
38.1341    29
38.1441    25
38.1541    34
38.1641    31
38.1741    38
38.1841    35
38.1941    31
38.2041    29
38.2141    34
38.2241    30
38.2341    35
38.2441    35
38.2541    32
38.2641    24
38.2741    32
38.2841    22
38.2941    39
38.3041    26
38.3141    30
38.3241    33
38.3341    28
38.3441    35
38.3541    31
38.3641    40
38.3741    36
38.3841    35
38.3941    28
38.4041    36
38.4141    28
38.4241    24
38.4341    44
38.4441    35
38.4541    24
38.4641    37
38.4741    32
38.4841    38
38.4941    34
38.5041    29
38.5141    35
38.5241    21
38.5341    34
38.5441    27
38.5541    23
38.5641    22
38.5741    34
38.5841    32
38.5941    24
38.6041    25
38.6141    30
38.6241    31
38.6341    42
38.6441    41
38.6541    19
38.6641    31
38.6741    29
38.6841    24
38.6941    22
38.7041    27
38.7141    24
38.7241    32
38.7341    33
38.7441    29
38.7541    26
38.7641    34
38.7741    36
38.7841    28
38.7941    24
38.8041    29
38.8141    22
38.8241    33
38.8341    29
38.8441    31
38.8541    28
38.8641    27
38.8741    32
38.8841    24
38.8941    33
38.9041    36
38.9141    32
38.9241    18
38.9341    27
38.9441    22
38.9541    32
38.9641    27
38.9741    30
38.9841    29
38.9941    21
39.0041    28
39.0141    26
39.0241    28
39.0341    22
39.0441    31
39.0541    18
39.0641    17
39.0741    15
39.0841    17
39.0941    25
39.1041    22
39.1141    22
39.1241    24
39.1341    24
39.1441    28
39.1541    23
39.1641    17
39.1741    16
39.1841    27
39.1941    25
39.2041    25
39.2141    31
39.2241    28
39.2341    25
39.2441    20
39.2541    18
39.2641    15
39.2741    17
39.2841    36
39.2941    18
39.3041    24
39.3141    28
39.3241    23
39.3341    24
39.3441    28
39.3541    21
39.3641    28
39.3741    26
39.3841    23
39.3941    23
39.4041    22
39.4141    19
39.4241    24
39.4341    21
39.4441    21
39.4541    22
39.4641    21
39.4741    20
39.4841    17
39.4941    29
39.5041    19
39.5141    15
39.5241    21
39.5341    23
39.5441    24
39.5541    30
39.5641    12
39.5741    20
39.5841    19
39.5941    22
39.6041    26
39.6141    18
39.6241    28
39.6341    20
39.6441    15
39.6541    16
39.6641    20
39.6741    24
39.6841    23
39.6941    20
39.7041    18
39.7141    21
39.7241    14
39.7341    19
39.7441    19
39.7541    12
39.7641    20
39.7741    21
39.7841    22
39.7941    16
39.8041    21
39.8141    23
39.8241    15
39.8341    15
39.8441    26
39.8541    20
39.8641    11
39.8741    16
39.8841    15
39.8941    16
39.9041    17
39.9141    19
39.9241    22
39.9341    27
39.9441    22
39.9541    13
39.9641    23
39.9741    12
39.9841    14
