Bruker Nano GmbH Berlin, Germany
Esprit 1.9

Date: 6/2/2021 1:09:08 PM
Real time: 5000
Life time: 4696
Pulse density: 87152


Detector type: XFlash 430
Window type: Custom type
Detector thickness: 0.45
Si dead layer:0.029

Calibration, lin.: 10
Calibration, abs.: -955.9
Mn FWHM: 137.05
Fano factor: 0.121
Channels: 4096

Energy Counts
-0.9559     0
-0.9459     0
-0.9359     0
-0.9259     0
-0.9159     0
-0.9059     0
-0.8959     0
-0.8859     0
-0.8759     0
-0.8659     0
-0.8559     0
-0.8459     0
-0.8359     0
-0.8259     0
-0.8159     0
-0.8059     0
-0.7959     0
-0.7859     0
-0.7759     0
-0.7659     0
-0.7559     0
-0.7459     0
-0.7359     0
-0.7259     0
-0.7159     0
-0.7059     0
-0.6959     0
-0.6859     0
-0.6759     0
-0.6659     0
-0.6559     0
-0.6459     0
-0.6359     0
-0.6259     0
-0.6159     0
-0.6059     0
-0.5959     0
-0.5859     0
-0.5759     0
-0.5659     0
-0.5559     0
-0.5459     0
-0.5359     0
-0.5259     0
-0.5159     0
-0.5059     0
-0.4959     0
-0.4859     0
-0.4759     0
-0.4659     0
-0.4559     0
-0.4459     0
-0.4359     0
-0.4259     0
-0.4159     0
-0.4059     0
-0.3959     0
-0.3859     0
-0.3759     0
-0.3659     0
-0.3559     0
-0.3459     0
-0.3359     0
-0.3259     0
-0.3159     0
-0.3059     0
-0.2959     0
-0.2859     0
-0.2759     0
-0.2659     0
-0.2559     0
-0.2459     0
-0.2359     0
-0.2259     0
-0.2159     0
-0.2059     0
-0.1959     0
-0.1859     0
-0.1759     0
-0.1659     0
-0.1559     0
-0.1459     0
-0.1359     0
-0.1259     0
-0.1159     0
-0.1059     5
-0.0959    13
-0.0859    48
-0.0759   175
-0.0659   542
-0.0559  1290
-0.0459  3022
-0.0359  5604
-0.0259  8981
-0.0159 12396
-0.0059 14209
 0.0041 14522
 0.0141 12408
 0.0241  9220
 0.0341  5873
 0.0441  3195
 0.0541  1416
 0.0641   603
 0.0741   180
 0.0841    64
 0.0941    20
 0.1041     3
 0.1141     0
 0.1241     0
 0.1341     0
 0.1441     2
 0.1541     0
 0.1641     0
 0.1741     6
 0.1841    44
 0.1941    96
 0.2041    68
 0.2141    85
 0.2241    77
 0.2341    68
 0.2441    92
 0.2541    88
 0.2641    96
 0.2741    81
 0.2841    69
 0.2941    67
 0.3041    82
 0.3141    74
 0.3241    72
 0.3341    73
 0.3441    80
 0.3541    61
 0.3641    70
 0.3741    64
 0.3841    69
 0.3941    65
 0.4041    62
 0.4141    63
 0.4241    63
 0.4341    69
 0.4441    69
 0.4541    77
 0.4641    76
 0.4741    71
 0.4841    63
 0.4941    74
 0.5041    72
 0.5141    62
 0.5241    63
 0.5341    68
 0.5441    60
 0.5541    73
 0.5641    72
 0.5741    66
 0.5841    63
 0.5941    69
 0.6041    68
 0.6141    54
 0.6241    60
 0.6341    59
 0.6441    53
 0.6541    62
 0.6641    68
 0.6741    61
 0.6841    50
 0.6941    58
 0.7041    54
 0.7141    48
 0.7241    59
 0.7341    60
 0.7441    54
 0.7541    55
 0.7641    54
 0.7741    55
 0.7841    63
 0.7941    59
 0.8041    45
 0.8141    49
 0.8241    51
 0.8341    38
 0.8441    44
 0.8541    45
 0.8641    51
 0.8741    53
 0.8841    55
 0.8941    55
 0.9041    64
 0.9141    65
 0.9241    49
 0.9341    42
 0.9441    49
 0.9541    52
 0.9641    44
 0.9741    44
 0.9841    51
 0.9941    37
 1.0041    49
 1.0141    54
 1.0241    53
 1.0341    58
 1.0441    49
 1.0541    51
 1.0641    52
 1.0741    55
 1.0841    54
 1.0941    47
 1.1041    51
 1.1141    48
 1.1241    49
 1.1341    47
 1.1441    46
 1.1541    55
 1.1641    43
 1.1741    36
 1.1841    52
 1.1941    47
 1.2041    51
 1.2141    46
 1.2241    47
 1.2341    45
 1.2441    39
 1.2541    48
 1.2641    41
 1.2741    39
 1.2841    62
 1.2941    56
 1.3041    44
 1.3141    46
 1.3241    51
 1.3341    42
 1.3441    44
 1.3541    47
 1.3641    50
 1.3741    35
 1.3841    45
 1.3941    41
 1.4041    46
 1.4141    41
 1.4241    44
 1.4341    48
 1.4441    42
 1.4541    55
 1.4641    45
 1.4741    47
 1.4841    35
 1.4941    44
 1.5041    44
 1.5141    41
 1.5241    42
 1.5341    50
 1.5441    43
 1.5541    31
 1.5641    46
 1.5741    40
 1.5841    41
 1.5941    37
 1.6041    41
 1.6141    45
 1.6241    39
 1.6341    44
 1.6441    57
 1.6541    66
 1.6641    69
 1.6741    69
 1.6841    96
 1.6941   107
 1.7041   144
 1.7141   166
 1.7241   173
 1.7341   178
 1.7441   162
 1.7541   175
 1.7641   158
 1.7741   127
 1.7841   104
 1.7941    83
 1.8041    71
 1.8141    60
 1.8241    63
 1.8341    54
 1.8441    53
 1.8541    49
 1.8641    58
 1.8741    50
 1.8841    47
 1.8941    64
 1.9041    57
 1.9141    42
 1.9241    49
 1.9341    35
 1.9441    43
 1.9541    43
 1.9641    47
 1.9741    56
 1.9841    49
 1.9941    42
 2.0041    50
 2.0141    49
 2.0241    49
 2.0341    43
 2.0441    55
 2.0541    62
 2.0641    51
 2.0741    37
 2.0841    44
 2.0941    39
 2.1041    34
 2.1141    41
 2.1241    48
 2.1341    34
 2.1441    45
 2.1541    46
 2.1641    42
 2.1741    43
 2.1841    40
 2.1941    34
 2.2041    43
 2.2141    40
 2.2241    44
 2.2341    40
 2.2441    33
 2.2541    41
 2.2641    36
 2.2741    40
 2.2841    25
 2.2941    43
 2.3041    31
 2.3141    34
 2.3241    28
 2.3341    45
 2.3441    45
 2.3541    41
 2.3641    40
 2.3741    38
 2.3841    41
 2.3941    36
 2.4041    32
 2.4141    35
 2.4241    35
 2.4341    43
 2.4441    43
 2.4541    34
 2.4641    45
 2.4741    44
 2.4841    42
 2.4941    36
 2.5041    30
 2.5141    37
 2.5241    33
 2.5341    26
 2.5441    29
 2.5541    32
 2.5641    25
 2.5741    40
 2.5841    35
 2.5941    30
 2.6041    34
 2.6141    24
 2.6241    30
 2.6341    26
 2.6441    32
 2.6541    30
 2.6641    31
 2.6741    28
 2.6841    38
 2.6941    37
 2.7041    34
 2.7141    41
 2.7241    25
 2.7341    27
 2.7441    38
 2.7541    32
 2.7641    35
 2.7741    31
 2.7841    28
 2.7941    29
 2.8041    39
 2.8141    42
 2.8241    35
 2.8341    30
 2.8441    36
 2.8541    23
 2.8641    41
 2.8741    31
 2.8841    29
 2.8941    25
 2.9041    29
 2.9141    40
 2.9241    30
 2.9341    24
 2.9441    24
 2.9541    25
 2.9641    37
 2.9741    32
 2.9841    31
 2.9941    31
 3.0041    15
 3.0141    41
 3.0241    24
 3.0341    31
 3.0441    31
 3.0541    24
 3.0641    28
 3.0741    31
 3.0841    31
 3.0941    31
 3.1041    23
 3.1141    24
 3.1241    31
 3.1341    25
 3.1441    35
 3.1541    26
 3.1641    25
 3.1741    26
 3.1841    27
 3.1941    20
 3.2041    27
 3.2141    30
 3.2241    20
 3.2341    28
 3.2441    29
 3.2541    29
 3.2641    27
 3.2741    32
 3.2841    25
 3.2941    40
 3.3041    31
 3.3141    39
 3.3241    28
 3.3341    28
 3.3441    32
 3.3541    21
 3.3641    30
 3.3741    20
 3.3841    22
 3.3941    21
 3.4041    20
 3.4141    19
 3.4241    19
 3.4341    25
 3.4441    24
 3.4541    19
 3.4641    23
 3.4741    21
 3.4841    30
 3.4941    27
 3.5041    29
 3.5141    21
 3.5241    27
 3.5341    42
 3.5441    28
 3.5541    30
 3.5641    36
 3.5741    43
 3.5841    49
 3.5941    57
 3.6041    85
 3.6141    95
 3.6241   127
 3.6341   146
 3.6441   174
 3.6541   190
 3.6641   254
 3.6741   238
 3.6841   264
 3.6941   251
 3.7041   238
 3.7141   241
 3.7241   189
 3.7341   169
 3.7441   153
 3.7541   112
 3.7641    83
 3.7741    67
 3.7841    51
 3.7941    35
 3.8041    29
 3.8141    24
 3.8241    34
 3.8341    27
 3.8441    17
 3.8541    20
 3.8641    19
 3.8741    25
 3.8841    26
 3.8941    23
 3.9041    18
 3.9141    31
 3.9241    35
 3.9341    36
 3.9441    35
 3.9541    34
 3.9641    34
 3.9741    45
 3.9841    45
 3.9941    55
 4.0041    48
 4.0141    50
 4.0241    59
 4.0341    50
 4.0441    52
 4.0541    41
 4.0641    36
 4.0741    35
 4.0841    38
 4.0941    24
 4.1041    30
 4.1141    19
 4.1241    22
 4.1341    22
 4.1441    25
 4.1541    22
 4.1641    18
 4.1741    16
 4.1841    17
 4.1941    14
 4.2041    19
 4.2141    20
 4.2241    17
 4.2341    19
 4.2441    18
 4.2541    19
 4.2641    19
 4.2741    24
 4.2841    27
 4.2941    16
 4.3041    17
 4.3141    21
 4.3241    15
 4.3341    20
 4.3441    23
 4.3541    18
 4.3641    34
 4.3741    29
 4.3841    28
 4.3941    35
 4.4041    33
 4.4141    45
 4.4241    49
 4.4341    63
 4.4441    76
 4.4541    83
 4.4641   100
 4.4741    99
 4.4841   125
 4.4941   134
 4.5041   124
 4.5141   119
 4.5241   135
 4.5341   123
 4.5441   106
 4.5541    84
 4.5641    72
 4.5741    75
 4.5841    45
 4.5941    43
 4.6041    45
 4.6141    29
 4.6241    25
 4.6341    25
 4.6441    24
 4.6541    17
 4.6641    32
 4.6741    29
 4.6841    26
 4.6941    32
 4.7041    28
 4.7141    21
 4.7241    19
 4.7341    12
 4.7441    25
 4.7541    25
 4.7641    21
 4.7741    26
 4.7841    13
 4.7941    24
 4.8041    17
 4.8141    25
 4.8241    21
 4.8341    29
 4.8441    33
 4.8541    18
 4.8641    33
 4.8741    33
 4.8841    27
 4.8941    32
 4.9041    32
 4.9141    53
 4.9241    45
 4.9341    47
 4.9441    48
 4.9541    36
 4.9641    40
 4.9741    44
 4.9841    34
 4.9941    36
 5.0041    23
 5.0141    27
 5.0241    30
 5.0341    35
 5.0441    25
 5.0541    13
 5.0641    26
 5.0741    31
 5.0841    24
 5.0941    23
 5.1041    25
 5.1141    26
 5.1241    26
 5.1341    21
 5.1441    22
 5.1541    23
 5.1641    23
 5.1741    21
 5.1841    17
 5.1941    26
 5.2041    13
 5.2141    26
 5.2241    30
 5.2341    20
 5.2441    24
 5.2541    31
 5.2641    19
 5.2741    27
 5.2841    23
 5.2941    29
 5.3041    21
 5.3141    29
 5.3241    31
 5.3341    28
 5.3441    33
 5.3541    28
 5.3641    26
 5.3741    32
 5.3841    34
 5.3941    39
 5.4041    44
 5.4141    45
 5.4241    46
 5.4341    40
 5.4441    41
 5.4541    41
 5.4641    35
 5.4741    28
 5.4841    27
 5.4941    31
 5.5041    31
 5.5141    31
 5.5241    25
 5.5341    28
 5.5441    19
 5.5541    23
 5.5641    24
 5.5741    19
 5.5841    21
 5.5941    19
 5.6041    24
 5.6141    39
 5.6241    29
 5.6341    24
 5.6441    21
 5.6541    26
 5.6641    27
 5.6741    27
 5.6841    21
 5.6941    22
 5.7041    22
 5.7141    22
 5.7241    29
 5.7341    38
 5.7441    30
 5.7541    25
 5.7641    27
 5.7741    37
 5.7841    40
 5.7941    43
 5.8041    44
 5.8141    53
 5.8241    60
 5.8341    52
 5.8441    58
 5.8541    73
 5.8641    65
 5.8741    71
 5.8841    72
 5.8941    65
 5.9041    82
 5.9141    71
 5.9241    84
 5.9341    65
 5.9441    50
 5.9541    61
 5.9641    55
 5.9741    45
 5.9841    41
 5.9941    59
 6.0041    33
 6.0141    39
 6.0241    30
 6.0341    34
 6.0441    31
 6.0541    25
 6.0641    25
 6.0741    26
 6.0841    35
 6.0941    34
 6.1041    26
 6.1141    31
 6.1241    31
 6.1341    38
 6.1441    39
 6.1541    37
 6.1641    40
 6.1741    45
 6.1841    58
 6.1941    51
 6.2041    63
 6.2141    72
 6.2241   112
 6.2341   136
 6.2441   172
 6.2541   249
 6.2641   350
 6.2741   459
 6.2841   637
 6.2941   827
 6.3041  1040
 6.3141  1289
 6.3241  1640
 6.3341  1928
 6.3441  2235
 6.3541  2565
 6.3641  2818
 6.3741  3002
 6.3841  3260
 6.3941  3268
 6.4041  3130
 6.4141  3072
 6.4241  2889
 6.4341  2683
 6.4441  2205
 6.4541  2013
 6.4641  1611
 6.4741  1347
 6.4841  1105
 6.4941   871
 6.5041   679
 6.5141   487
 6.5241   369
 6.5341   265
 6.5441   172
 6.5541   136
 6.5641    99
 6.5741    84
 6.5841    57
 6.5941    36
 6.6041    48
 6.6141    45
 6.6241    42
 6.6341    46
 6.6441    35
 6.6541    46
 6.6641    33
 6.6741    32
 6.6841    41
 6.6941    41
 6.7041    34
 6.7141    33
 6.7241    29
 6.7341    53
 6.7441    32
 6.7541    36
 6.7641    44
 6.7741    31
 6.7841    44
 6.7941    42
 6.8041    39
 6.8141    53
 6.8241    44
 6.8341    53
 6.8441    45
 6.8541    59
 6.8641    51
 6.8741    62
 6.8841    73
 6.8941    75
 6.9041    88
 6.9141   118
 6.9241   118
 6.9341   136
 6.9441   153
 6.9541   203
 6.9641   249
 6.9741   312
 6.9841   321
 6.9941   340
 7.0041   416
 7.0141   461
 7.0241   483
 7.0341   562
 7.0441   545
 7.0541   546
 7.0641   500
 7.0741   524
 7.0841   428
 7.0941   431
 7.1041   376
 7.1141   318
 7.1241   298
 7.1341   261
 7.1441   214
 7.1541   183
 7.1641   137
 7.1741   106
 7.1841    90
 7.1941    81
 7.2041    75
 7.2141    54
 7.2241    69
 7.2341    46
 7.2441    46
 7.2541    57
 7.2641    46
 7.2741    57
 7.2841    51
 7.2941    56
 7.3041    57
 7.3141    55
 7.3241    64
 7.3341    55
 7.3441    72
 7.3541    62
 7.3641    76
 7.3741    88
 7.3841    76
 7.3941    84
 7.4041    77
 7.4141    71
 7.4241    82
 7.4341    93
 7.4441    71
 7.4541    88
 7.4641    78
 7.4741    91
 7.4841    82
 7.4941    65
 7.5041    82
 7.5141    65
 7.5241    75
 7.5341    68
 7.5441    74
 7.5541    51
 7.5641    57
 7.5741    58
 7.5841    52
 7.5941    53
 7.6041    53
 7.6141    66
 7.6241    56
 7.6341    57
 7.6441    56
 7.6541    41
 7.6641    57
 7.6741    64
 7.6841    67
 7.6941    50
 7.7041    58
 7.7141    58
 7.7241    46
 7.7341    69
 7.7441    61
 7.7541    59
 7.7641    65
 7.7741    75
 7.7841    61
 7.7941    80
 7.8041    69
 7.8141    68
 7.8241    76
 7.8341    72
 7.8441    80
 7.8541    87
 7.8641    67
 7.8741    83
 7.8841    80
 7.8941    92
 7.9041    93
 7.9141    83
 7.9241   104
 7.9341   105
 7.9441   124
 7.9541   121
 7.9641   136
 7.9741   139
 7.9841   160
 7.9941   146
 8.0041   182
 8.0141   180
 8.0241   186
 8.0341   190
 8.0441   224
 8.0541   272
 8.0641   231
 8.0741   270
 8.0841   282
 8.0941   303
 8.1041   322
 8.1141   314
 8.1241   373
 8.1341   361
 8.1441   401
 8.1541   358
 8.1641   361
 8.1741   360
 8.1841   375
 8.1941   379
 8.2041   378
 8.2141   376
 8.2241   399
 8.2341   386
 8.2441   377
 8.2541   413
 8.2641   467
 8.2741   455
 8.2841   478
 8.2941   497
 8.3041   532
 8.3141   575
 8.3241   618
 8.3341   650
 8.3441   701
 8.3541   734
 8.3641   765
 8.3741   753
 8.3841   789
 8.3941   744
 8.4041   709
 8.4141   746
 8.4241   660
 8.4341   634
 8.4441   580
 8.4541   521
 8.4641   478
 8.4741   399
 8.4841   328
 8.4941   288
 8.5041   242
 8.5141   238
 8.5241   189
 8.5341   147
 8.5441   154
 8.5541   137
 8.5641   131
 8.5741   128
 8.5841   101
 8.5941   109
 8.6041   117
 8.6141   136
 8.6241   123
 8.6341   118
 8.6441   119
 8.6541   101
 8.6641   107
 8.6741   106
 8.6841   118
 8.6941   123
 8.7041   113
 8.7141    94
 8.7241   105
 8.7341   114
 8.7441    92
 8.7541    98
 8.7641    88
 8.7741    97
 8.7841    85
 8.7941    68
 8.8041    83
 8.8141    97
 8.8241    91
 8.8341    70
 8.8441    87
 8.8541    72
 8.8641   100
 8.8741    90
 8.8841    86
 8.8941    83
 8.9041    98
 8.9141    88
 8.9241    87
 8.9341    93
 8.9441    97
 8.9541    87
 8.9641    93
 8.9741   100
 8.9841   117
 8.9941    99
 9.0041   109
 9.0141   121
 9.0241   102
 9.0341    97
 9.0441   102
 9.0541   116
 9.0641   121
 9.0741   136
 9.0841   143
 9.0941   133
 9.1041   149
 9.1141   138
 9.1241   151
 9.1341   151
 9.1441   149
 9.1541   162
 9.1641   162
 9.1741   181
 9.1841   201
 9.1941   211
 9.2041   215
 9.2141   199
 9.2241   199
 9.2341   218
 9.2441   251
 9.2541   250
 9.2641   251
 9.2741   291
 9.2841   312
 9.2941   319
 9.3041   283
 9.3141   317
 9.3241   325
 9.3341   342
 9.3441   343
 9.3541   344
 9.3641   364
 9.3741   385
 9.3841   391
 9.3941   417
 9.4041   392
 9.4141   422
 9.4241   438
 9.4341   380
 9.4441   442
 9.4541   415
 9.4641   445
 9.4741   414
 9.4841   434
 9.4941   411
 9.5041   454
 9.5141   469
 9.5241   480
 9.5341   512
 9.5441   491
 9.5541   484
 9.5641   543
 9.5741   538
 9.5841   577
 9.5941   600
 9.6041   643
 9.6141   673
 9.6241   704
 9.6341   692
 9.6441   723
 9.6541   709
 9.6641   745
 9.6741   712
 9.6841   681
 9.6941   691
 9.7041   643
 9.7141   609
 9.7241   551
 9.7341   541
 9.7441   504
 9.7541   457
 9.7641   423
 9.7741   399
 9.7841   375
 9.7941   329
 9.8041   317
 9.8141   300
 9.8241   289
 9.8341   277
 9.8441   292
 9.8541   298
 9.8641   297
 9.8741   300
 9.8841   315
 9.8941   307
 9.9041   337
 9.9141   332
 9.9241   331
 9.9341   339
 9.9441   332
 9.9541   337
 9.9641   335
 9.9741   332
 9.9841   330
 9.9941   303
10.0041   280
10.0141   242
10.0241   245
10.0341   214
10.0441   187
10.0541   174
10.0641   168
10.0741   144
10.0841   121
10.0941   119
10.1041   116
10.1141   105
10.1241    83
10.1341    82
10.1441    83
10.1541    88
10.1641    84
10.1741    74
10.1841    77
10.1941    81
10.2041    70
10.2141    77
10.2241    77
10.2341    73
10.2441    66
10.2541    59
10.2641    60
10.2741    56
10.2841    48
10.2941    47
10.3041    57
10.3141    65
10.3241    50
10.3341    50
10.3441    48
10.3541    44
10.3641    38
10.3741    47
10.3841    47
10.3941    58
10.4041    52
10.4141    47
10.4241    41
10.4341    43
10.4441    59
10.4541    40
10.4641    44
10.4741    53
10.4841    55
10.4941    53
10.5041    48
10.5141    55
10.5241    55
10.5341    55
10.5441    52
10.5541    64
10.5641    57
10.5741    57
10.5841    54
10.5941    55
10.6041    57
10.6141    48
10.6241    53
10.6341    58
10.6441    66
10.6541    55
10.6641    63
10.6741    68
10.6841    76
10.6941    70
10.7041    73
10.7141    62
10.7241    69
10.7341    77
10.7441    71
10.7541    74
10.7641    69
10.7741    62
10.7841    64
10.7941    61
10.8041    71
10.8141    68
10.8241    80
10.8341    86
10.8441    82
10.8541    83
10.8641    85
10.8741    88
10.8841    82
10.8941    90
10.9041    82
10.9141    94
10.9241    95
10.9341    94
10.9441    89
10.9541    94
10.9641   101
10.9741    82
10.9841    83
10.9941    84
11.0041    84
11.0141    78
11.0241    79
11.0341    95
11.0441    84
11.0541    77
11.0641    61
11.0741    65
11.0841    81
11.0941    79
11.1041    77
11.1141    76
11.1241    83
11.1341    97
11.1441    78
11.1541    76
11.1641    97
11.1741    99
11.1841    91
11.1941   100
11.2041   113
11.2141   106
11.2241   112
11.2341   122
11.2441   110
11.2541   119
11.2641   116
11.2741   116
11.2841   115
11.2941   120
11.3041   121
11.3141   120
11.3241   107
11.3341    89
11.3441    92
11.3541    84
11.3641    89
11.3741    82
11.3841    79
11.3941    78
11.4041    59
11.4141    58
11.4241    69
11.4341    58
11.4441    59
11.4541    54
11.4641    48
11.4741    50
11.4841    65
11.4941    68
11.5041    66
11.5141    62
11.5241    57
11.5341    62
11.5441    67
11.5541    61
11.5641    61
11.5741    64
11.5841    70
11.5941    68
11.6041    68
11.6141    69
11.6241    71
11.6341    65
11.6441    58
11.6541    60
11.6641    58
11.6741    56
11.6841    49
11.6941    62
11.7041    58
11.7141    57
11.7241    60
11.7341    60
11.7441    54
11.7541    49
11.7641    44
11.7741    48
11.7841    48
11.7941    43
11.8041    41
11.8141    47
11.8241    50
11.8341    40
11.8441    37
11.8541    39
11.8641    44
11.8741    49
11.8841    57
11.8941    53
11.9041    48
11.9141    53
11.9241    51
11.9341    45
11.9441    60
11.9541    53
11.9641    42
11.9741    46
11.9841    52
11.9941    48
12.0041    39
12.0141    39
12.0241    47
12.0341    46
12.0441    58
12.0541    57
12.0641    48
12.0741    48
12.0841    52
12.0941    54
12.1041    56
12.1141    55
12.1241    56
12.1341    48
12.1441    47
12.1541    52
12.1641    51
12.1741    51
12.1841    43
12.1941    45
12.2041    45
12.2141    41
12.2241    39
12.2341    43
12.2441    43
12.2541    49
12.2641    48
12.2741    48
12.2841    46
12.2941    55
12.3041    49
12.3141    39
12.3241    52
12.3341    49
12.3441    44
12.3541    39
12.3641    49
12.3741    54
12.3841    54
12.3941    44
12.4041    44
12.4141    43
12.4241    45
12.4341    45
12.4441    50
12.4541    52
12.4641    52
12.4741    45
12.4841    48
12.4941    47
12.5041    44
12.5141    39
12.5241    39
12.5341    49
12.5441    48
12.5541    42
12.5641    53
12.5741    54
12.5841    53
12.5941    54
12.6041    50
12.6141    44
12.6241    38
12.6341    43
12.6441    49
12.6541    38
12.6641    37
12.6741    43
12.6841    44
12.6941    40
12.7041    41
12.7141    46
12.7241    53
12.7341    54
12.7441    58
12.7541    54
12.7641    51
12.7741    51
12.7841    49
12.7941    50
12.8041    50
12.8141    53
12.8241    61
12.8341    58
12.8441    57
12.8541    54
12.8641    56
12.8741    55
12.8841    52
12.8941    46
12.9041    47
12.9141    48
12.9241    48
12.9341    46
12.9441    51
12.9541    44
12.9641    41
12.9741    46
12.9841    48
12.9941    55
13.0041    58
13.0141    52
13.0241    48
13.0341    48
13.0441    59
13.0541    55
13.0641    57
13.0741    54
13.0841    55
13.0941    64
13.1041    56
13.1141    52
13.1241    54
13.1341    57
13.1441    54
13.1541    53
13.1641    51
13.1741    48
13.1841    62
13.1941    61
13.2041    49
13.2141    46
13.2241    52
13.2341    58
13.2441    64
13.2541    56
13.2641    57
13.2741    59
13.2841    53
13.2941    60
13.3041    64
13.3141    60
13.3241    64
13.3341    68
13.3441    63
13.3541    60
13.3641    67
13.3741    63
13.3841    68
13.3941    68
13.4041    67
13.4141    66
13.4241    66
13.4341    68
13.4441    60
13.4541    55
13.4641    64
13.4741    64
13.4841    57
13.4941    65
13.5041    67
13.5141    60
13.5241    59
13.5341    58
13.5441    62
13.5541    67
13.5641    59
13.5741    54
13.5841    59
13.5941    66
13.6041    60
13.6141    59
13.6241    65
13.6341    72
13.6441    68
13.6541    61
13.6641    62
13.6741    60
13.6841    62
13.6941    65
13.7041    64
13.7141    63
13.7241    61
13.7341    62
13.7441    68
13.7541    72
13.7641    60
13.7741    56
13.7841    71
13.7941    70
13.8041    62
13.8141    66
13.8241    64
13.8341    63
13.8441    64
13.8541    63
13.8641    57
13.8741    61
13.8841    71
13.8941    69
13.9041    62
13.9141    60
13.9241    70
13.9341    72
13.9441    69
13.9541    65
13.9641    56
13.9741    53
13.9841    60
13.9941    69
14.0041    75
14.0141    76
14.0241    69
14.0341    64
14.0441    70
14.0541    74
14.0641    71
14.0741    63
14.0841    59
14.0941    70
14.1041    74
14.1141    74
14.1241    82
14.1341    78
14.1441    78
14.1541    78
14.1641    74
14.1741    82
14.1841    83
14.1941    71
14.2041    68
14.2141    75
14.2241    83
14.2341    78
14.2441    75
14.2541    76
14.2641    61
14.2741    61
14.2841    69
14.2941    68
14.3041    67
14.3141    72
14.3241    78
14.3341    77
14.3441    91
14.3541    94
14.3641    76
14.3741    69
14.3841    77
14.3941    73
14.4041    64
14.4141    68
14.4241    77
14.4341    79
14.4441    70
14.4541    73
14.4641    71
14.4741    73
14.4841    81
14.4941    79
14.5041    83
14.5141    81
14.5241    67
14.5341    77
14.5441    83
14.5541    71
14.5641    62
14.5741    73
14.5841    77
14.5941    73
14.6041    83
14.6141    82
14.6241    79
14.6341    71
14.6441    68
14.6541    71
14.6641    79
14.6741    74
14.6841    73
14.6941    78
14.7041    77
14.7141    85
14.7241    87
14.7341    78
14.7441    80
14.7541    80
14.7641    82
14.7741    85
14.7841    83
14.7941    82
14.8041    92
14.8141    87
14.8241    85
14.8341    82
14.8441    78
14.8541    86
14.8641    78
14.8741    74
14.8841    87
14.8941    89
14.9041    85
14.9141    81
14.9241    73
14.9341    76
14.9441    82
14.9541    82
14.9641    82
14.9741    83
14.9841    89
14.9941    82
15.0041    78
15.0141    77
15.0241    76
15.0341    86
15.0441    92
15.0541    79
15.0641    70
15.0741    75
15.0841    84
15.0941    89
15.1041    86
15.1141    77
15.1241    74
15.1341    84
15.1441    82
15.1541    79
15.1641    92
15.1741    93
15.1841    84
15.1941    87
15.2041    87
15.2141    86
15.2241    85
15.2341    79
15.2441    95
15.2541   101
15.2641    81
15.2741    75
15.2841    77
15.2941    87
15.3041    80
15.3141    76
15.3241    81
15.3341    80
15.3441    75
15.3541    84
15.3641    97
15.3741    88
15.3841    83
15.3941    80
15.4041    83
15.4141    91
15.4241    81
15.4341    76
15.4441    85
15.4541    97
15.4641    88
15.4741    88
15.4841    94
15.4941    95
15.5041    97
15.5141   100
15.5241    88
15.5341    86
15.5441    98
15.5541   101
15.5641    99
15.5741   109
15.5841   103
15.5941   107
15.6041   119
15.6141   111
15.6241   105
15.6341   119
15.6441   123
15.6541   125
15.6641   121
15.6741   116
15.6841   120
15.6941   120
15.7041   131
15.7141   128
15.7241   132
15.7341   131
15.7441   131
15.7541   128
15.7641   112
15.7741   126
15.7841   135
15.7941   133
15.8041   118
15.8141   115
15.8241   116
15.8341   110
15.8441   103
15.8541   105
15.8641   106
15.8741   104
15.8841   110
15.8941   112
15.9041    98
15.9141   105
15.9241    97
15.9341    99
15.9441    89
15.9541    98
15.9641    94
15.9741    91
15.9841   109
15.9941    90
16.0041    92
16.0141    97
16.0241    82
16.0341    85
16.0441   104
16.0541   100
16.0641    96
16.0741   105
16.0841   100
16.0941    93
16.1041    98
16.1141   102
16.1241    88
16.1341    93
16.1441    99
16.1541    91
16.1641    85
16.1741    95
16.1841    94
16.1941   103
16.2041   102
16.2141    99
16.2241    94
16.2341    82
16.2441    96
16.2541   100
16.2641   103
16.2741    96
16.2841    98
16.2941   104
16.3041   103
16.3141   107
16.3241   111
16.3341    90
16.3441   103
16.3541   105
16.3641   108
16.3741   107
16.3841    93
16.3941   107
16.4041   106
16.4141   101
16.4241    99
16.4341    98
16.4441   111
16.4541   106
16.4641    99
16.4741   104
16.4841   104
16.4941   105
16.5041   108
16.5141   105
16.5241   104
16.5341   111
16.5441   101
16.5541   101
16.5641   108
16.5741   104
16.5841   109
16.5941   111
16.6041   107
16.6141   108
16.6241   108
16.6341   106
16.6441   111
16.6541   108
16.6641   106
16.6741   116
16.6841   106
16.6941   112
16.7041   115
16.7141   113
16.7241   115
16.7341   117
16.7441   107
16.7541   110
16.7641    92
16.7741   107
16.7841   116
16.7941   126
16.8041   108
16.8141   110
16.8241   115
16.8341   113
16.8441   106
16.8541   102
16.8641   115
16.8741   113
16.8841   106
16.8941   122
16.9041   121
16.9141   121
16.9241    98
16.9341   116
16.9441   112
16.9541   110
16.9641   108
16.9741   113
16.9841   122
16.9941   111
17.0041    91
17.0141   117
17.0241   126
17.0341   127
17.0441   116
17.0541   105
17.0641   113
17.0741   103
17.0841   121
17.0941   122
17.1041   111
17.1141   105
17.1241   110
17.1341   120
17.1441   127
17.1541   119
17.1641   118
17.1741   121
17.1841   117
17.1941   123
17.2041   119
17.2141   119
17.2241   111
17.2341   105
17.2441   100
17.2541   110
17.2641   117
17.2741   112
17.2841   108
17.2941   117
17.3041   113
17.3141   114
17.3241   126
17.3341   117
17.3441   128
17.3541   127
17.3641   109
17.3741   119
17.3841   113
17.3941   103
17.4041   101
17.4141   113
17.4241   107
17.4341   107
17.4441   132
17.4541   148
17.4641   141
17.4741   129
17.4841   121
17.4941   135
17.5041   129
17.5141   123
17.5241   121
17.5341   116
17.5441   117
17.5541   126
17.5641   123
17.5741   120
17.5841   114
17.5941   130
17.6041   117
17.6141   123
17.6241   133
17.6341   142
17.6441   142
17.6541   133
17.6641   118
17.6741   125
17.6841   129
17.6941   126
17.7041   133
17.7141   123
17.7241   129
17.7341   130
17.7441   107
17.7541   120
17.7641   125
17.7741   126
17.7841   132
17.7941   124
17.8041   127
17.8141   122
17.8241   104
17.8341   109
17.8441   137
17.8541   117
17.8641   128
17.8741   114
17.8841   117
17.8941   131
17.9041   122
17.9141   126
17.9241   136
17.9341   127
17.9441   140
17.9541   133
17.9641   136
17.9741   129
17.9841   124
17.9941   119
18.0041   107
18.0141   122
18.0241   128
18.0341   130
18.0441   125
18.0541   107
18.0641   131
18.0741   131
18.0841   130
18.0941   130
18.1041   122
18.1141   138
18.1241   138
18.1341   124
18.1441   132
18.1541   138
18.1641   135
18.1741   127
18.1841   126
18.1941   124
18.2041   136
18.2141   140
18.2241   125
18.2341   128
18.2441   158
18.2541   144
18.2641   125
18.2741   135
18.2841   123
18.2941   118
18.3041   125
18.3141   143
18.3241   134
18.3341   149
18.3441   137
18.3541   143
18.3641   143
18.3741   130
18.3841   132
18.3941   136
18.4041   141
18.4141   135
18.4241   141
18.4341   132
18.4441   141
18.4541   135
18.4641   131
18.4741   124
18.4841   125
18.4941   140
18.5041   136
18.5141   137
18.5241   138
18.5341   147
18.5441   146
18.5541   138
18.5641   139
18.5741   121
18.5841   131
18.5941   131
18.6041   137
18.6141   133
18.6241   153
18.6341   137
18.6441   121
18.6541   126
18.6641   128
18.6741   136
18.6841   124
18.6941   116
18.7041   145
18.7141   146
18.7241   160
18.7341   134
18.7441   151
18.7541   147
18.7641   133
18.7741   157
18.7841   135
18.7941   145
18.8041   139
18.8141   150
18.8241   142
18.8341   126
18.8441   134
18.8541   141
18.8641   133
18.8741   141
18.8841   136
18.8941   140
18.9041   135
18.9141   130
18.9241   136
18.9341   128
18.9441   152
18.9541   151
18.9641   127
18.9741   135
18.9841   147
18.9941   135
19.0041   143
19.0141   147
19.0241   124
19.0341   142
19.0441   147
19.0541   148
19.0641   121
19.0741   135
19.0841   148
19.0941   160
19.1041   135
19.1141   154
19.1241   153
19.1341   136
19.1441   120
19.1541   123
19.1641   153
19.1741   161
19.1841   156
19.1941   130
19.2041   129
19.2141   129
19.2241   126
19.2341   128
19.2441   137
19.2541   131
19.2641   134
19.2741   147
19.2841   134
19.2941   126
19.3041   143
19.3141   143
19.3241   139
19.3341   129
19.3441   135
19.3541   134
19.3641   137
19.3741   140
19.3841   146
19.3941   154
19.4041   131
19.4141   148
19.4241   135
19.4341   158
19.4441   136
19.4541   153
19.4641   144
19.4741   142
19.4841   131
19.4941   148
19.5041   151
19.5141   146
19.5241   145
19.5341   153
19.5441   140
19.5541   117
19.5641   139
19.5741   136
19.5841   141
19.5941   151
19.6041   149
19.6141   146
19.6241   136
19.6341   136
19.6441   144
19.6541   138
19.6641   140
19.6741   136
19.6841   140
19.6941   130
19.7041   149
19.7141   156
19.7241   138
19.7341   145
19.7441   144
19.7541   141
19.7641   134
19.7741   143
19.7841   149
19.7941   154
19.8041   141
19.8141   129
19.8241   148
19.8341   143
19.8441   154
19.8541   141
19.8641   152
19.8741   144
19.8841   142
19.8941   155
19.9041   139
19.9141   144
19.9241   160
19.9341   148
19.9441   141
19.9541   120
19.9641   152
19.9741   138
19.9841   150
19.9941   136
20.0041   155
20.0141   143
20.0241   161
20.0341   153
20.0441   149
20.0541   143
20.0641   151
20.0741   152
20.0841   154
20.0941   167
20.1041   133
20.1141   128
20.1241   139
20.1341   129
20.1441   136
20.1541   149
20.1641   149
20.1741   154
20.1841   143
20.1941   135
20.2041   138
20.2141   136
20.2241   137
20.2341   139
20.2441   155
20.2541   149
20.2641   154
20.2741   149
20.2841   161
20.2941   138
20.3041   146
20.3141   155
20.3241   163
20.3341   156
20.3441   158
20.3541   152
20.3641   151
20.3741   161
20.3841   154
20.3941   152
20.4041   135
20.4141   140
20.4241   146
20.4341   138
20.4441   142
20.4541   138
20.4641   139
20.4741   162
20.4841   159
20.4941   154
20.5041   150
20.5141   146
20.5241   145
20.5341   159
20.5441   143
20.5541   147
20.5641   151
20.5741   155
20.5841   143
20.5941   153
20.6041   150
20.6141   140
20.6241   140
20.6341   148
20.6441   136
20.6541   142
20.6641   152
20.6741   157
20.6841   158
20.6941   138
20.7041   163
20.7141   168
20.7241   150
20.7341   135
20.7441   151
20.7541   152
20.7641   125
20.7741   136
20.7841   142
20.7941   147
20.8041   164
20.8141   152
20.8241   155
20.8341   168
20.8441   169
20.8541   180
20.8641   169
20.8741   157
20.8841   171
20.8941   176
20.9041   161
20.9141   174
20.9241   190
20.9341   182
20.9441   167
20.9541   196
20.9641   195
20.9741   205
20.9841   199
20.9941   202
21.0041   214
21.0141   210
21.0241   215
21.0341   218
21.0441   201
21.0541   208
21.0641   203
21.0741   233
21.0841   211
21.0941   230
21.1041   224
21.1141   198
21.1241   226
21.1341   229
21.1441   229
21.1541   238
21.1641   202
21.1741   210
21.1841   234
21.1941   214
21.2041   230
21.2141   216
21.2241   214
21.2341   210
21.2441   209
21.2541   209
21.2641   190
21.2741   180
21.2841   176
21.2941   188
21.3041   187
21.3141   176
21.3241   179
21.3341   169
21.3441   166
21.3541   152
21.3641   148
21.3741   146
21.3841   169
21.3941   152
21.4041   172
21.4141   170
21.4241   146
21.4341   151
21.4441   141
21.4541   161
21.4641   166
21.4741   160
21.4841   144
21.4941   124
21.5041   124
21.5141   161
21.5241   162
21.5341   140
21.5441   169
21.5541   159
21.5641   154
21.5741   149
21.5841   137
21.5941   141
21.6041   151
21.6141   146
21.6241   147
21.6341   172
21.6441   160
21.6541   165
21.6641   129
21.6741   143
21.6841   167
21.6941   162
21.7041   158
21.7141   156
21.7241   148
21.7341   177
21.7441   160
21.7541   148
21.7641   148
21.7741   156
21.7841   147
21.7941   156
21.8041   139
21.8141   155
21.8241   155
21.8341   149
21.8441   156
21.8541   159
21.8641   165
21.8741   155
21.8841   162
21.8941   123
21.9041   154
21.9141   150
21.9241   144
21.9341   136
21.9441   137
21.9541   161
21.9641   139
21.9741   157
21.9841   149
21.9941   141
22.0041   140
22.0141   141
22.0241   136
22.0341   149
22.0441   141
22.0541   137
22.0641   161
22.0741   141
22.0841   154
22.0941   159
22.1041   139
22.1141   144
22.1241   117
22.1341   154
22.1441   196
22.1541   158
22.1641   141
22.1741   139
22.1841   162
22.1941   152
22.2041   150
22.2141   159
22.2241   137
22.2341   141
22.2441   138
22.2541   141
22.2641   133
22.2741   166
22.2841   152
22.2941   153
22.3041   159
22.3141   163
22.3241   143
22.3341   139
22.3441   145
22.3541   145
22.3641   148
22.3741   144
22.3841   129
22.3941   155
22.4041   139
22.4141   163
22.4241   133
22.4341   160
22.4441   130
22.4541   140
22.4641   168
22.4741   142
22.4841   139
22.4941   144
22.5041   139
22.5141   155
22.5241   112
22.5341   149
22.5441   141
22.5541   132
22.5641   126
22.5741   132
22.5841   149
22.5941   145
22.6041   157
22.6141   145
22.6241   148
22.6341   143
22.6441   140
22.6541   151
22.6641   171
22.6741   150
22.6841   163
22.6941   126
22.7041   139
22.7141   159
22.7241   137
22.7341   136
22.7441   145
22.7541   150
22.7641   160
22.7741   155
22.7841   148
22.7941   153
22.8041   136
22.8141   124
22.8241   141
22.8341   135
22.8441   130
22.8541   146
22.8641   146
22.8741   146
22.8841   123
22.8941   130
22.9041   141
22.9141   135
22.9241   152
22.9341   150
22.9441   158
22.9541   130
22.9641   131
22.9741   156
22.9841   156
22.9941   156
23.0041   164
23.0141   167
23.0241   137
23.0341   155
23.0441   124
23.0541   154
23.0641   149
23.0741   145
23.0841   151
23.0941   148
23.1041   147
23.1141   143
23.1241   133
23.1341   122
23.1441   142
23.1541   146
23.1641   132
23.1741   146
23.1841   140
23.1941   143
23.2041   141
23.2141   135
23.2241   152
23.2341   140
23.2441   120
23.2541   132
23.2641   121
23.2741   119
23.2841   130
23.2941   124
23.3041   120
23.3141   165
23.3241   126
23.3341   136
23.3441   147
23.3541   136
23.3641   132
23.3741   136
23.3841   157
23.3941   119
23.4041   129
23.4141   162
23.4241   137
23.4341   150
23.4441   145
23.4541   137
23.4641   129
23.4741   135
23.4841   144
23.4941   147
23.5041   173
23.5141   134
23.5241   136
23.5341   155
23.5441   150
23.5541   145
23.5641   138
23.5741   133
23.5841   145
23.5941   129
23.6041   156
23.6141   146
23.6241   160
23.6341   145
23.6441   140
23.6541   146
23.6641   150
23.6741   138
23.6841   165
23.6941   147
23.7041   150
23.7141   151
23.7241   141
23.7341   144
23.7441   146
23.7541   158
23.7641   142
23.7741   139
23.7841   140
23.7941   164
23.8041   158
23.8141   136
23.8241   135
23.8341   151
23.8441   173
23.8541   162
23.8641   129
23.8741   149
23.8841   151
23.8941   136
23.9041   138
23.9141   135
23.9241   123
23.9341   152
23.9441   142
23.9541   139
23.9641   141
23.9741   119
23.9841   143
23.9941   134
24.0041   166
24.0141   129
24.0241   137
24.0341   150
24.0441   130
24.0541   133
24.0641   144
24.0741   156
24.0841   143
24.0941   127
24.1041   143
24.1141   145
24.1241   156
24.1341   133
24.1441   122
24.1541   117
24.1641   145
24.1741   131
24.1841   141
24.1941   137
24.2041   147
24.2141   137
24.2241   167
24.2341   157
24.2441   154
24.2541   125
24.2641   133
24.2741   142
24.2841   147
24.2941   141
24.3041   143
24.3141   142
24.3241   141
24.3341   139
24.3441   151
24.3541   144
24.3641   142
24.3741   136
24.3841   150
24.3941   147
24.4041   114
24.4141   129
24.4241   126
24.4341   143
24.4441   117
24.4541   147
24.4641   127
24.4741   149
24.4841   122
24.4941   127
24.5041   115
24.5141   106
24.5241   128
24.5341   138
24.5441   150
24.5541   132
24.5641   120
24.5741   112
24.5841   122
24.5941   118
24.6041   121
24.6141   142
24.6241   134
24.6341   110
24.6441   120
24.6541   122
24.6641   135
24.6741   126
24.6841   123
24.6941   137
24.7041   133
24.7141   130
24.7241   131
24.7341   126
24.7441   136
24.7541   127
24.7641   125
24.7741   109
24.7841   138
24.7941   144
24.8041   125
24.8141   124
24.8241   131
24.8341   114
24.8441   130
24.8541   115
24.8641   124
24.8741   120
24.8841   114
24.8941   116
24.9041   117
24.9141   129
24.9241   119
24.9341   123
24.9441   131
24.9541   138
24.9641   125
24.9741   127
24.9841   124
24.9941   129
25.0041   121
25.0141   119
25.0241   113
25.0341   125
25.0441   119
25.0541   148
25.0641   133
25.0741   152
25.0841   138
25.0941   126
25.1041   118
25.1141   132
25.1241   147
25.1341   113
25.1441   117
25.1541   123
25.1641   111
25.1741   127
25.1841   125
25.1941   134
25.2041   123
25.2141   138
25.2241   103
25.2341   139
25.2441   137
25.2541   141
25.2641   138
25.2741   149
25.2841   110
25.2941   135
25.3041   126
25.3141   142
25.3241   130
25.3341   142
25.3441   140
25.3541   113
25.3641   131
25.3741   132
25.3841   117
25.3941   144
25.4041   124
25.4141   126
25.4241   142
25.4341   138
25.4441   108
25.4541   101
25.4641   119
25.4741   109
25.4841   113
25.4941   128
25.5041   127
25.5141   121
25.5241   115
25.5341   122
25.5441   109
25.5541   119
25.5641   117
25.5741   113
25.5841   109
25.5941   100
25.6041   100
25.6141   114
25.6241   127
25.6341   134
25.6441   133
25.6541   134
25.6641   135
25.6741   126
25.6841   122
25.6941   121
25.7041   113
25.7141   107
25.7241   128
25.7341   119
25.7441   132
25.7541   134
25.7641   121
25.7741   126
25.7841   120
25.7941   111
25.8041   124
25.8141   120
25.8241   124
25.8341   113
25.8441   132
25.8541   122
25.8641   117
25.8741   118
25.8841   116
25.8941   119
25.9041   106
25.9141   122
25.9241   127
25.9341   115
25.9441   124
25.9541   120
25.9641   122
25.9741   119
25.9841   115
25.9941   118
26.0041   105
26.0141   117
26.0241   114
26.0341   133
26.0441   114
26.0541   117
26.0641   114
26.0741   127
26.0841   118
26.0941   128
26.1041   112
26.1141   114
26.1241   122
26.1341   109
26.1441   134
26.1541   111
26.1641   116
26.1741   110
26.1841   126
26.1941   103
26.2041   112
26.2141   110
26.2241   138
26.2341   110
26.2441   107
26.2541   119
26.2641   106
26.2741   114
26.2841   111
26.2941   111
26.3041   118
26.3141   123
26.3241   124
26.3341   125
26.3441   111
26.3541   102
26.3641   103
26.3741   109
26.3841   101
26.3941    97
26.4041   101
26.4141    98
26.4241   122
26.4341   107
26.4441   113
26.4541   102
26.4641   125
26.4741   113
26.4841   117
26.4941    92
26.5041   100
26.5141    95
26.5241   112
26.5341   100
26.5441   112
26.5541   112
26.5641   113
26.5741   105
26.5841   105
26.5941   103
26.6041   117
26.6141    96
26.6241   108
26.6341   102
26.6441   116
26.6541   100
26.6641   129
26.6741    99
26.6841   120
26.6941   121
26.7041   113
26.7141   107
26.7241    99
26.7341   106
26.7441   115
26.7541   111
26.7641   109
26.7741    99
26.7841    86
26.7941   108
26.8041   117
26.8141   110
26.8241   111
26.8341   113
26.8441    98
26.8541   115
26.8641   104
26.8741   108
26.8841   105
26.8941   109
26.9041   107
26.9141   102
26.9241   103
26.9341   118
26.9441   103
26.9541   132
26.9641   118
26.9741   104
26.9841    95
26.9941   109
27.0041   109
27.0141   106
27.0241   105
27.0341    94
27.0441    91
27.0541   123
27.0641   109
27.0741   118
27.0841    96
27.0941    79
27.1041   106
27.1141   115
27.1241    92
27.1341   105
27.1441    92
27.1541   110
27.1641    98
27.1741   116
27.1841   104
27.1941    92
27.2041   114
27.2141   109
27.2241   113
27.2341    94
27.2441   105
27.2541   114
27.2641    98
27.2741   106
27.2841    84
27.2941   112
27.3041    91
27.3141    91
27.3241   104
27.3341    90
27.3441   100
27.3541    92
27.3641   100
27.3741    86
27.3841    97
27.3941    95
27.4041    95
27.4141   102
27.4241   112
27.4341   103
27.4441    96
27.4541    90
27.4641   107
27.4741    95
27.4841   103
27.4941   108
27.5041   104
27.5141    99
27.5241    80
27.5341    95
27.5441   112
27.5541    91
27.5641    87
27.5741    86
27.5841    83
27.5941   115
27.6041    93
27.6141    96
27.6241    86
27.6341   108
27.6441    96
27.6541   104
27.6641    90
27.6741    91
27.6841   104
27.6941   104
27.7041   109
27.7141    82
27.7241   117
27.7341    88
27.7441    99
27.7541    94
27.7641    82
27.7741   102
27.7841   105
27.7941    87
27.8041   101
27.8141   100
27.8241   101
27.8341   107
27.8441    92
27.8541    96
27.8641    99
27.8741   100
27.8841    95
27.8941    77
27.9041   114
27.9141    92
27.9241    93
27.9341    96
27.9441   102
27.9541    98
27.9641   100
27.9741   108
27.9841    84
27.9941    84
28.0041    89
28.0141    87
28.0241    78
28.0341    97
28.0441   108
28.0541   108
28.0641    95
28.0741   100
28.0841    92
28.0941   100
28.1041    98
28.1141    98
28.1241    98
28.1341    98
28.1441    84
28.1541    92
28.1641   109
28.1741   104
28.1841   100
28.1941    91
28.2041    96
28.2141    92
28.2241    97
28.2341    92
28.2441    99
28.2541    90
28.2641   105
28.2741   102
28.2841   113
28.2941    88
28.3041    99
28.3141    88
28.3241    83
28.3341    80
28.3441    89
28.3541    98
28.3641   105
28.3741    79
28.3841    84
28.3941    89
28.4041   104
28.4141    83
28.4241    90
28.4341    86
28.4441    87
28.4541   104
28.4641    99
28.4741    94
28.4841   102
28.4941    93
28.5041    89
28.5141    85
28.5241    90
28.5341    85
28.5441   105
28.5541    91
28.5641    84
28.5741    89
28.5841    96
28.5941    81
28.6041    84
28.6141    90
28.6241    84
28.6341    62
28.6441    87
28.6541    94
28.6641    99
28.6741    83
28.6841    96
28.6941    88
28.7041   100
28.7141    82
28.7241    92
28.7341    87
28.7441    72
28.7541    77
28.7641    84
28.7741    96
28.7841    81
28.7941    86
28.8041    73
28.8141    67
28.8241    80
28.8341    87
28.8441    86
28.8541    81
28.8641    85
28.8741    88
28.8841    81
28.8941    90
28.9041    86
28.9141    76
28.9241    89
28.9341    79
28.9441    94
28.9541    89
28.9641    81
28.9741    79
28.9841    81
28.9941    88
29.0041    77
29.0141    71
29.0241    86
29.0341    81
29.0441    97
29.0541    69
29.0641    82
29.0741    86
29.0841    78
29.0941    73
29.1041    76
29.1141    81
29.1241    71
29.1341    81
29.1441    67
29.1541    83
29.1641    90
29.1741    74
29.1841    80
29.1941    75
29.2041    79
29.2141    88
29.2241    77
29.2341    60
29.2441    84
29.2541    70
29.2641    80
29.2741    87
29.2841    84
29.2941    92
29.3041    79
29.3141    73
29.3241    78
29.3341    76
29.3441    75
29.3541    66
29.3641    72
29.3741    83
29.3841    93
29.3941    94
29.4041    66
29.4141    80
29.4241    88
29.4341    74
29.4441    86
29.4541    84
29.4641    67
29.4741    56
29.4841    78
29.4941    81
29.5041    77
29.5141    63
29.5241    64
29.5341    72
29.5441    72
29.5541    71
29.5641    85
29.5741    66
29.5841    60
29.5941    83
29.6041    70
29.6141    67
29.6241    82
29.6341    69
29.6441    82
29.6541    75
29.6641    76
29.6741    67
29.6841    82
29.6941    66
29.7041    70
29.7141    70
29.7241    80
29.7341    55
29.7441    78
29.7541    83
29.7641    77
29.7741    84
29.7841    80
29.7941    74
29.8041    63
29.8141    79
29.8241    84
29.8341    73
29.8441    81
29.8541    65
29.8641    67
29.8741    69
29.8841    75
29.8941    75
29.9041    78
29.9141    80
29.9241    70
29.9341    66
29.9441    82
29.9541    74
29.9641    79
29.9741    76
29.9841    70
29.9941    85
30.0041    69
30.0141    72
30.0241    66
30.0341    70
30.0441    84
30.0541    69
30.0641    70
30.0741    86
30.0841    67
30.0941    64
30.1041    66
30.1141    64
30.1241    72
30.1341    66
30.1441    67
30.1541    56
30.1641    65
30.1741    75
30.1841    82
30.1941    60
30.2041    53
30.2141    70
30.2241    59
30.2341    61
30.2441    70
30.2541    70
30.2641    70
30.2741    67
30.2841    73
30.2941    69
30.3041    54
30.3141    70
30.3241    66
30.3341    71
30.3441    68
30.3541    69
30.3641    73
30.3741    62
30.3841    67
30.3941    79
30.4041    86
30.4141    70
30.4241    74
30.4341    79
30.4441    73
30.4541    83
30.4641    77
30.4741    59
30.4841    71
30.4941    65
30.5041    66
30.5141    50
30.5241    58
30.5341    76
30.5441    63
30.5541    68
30.5641    62
30.5741    66
30.5841    77
30.5941    57
30.6041    61
30.6141    63
30.6241    69
30.6341    78
30.6441    73
30.6541    67
30.6641    65
30.6741    51
30.6841    68
30.6941    72
30.7041    68
30.7141    74
30.7241    58
30.7341    44
30.7441    67
30.7541    67
30.7641    74
30.7741    69
30.7841    67
30.7941    59
30.8041    78
30.8141    66
30.8241    68
30.8341    72
30.8441    62
30.8541    55
30.8641    61
30.8741    63
30.8841    60
30.8941    63
30.9041    63
30.9141    60
30.9241    59
30.9341    57
30.9441    58
30.9541    61
30.9641    61
30.9741    67
30.9841    63
30.9941    66
31.0041    57
31.0141    61
31.0241    67
31.0341    69
31.0441    57
31.0541    61
31.0641    47
31.0741    58
31.0841    58
31.0941    55
31.1041    57
31.1141    56
31.1241    57
31.1341    73
31.1441    58
31.1541    55
31.1641    53
31.1741    66
31.1841    64
31.1941    57
31.2041    60
31.2141    53
31.2241    66
31.2341    61
31.2441    68
31.2541    62
31.2641    66
31.2741    64
31.2841    63
31.2941    51
31.3041    55
31.3141    65
31.3241    60
31.3341    66
31.3441    58
31.3541    52
31.3641    62
31.3741    56
31.3841    65
31.3941    53
31.4041    53
31.4141    62
31.4241    61
31.4341    60
31.4441    54
31.4541    42
31.4641    46
31.4741    39
31.4841    44
31.4941    57
31.5041    56
31.5141    68
31.5241    66
31.5341    49
31.5441    55
31.5541    61
31.5641    56
31.5741    64
31.5841    67
31.5941    62
31.6041    49
31.6141    54
31.6241    53
31.6341    54
31.6441    51
31.6541    58
31.6641    60
31.6741    57
31.6841    57
31.6941    46
31.7041    47
31.7141    41
31.7241    45
31.7341    58
31.7441    58
31.7541    54
31.7641    48
31.7741    50
31.7841    44
31.7941    46
31.8041    61
31.8141    52
31.8241    59
31.8341    54
31.8441    50
31.8541    54
31.8641    55
31.8741    65
31.8841    59
31.8941    51
31.9041    50
31.9141    48
31.9241    54
31.9341    53
31.9441    47
31.9541    57
31.9641    59
31.9741    60
31.9841    52
31.9941    52
32.0041    54
32.0141    52
32.0241    72
32.0341    57
32.0441    45
32.0541    64
32.0641    57
32.0741    44
32.0841    50
32.0941    51
32.1041    51
32.1141    41
32.1241    49
32.1341    49
32.1441    47
32.1541    56
32.1641    55
32.1741    45
32.1841    45
32.1941    51
32.2041    41
32.2141    52
32.2241    39
32.2341    42
32.2441    49
32.2541    54
32.2641    48
32.2741    61
32.2841    47
32.2941    44
32.3041    51
32.3141    43
32.3241    47
32.3341    59
32.3441    55
32.3541    59
32.3641    45
32.3741    41
32.3841    46
32.3941    44
32.4041    50
32.4141    44
32.4241    51
32.4341    46
32.4441    47
32.4541    51
32.4641    45
32.4741    46
32.4841    50
32.4941    45
32.5041    49
32.5141    45
32.5241    40
32.5341    38
32.5441    53
32.5541    42
32.5641    48
32.5741    50
32.5841    53
32.5941    37
32.6041    55
32.6141    48
32.6241    54
32.6341    54
32.6441    44
32.6541    41
32.6641    43
32.6741    55
32.6841    39
32.6941    45
32.7041    41
32.7141    43
32.7241    40
32.7341    44
32.7441    41
32.7541    53
32.7641    51
32.7741    40
32.7841    42
32.7941    46
32.8041    46
32.8141    40
32.8241    52
32.8341    53
32.8441    53
32.8541    56
32.8641    45
32.8741    38
32.8841    42
32.8941    48
32.9041    47
32.9141    42
32.9241    46
32.9341    47
32.9441    38
32.9541    40
32.9641    38
32.9741    43
32.9841    37
32.9941    40
33.0041    43
33.0141    47
33.0241    56
33.0341    45
33.0441    52
33.0541    38
33.0641    50
33.0741    44
33.0841    36
33.0941    57
33.1041    36
33.1141    37
33.1241    40
33.1341    37
33.1441    39
33.1541    40
33.1641    51
33.1741    50
33.1841    39
33.1941    36
33.2041    43
33.2141    50
33.2241    42
33.2341    34
33.2441    38
33.2541    41
33.2641    41
33.2741    46
33.2841    37
33.2941    41
33.3041    34
33.3141    37
33.3241    42
33.3341    29
33.3441    40
33.3541    35
33.3641    49
33.3741    40
33.3841    35
33.3941    37
33.4041    50
33.4141    37
33.4241    33
33.4341    48
33.4441    35
33.4541    44
33.4641    33
33.4741    45
33.4841    37
33.4941    41
33.5041    34
33.5141    50
33.5241    34
33.5341    41
33.5441    34
33.5541    41
33.5641    32
33.5741    38
33.5841    38
33.5941    40
33.6041    39
33.6141    36
33.6241    42
33.6341    46
33.6441    32
33.6541    42
33.6641    34
33.6741    38
33.6841    35
33.6941    44
33.7041    44
33.7141    45
33.7241    46
33.7341    34
33.7441    40
33.7541    38
33.7641    31
33.7741    39
33.7841    45
33.7941    30
33.8041    38
33.8141    44
33.8241    47
33.8341    39
33.8441    38
33.8541    36
33.8641    37
33.8741    25
33.8841    32
33.8941    40
33.9041    41
33.9141    34
33.9241    38
33.9341    40
33.9441    31
33.9541    36
33.9641    43
33.9741    36
33.9841    43
33.9941    36
34.0041    44
34.0141    34
34.0241    19
34.0341    33
34.0441    42
34.0541    32
34.0641    41
34.0741    28
34.0841    36
34.0941    35
34.1041    26
34.1141    26
34.1241    38
34.1341    28
34.1441    25
34.1541    28
34.1641    36
34.1741    34
34.1841    33
34.1941    45
34.2041    31
34.2141    37
34.2241    36
34.2341    33
34.2441    43
34.2541    29
34.2641    25
34.2741    40
34.2841    32
34.2941    39
34.3041    37
34.3141    33
34.3241    33
34.3341    34
34.3441    33
34.3541    39
34.3641    46
34.3741    31
34.3841    28
34.3941    35
34.4041    36
34.4141    40
34.4241    27
34.4341    24
34.4441    27
34.4541    27
34.4641    38
34.4741    33
34.4841    36
34.4941    34
34.5041    32
34.5141    29
34.5241    31
34.5341    28
34.5441    30
34.5541    35
34.5641    24
34.5741    38
34.5841    27
34.5941    26
34.6041    23
34.6141    16
34.6241    24
34.6341    23
34.6441    34
34.6541    41
34.6641    39
34.6741    34
34.6841    33
34.6941    33
34.7041    37
34.7141    41
34.7241    30
34.7341    34
34.7441    26
34.7541    25
34.7641    38
34.7741    31
34.7841    20
34.7941    24
34.8041    32
34.8141    33
34.8241    33
34.8341    35
34.8441    30
34.8541    22
34.8641    31
34.8741    33
34.8841    39
34.8941    32
34.9041    34
34.9141    35
34.9241    34
34.9341    34
34.9441    27
34.9541    22
34.9641    19
34.9741    31
34.9841    34
34.9941    34
35.0041    32
35.0141    36
35.0241    26
35.0341    32
35.0441    33
35.0541    28
35.0641    36
35.0741    36
35.0841    28
35.0941    27
35.1041    29
35.1141    27
35.1241    29
35.1341    27
35.1441    35
35.1541    34
35.1641    27
35.1741    32
35.1841    31
35.1941    23
35.2041    27
35.2141    32
35.2241    30
35.2341    28
35.2441    24
35.2541    23
35.2641    20
35.2741    24
35.2841    28
35.2941    25
35.3041    25
35.3141    27
35.3241    24
35.3341    21
35.3441    31
35.3541    29
35.3641    36
35.3741    31
35.3841    27
35.3941    35
35.4041    22
35.4141    26
35.4241    31
35.4341    29
35.4441    25
35.4541    27
35.4641    34
35.4741    34
35.4841    26
35.4941    26
35.5041    28
35.5141    22
35.5241    29
35.5341    32
35.5441    29
35.5541    23
35.5641    27
35.5741    24
35.5841    26
35.5941    36
35.6041    19
35.6141    22
35.6241    30
35.6341    19
35.6441    27
35.6541    29
35.6641    24
35.6741    20
35.6841    21
35.6941    32
35.7041    28
35.7141    29
35.7241    31
35.7341    21
35.7441    28
35.7541    25
35.7641    23
35.7741    32
35.7841    24
35.7941    27
35.8041    24
35.8141    32
35.8241    28
35.8341    25
35.8441    22
35.8541    23
35.8641    18
35.8741    26
35.8841    28
35.8941    19
35.9041    17
35.9141    22
35.9241    23
35.9341    15
35.9441    31
35.9541    39
35.9641    25
35.9741    27
35.9841    18
35.9941    28
36.0041    21
36.0141    26
36.0241    24
36.0341    27
36.0441    31
36.0541    25
36.0641    25
36.0741    27
36.0841    29
36.0941    28
36.1041    20
36.1141    29
36.1241    26
36.1341    35
36.1441    27
36.1541    21
36.1641    19
36.1741    26
36.1841    22
36.1941    20
36.2041    17
36.2141    26
36.2241    18
36.2341    25
36.2441    18
36.2541    29
36.2641    29
36.2741    17
36.2841    23
36.2941    25
36.3041    19
36.3141    21
36.3241    21
36.3341    33
36.3441    22
36.3541    31
36.3641    15
36.3741    17
36.3841    25
36.3941    23
36.4041    28
36.4141    25
36.4241    23
36.4341    19
36.4441    22
36.4541    27
36.4641    28
36.4741    19
36.4841    20
36.4941    16
36.5041    24
36.5141    31
36.5241    20
36.5341    20
36.5441    15
36.5541    22
36.5641    23
36.5741    21
36.5841    21
36.5941    21
36.6041    21
36.6141    22
36.6241    20
36.6341    26
36.6441    17
36.6541    23
36.6641    18
36.6741    19
36.6841    17
36.6941    25
36.7041    18
36.7141    22
36.7241    21
36.7341    12
36.7441    28
36.7541    22
36.7641    22
36.7741    24
36.7841    26
36.7941    22
36.8041    19
36.8141    21
36.8241    30
36.8341    22
36.8441    16
36.8541    17
36.8641    17
36.8741    17
36.8841    18
36.8941    17
36.9041    22
36.9141    20
36.9241    24
36.9341    22
36.9441    17
36.9541    23
36.9641    25
36.9741    20
36.9841    20
36.9941    19
37.0041    23
37.0141    17
37.0241    18
37.0341    17
37.0441    19
37.0541    22
37.0641    17
37.0741    16
37.0841    26
37.0941    14
37.1041    19
37.1141    19
37.1241    21
37.1341    16
37.1441    10
37.1541    19
37.1641    28
37.1741    14
37.1841    16
37.1941    18
37.2041    20
37.2141    21
37.2241    13
37.2341    22
37.2441    21
37.2541    27
37.2641    13
37.2741    30
37.2841    10
37.2941    17
37.3041    17
37.3141    14
37.3241    25
37.3341    20
37.3441    15
37.3541    16
37.3641    14
37.3741    13
37.3841    18
37.3941    20
37.4041    16
37.4141     9
37.4241    17
37.4341    22
37.4441    23
37.4541    16
37.4641    19
37.4741    21
37.4841    19
37.4941    21
37.5041    14
37.5141    17
37.5241    17
37.5341    21
37.5441    12
37.5541    15
37.5641     9
37.5741    19
37.5841    19
37.5941    15
37.6041    18
37.6141    20
37.6241    17
37.6341    19
37.6441    18
37.6541    15
37.6641    23
37.6741    18
37.6841    15
37.6941    14
37.7041    21
37.7141    15
37.7241    10
37.7341    17
37.7441    14
37.7541    17
37.7641    17
37.7741    11
37.7841    17
37.7941    17
37.8041    13
37.8141    16
37.8241    10
37.8341     8
37.8441     7
37.8541    20
37.8641    20
37.8741    12
37.8841    13
37.8941    13
37.9041    20
37.9141    10
37.9241    10
37.9341    17
37.9441    18
37.9541    21
37.9641    16
37.9741    25
37.9841    15
37.9941    12
38.0041    17
38.0141    17
38.0241    11
38.0341    15
38.0441    15
38.0541    13
38.0641    12
38.0741    14
38.0841    14
38.0941    17
38.1041    26
38.1141    18
38.1241    15
38.1341    10
38.1441    19
38.1541    13
38.1641    19
38.1741    18
38.1841     8
38.1941    17
38.2041     9
38.2141    21
38.2241    17
38.2341    13
38.2441     8
38.2541    10
38.2641    13
38.2741    15
38.2841    10
38.2941     9
38.3041    13
38.3141    11
38.3241    10
38.3341     9
38.3441    15
38.3541    17
38.3641    13
38.3741     6
38.3841    20
38.3941    13
38.4041    19
38.4141    11
38.4241    12
38.4341    10
38.4441    19
38.4541    13
38.4641    13
38.4741     8
38.4841    18
38.4941    13
38.5041    23
38.5141    13
38.5241    16
38.5341    16
38.5441    15
38.5541     5
38.5641    11
38.5741     9
38.5841    15
38.5941     7
38.6041    15
38.6141    11
38.6241    17
38.6341     9
38.6441    17
38.6541    16
38.6641    14
38.6741    21
38.6841    10
38.6941     8
38.7041    15
38.7141    11
38.7241    19
38.7341    15
38.7441    15
38.7541    16
38.7641     9
38.7741    13
38.7841    12
38.7941    11
38.8041     8
38.8141    20
38.8241    11
38.8341     5
38.8441    18
38.8541    17
38.8641     9
38.8741    13
38.8841     9
38.8941    10
38.9041    17
38.9141    11
38.9241     9
38.9341    10
38.9441    11
38.9541    15
38.9641    13
38.9741    16
38.9841    19
38.9941     7
39.0041    10
39.0141     8
39.0241    14
39.0341     6
39.0441    11
39.0541     9
39.0641    16
39.0741    14
39.0841    14
39.0941     8
39.1041    13
39.1141    13
39.1241     9
39.1341    12
39.1441     8
39.1541     9
39.1641     9
39.1741    12
39.1841    12
39.1941    10
39.2041    12
39.2141    11
39.2241    11
39.2341    15
39.2441    13
39.2541    14
39.2641    10
39.2741     5
39.2841    11
39.2941    11
39.3041     6
39.3141     9
39.3241     9
39.3341    12
39.3441     9
39.3541     9
39.3641    12
39.3741    13
39.3841     8
39.3941     6
39.4041     9
39.4141    10
39.4241    10
39.4341    13
39.4441     5
39.4541    13
39.4641    10
39.4741     8
39.4841    13
39.4941    12
39.5041    15
39.5141    11
39.5241    15
39.5341    11
39.5441    10
39.5541     7
39.5641     7
39.5741    11
39.5841     9
39.5941    11
39.6041     5
39.6141    14
39.6241    19
39.6341     9
39.6441     7
39.6541     8
39.6641     6
39.6741    10
39.6841     5
39.6941    11
39.7041     6
39.7141     9
39.7241     7
39.7341     8
39.7441     4
39.7541     9
39.7641     8
39.7741    10
39.7841     9
39.7941    11
39.8041     7
39.8141     3
39.8241     9
39.8341    10
39.8441     4
39.8541    11
39.8641    11
39.8741    14
39.8841     4
39.8941     6
39.9041     8
39.9141     7
39.9241     5
39.9341    10
39.9441     7
39.9541     6
39.9641    15
39.9741     7
39.9841     7
39.9941     6
