Bruker Nano GmbH Berlin, Germany
Esprit 1.9

Date: 6/2/2021 1:09:41 PM
Real time: 5000
Life time: 4692
Pulse density: 92787


Detector type: XFlash 430
Window type: Custom type
Detector thickness: 0.45
Si dead layer:0.029

Calibration, lin.: 10
Calibration, abs.: -955.9
Mn FWHM: 137.05
Fano factor: 0.121
Channels: 4096

Energy Counts
-0.9559     0
-0.9459     0
-0.9359     0
-0.9259     0
-0.9159     0
-0.9059     0
-0.8959     0
-0.8859     0
-0.8759     0
-0.8659     0
-0.8559     0
-0.8459     0
-0.8359     0
-0.8259     0
-0.8159     0
-0.8059     0
-0.7959     0
-0.7859     0
-0.7759     0
-0.7659     0
-0.7559     0
-0.7459     0
-0.7359     0
-0.7259     0
-0.7159     0
-0.7059     0
-0.6959     0
-0.6859     0
-0.6759     0
-0.6659     0
-0.6559     0
-0.6459     0
-0.6359     0
-0.6259     0
-0.6159     0
-0.6059     0
-0.5959     0
-0.5859     0
-0.5759     0
-0.5659     0
-0.5559     0
-0.5459     0
-0.5359     0
-0.5259     0
-0.5159     0
-0.5059     0
-0.4959     0
-0.4859     0
-0.4759     0
-0.4659     0
-0.4559     0
-0.4459     0
-0.4359     0
-0.4259     0
-0.4159     0
-0.4059     0
-0.3959     0
-0.3859     0
-0.3759     0
-0.3659     0
-0.3559     0
-0.3459     0
-0.3359     0
-0.3259     0
-0.3159     0
-0.3059     0
-0.2959     0
-0.2859     0
-0.2759     0
-0.2659     0
-0.2559     0
-0.2459     0
-0.2359     0
-0.2259     0
-0.2159     0
-0.2059     0
-0.1959     0
-0.1859     0
-0.1759     0
-0.1659     0
-0.1559     0
-0.1459     0
-0.1359     0
-0.1259     0
-0.1159     0
-0.1059     4
-0.0959    10
-0.0859    61
-0.0759   180
-0.0659   514
-0.0559  1352
-0.0459  2959
-0.0359  5441
-0.0259  8862
-0.0159 12447
-0.0059 14349
 0.0041 14474
 0.0141 12434
 0.0241  9160
 0.0341  5850
 0.0441  3210
 0.0541  1528
 0.0641   576
 0.0741   202
 0.0841    61
 0.0941    16
 0.1041     3
 0.1141     1
 0.1241     3
 0.1341     2
 0.1441     6
 0.1541     0
 0.1641     0
 0.1741     4
 0.1841    44
 0.1941    81
 0.2041    63
 0.2141    69
 0.2241    63
 0.2341    73
 0.2441    75
 0.2541    77
 0.2641    71
 0.2741    66
 0.2841    66
 0.2941    75
 0.3041    72
 0.3141    70
 0.3241    63
 0.3341    81
 0.3441    69
 0.3541    69
 0.3641    68
 0.3741    66
 0.3841    57
 0.3941    65
 0.4041    56
 0.4141    55
 0.4241    59
 0.4341    51
 0.4441    52
 0.4541    53
 0.4641    63
 0.4741    61
 0.4841    55
 0.4941    55
 0.5041    54
 0.5141    55
 0.5241    57
 0.5341    54
 0.5441    60
 0.5541    59
 0.5641    58
 0.5741    52
 0.5841    58
 0.5941    62
 0.6041    58
 0.6141    50
 0.6241    52
 0.6341    60
 0.6441    59
 0.6541    56
 0.6641    48
 0.6741    44
 0.6841    53
 0.6941    54
 0.7041    57
 0.7141    52
 0.7241    45
 0.7341    53
 0.7441    53
 0.7541    53
 0.7641    56
 0.7741    51
 0.7841    48
 0.7941    49
 0.8041    44
 0.8141    48
 0.8241    55
 0.8341    50
 0.8441    47
 0.8541    46
 0.8641    44
 0.8741    43
 0.8841    42
 0.8941    45
 0.9041    47
 0.9141    52
 0.9241    50
 0.9341    46
 0.9441    44
 0.9541    51
 0.9641    54
 0.9741    48
 0.9841    52
 0.9941    55
 1.0041    44
 1.0141    44
 1.0241    49
 1.0341    55
 1.0441    50
 1.0541    38
 1.0641    43
 1.0741    30
 1.0841    43
 1.0941    49
 1.1041    47
 1.1141    45
 1.1241    43
 1.1341    44
 1.1441    43
 1.1541    42
 1.1641    41
 1.1741    37
 1.1841    45
 1.1941    38
 1.2041    38
 1.2141    38
 1.2241    27
 1.2341    39
 1.2441    37
 1.2541    39
 1.2641    42
 1.2741    39
 1.2841    49
 1.2941    47
 1.3041    41
 1.3141    47
 1.3241    41
 1.3341    45
 1.3441    31
 1.3541    40
 1.3641    48
 1.3741    40
 1.3841    43
 1.3941    42
 1.4041    41
 1.4141    38
 1.4241    35
 1.4341    43
 1.4441    47
 1.4541    40
 1.4641    40
 1.4741    41
 1.4841    39
 1.4941    37
 1.5041    38
 1.5141    47
 1.5241    36
 1.5341    39
 1.5441    41
 1.5541    37
 1.5641    37
 1.5741    43
 1.5841    39
 1.5941    39
 1.6041    41
 1.6141    48
 1.6241    36
 1.6341    46
 1.6441    40
 1.6541    50
 1.6641    63
 1.6741    79
 1.6841   100
 1.6941   116
 1.7041   125
 1.7141   157
 1.7241   199
 1.7341   204
 1.7441   196
 1.7541   182
 1.7641   155
 1.7741   136
 1.7841   114
 1.7941    90
 1.8041    69
 1.8141    65
 1.8241    55
 1.8341    42
 1.8441    45
 1.8541    59
 1.8641    61
 1.8741    45
 1.8841    33
 1.8941    50
 1.9041    49
 1.9141    33
 1.9241    42
 1.9341    40
 1.9441    37
 1.9541    46
 1.9641    55
 1.9741    55
 1.9841    42
 1.9941    55
 2.0041    48
 2.0141    46
 2.0241    44
 2.0341    47
 2.0441    42
 2.0541    40
 2.0641    34
 2.0741    45
 2.0841    37
 2.0941    42
 2.1041    37
 2.1141    39
 2.1241    33
 2.1341    30
 2.1441    34
 2.1541    44
 2.1641    40
 2.1741    27
 2.1841    33
 2.1941    32
 2.2041    39
 2.2141    39
 2.2241    34
 2.2341    42
 2.2441    39
 2.2541    45
 2.2641    39
 2.2741    48
 2.2841    37
 2.2941    34
 2.3041    43
 2.3141    35
 2.3241    36
 2.3341    34
 2.3441    35
 2.3541    41
 2.3641    37
 2.3741    34
 2.3841    33
 2.3941    38
 2.4041    39
 2.4141    32
 2.4241    27
 2.4341    35
 2.4441    31
 2.4541    35
 2.4641    39
 2.4741    34
 2.4841    33
 2.4941    39
 2.5041    37
 2.5141    27
 2.5241    16
 2.5341    42
 2.5441    22
 2.5541    31
 2.5641    35
 2.5741    28
 2.5841    30
 2.5941    25
 2.6041    32
 2.6141    30
 2.6241    29
 2.6341    41
 2.6441    35
 2.6541    26
 2.6641    34
 2.6741    32
 2.6841    36
 2.6941    26
 2.7041    24
 2.7141    33
 2.7241    30
 2.7341    31
 2.7441    31
 2.7541    21
 2.7641    35
 2.7741    37
 2.7841    49
 2.7941    31
 2.8041    32
 2.8141    37
 2.8241    30
 2.8341    36
 2.8441    26
 2.8541    25
 2.8641    39
 2.8741    31
 2.8841    40
 2.8941    49
 2.9041    31
 2.9141    26
 2.9241    24
 2.9341    23
 2.9441    22
 2.9541    32
 2.9641    35
 2.9741    31
 2.9841    33
 2.9941    33
 3.0041    28
 3.0141    26
 3.0241    20
 3.0341    34
 3.0441    46
 3.0541    26
 3.0641    33
 3.0741    27
 3.0841    25
 3.0941    25
 3.1041    21
 3.1141    23
 3.1241    37
 3.1341    23
 3.1441    25
 3.1541    30
 3.1641    28
 3.1741    24
 3.1841    24
 3.1941    37
 3.2041    24
 3.2141    37
 3.2241    32
 3.2341    26
 3.2441    36
 3.2541    36
 3.2641    32
 3.2741    43
 3.2841    51
 3.2941    52
 3.3041    34
 3.3141    44
 3.3241    40
 3.3341    43
 3.3441    43
 3.3541    44
 3.3641    46
 3.3741    32
 3.3841    36
 3.3941    29
 3.4041    21
 3.4141    24
 3.4241    30
 3.4341    23
 3.4441    27
 3.4541    35
 3.4641    18
 3.4741    25
 3.4841    24
 3.4941    28
 3.5041    30
 3.5141    27
 3.5241    26
 3.5341    25
 3.5441    39
 3.5541    37
 3.5641    45
 3.5741    46
 3.5841    69
 3.5941    83
 3.6041   108
 3.6141   146
 3.6241   174
 3.6341   204
 3.6441   221
 3.6541   293
 3.6641   326
 3.6741   348
 3.6841   364
 3.6941   352
 3.7041   333
 3.7141   316
 3.7241   260
 3.7341   246
 3.7441   190
 3.7541   141
 3.7641   141
 3.7741    94
 3.7841    81
 3.7941    60
 3.8041    37
 3.8141    36
 3.8241    35
 3.8341    29
 3.8441    26
 3.8541    21
 3.8641    19
 3.8741    25
 3.8841    23
 3.8941    22
 3.9041    18
 3.9141    26
 3.9241    32
 3.9341    30
 3.9441    47
 3.9541    51
 3.9641    46
 3.9741    50
 3.9841    61
 3.9941    64
 4.0041    78
 4.0141    72
 4.0241    64
 4.0341    72
 4.0441    55
 4.0541    54
 4.0641    44
 4.0741    37
 4.0841    43
 4.0941    34
 4.1041    22
 4.1141    24
 4.1241    18
 4.1341    18
 4.1441    21
 4.1541    20
 4.1641    24
 4.1741    14
 4.1841    17
 4.1941    11
 4.2041    17
 4.2141    29
 4.2241    19
 4.2341    24
 4.2441    21
 4.2541    23
 4.2641    26
 4.2741    29
 4.2841    15
 4.2941    15
 4.3041    20
 4.3141    21
 4.3241    14
 4.3341    18
 4.3441    19
 4.3541    18
 4.3641    15
 4.3741    23
 4.3841    22
 4.3941    30
 4.4041    35
 4.4141    41
 4.4241    34
 4.4341    62
 4.4441    58
 4.4541    74
 4.4641    80
 4.4741    90
 4.4841    85
 4.4941    96
 4.5041    90
 4.5141    90
 4.5241    78
 4.5341    80
 4.5441    71
 4.5541    67
 4.5641    58
 4.5741    55
 4.5841    32
 4.5941    50
 4.6041    34
 4.6141    26
 4.6241    33
 4.6341    36
 4.6441    34
 4.6541    30
 4.6641    12
 4.6741    14
 4.6841    22
 4.6941    17
 4.7041    14
 4.7141    30
 4.7241    21
 4.7341    14
 4.7441    20
 4.7541    13
 4.7641    21
 4.7741    29
 4.7841    33
 4.7941    18
 4.8041    19
 4.8141    22
 4.8241    29
 4.8341    29
 4.8441    29
 4.8541    24
 4.8641    26
 4.8741    39
 4.8841    40
 4.8941    44
 4.9041    40
 4.9141    37
 4.9241    41
 4.9341    27
 4.9441    45
 4.9541    39
 4.9641    34
 4.9741    36
 4.9841    27
 4.9941    25
 5.0041    20
 5.0141    23
 5.0241    25
 5.0341    25
 5.0441    25
 5.0541    15
 5.0641    24
 5.0741    23
 5.0841    22
 5.0941    21
 5.1041    26
 5.1141    22
 5.1241    20
 5.1341    20
 5.1441    27
 5.1541    23
 5.1641    17
 5.1741    24
 5.1841    16
 5.1941    30
 5.2041    30
 5.2141    27
 5.2241    17
 5.2341    22
 5.2441    25
 5.2541    31
 5.2641    19
 5.2741    29
 5.2841    29
 5.2941    20
 5.3041    26
 5.3141    29
 5.3241    31
 5.3341    29
 5.3441    25
 5.3541    17
 5.3641    22
 5.3741    31
 5.3841    33
 5.3941    33
 5.4041    29
 5.4141    31
 5.4241    36
 5.4341    39
 5.4441    35
 5.4541    33
 5.4641    25
 5.4741    27
 5.4841    30
 5.4941    32
 5.5041    29
 5.5141    30
 5.5241    25
 5.5341    22
 5.5441    19
 5.5541    17
 5.5641    24
 5.5741    27
 5.5841    19
 5.5941    24
 5.6041    24
 5.6141    18
 5.6241    29
 5.6341    24
 5.6441    22
 5.6541    26
 5.6641    38
 5.6741    32
 5.6841    24
 5.6941    18
 5.7041    24
 5.7141    18
 5.7241    30
 5.7341    27
 5.7441    37
 5.7541    27
 5.7641    27
 5.7741    42
 5.7841    32
 5.7941    37
 5.8041    54
 5.8141    46
 5.8241    63
 5.8341    65
 5.8441    80
 5.8541    68
 5.8641    86
 5.8741   103
 5.8841   101
 5.8941   106
 5.9041   101
 5.9141   101
 5.9241    81
 5.9341    70
 5.9441    59
 5.9541    64
 5.9641    65
 5.9741    63
 5.9841    53
 5.9941    50
 6.0041    40
 6.0141    30
 6.0241    40
 6.0341    29
 6.0441    28
 6.0541    40
 6.0641    45
 6.0741    45
 6.0841    42
 6.0941    36
 6.1041    32
 6.1141    33
 6.1241    35
 6.1341    48
 6.1441    33
 6.1541    52
 6.1641    49
 6.1741    72
 6.1841    73
 6.1941    89
 6.2041   117
 6.2141   130
 6.2241   157
 6.2341   232
 6.2441   322
 6.2541   440
 6.2641   635
 6.2741   863
 6.2841  1117
 6.2941  1480
 6.3041  1870
 6.3141  2411
 6.3241  3074
 6.3341  3584
 6.3441  4098
 6.3541  4614
 6.3641  5219
 6.3741  5668
 6.3841  5871
 6.3941  6005
 6.4041  6089
 6.4141  5676
 6.4241  5334
 6.4341  4961
 6.4441  4413
 6.4541  3719
 6.4641  3221
 6.4741  2605
 6.4841  2049
 6.4941  1605
 6.5041  1207
 6.5141   846
 6.5241   679
 6.5341   479
 6.5441   307
 6.5541   217
 6.5641   169
 6.5741   108
 6.5841    71
 6.5941    69
 6.6041    59
 6.6141    51
 6.6241    45
 6.6341    43
 6.6441    35
 6.6541    37
 6.6641    36
 6.6741    59
 6.6841    44
 6.6941    26
 6.7041    40
 6.7141    57
 6.7241    44
 6.7341    41
 6.7441    41
 6.7541    54
 6.7641    50
 6.7741    48
 6.7841    49
 6.7941    49
 6.8041    58
 6.8141    50
 6.8241    65
 6.8341    72
 6.8441    57
 6.8541    78
 6.8641    88
 6.8741    84
 6.8841    75
 6.8941    97
 6.9041   133
 6.9141   161
 6.9241   227
 6.9341   248
 6.9441   304
 6.9541   350
 6.9641   461
 6.9741   504
 6.9841   635
 6.9941   676
 7.0041   821
 7.0141   860
 7.0241   965
 7.0341  1010
 7.0441   977
 7.0541  1024
 7.0641  1020
 7.0741   967
 7.0841   884
 7.0941   835
 7.1041   718
 7.1141   614
 7.1241   562
 7.1341   440
 7.1441   399
 7.1541   305
 7.1641   253
 7.1741   203
 7.1841   157
 7.1941   130
 7.2041    80
 7.2141    91
 7.2241    80
 7.2341    59
 7.2441    61
 7.2541    61
 7.2641    60
 7.2741    41
 7.2841    47
 7.2941    60
 7.3041    59
 7.3141    58
 7.3241    63
 7.3341    70
 7.3441    72
 7.3541    62
 7.3641    66
 7.3741    62
 7.3841    62
 7.3941    80
 7.4041    74
 7.4141    80
 7.4241    71
 7.4341    83
 7.4441    76
 7.4541    63
 7.4641    69
 7.4741    70
 7.4841    65
 7.4941    74
 7.5041    77
 7.5141    65
 7.5241    55
 7.5341    49
 7.5441    62
 7.5541    61
 7.5641    52
 7.5741    61
 7.5841    45
 7.5941    64
 7.6041    46
 7.6141    48
 7.6241    50
 7.6341    52
 7.6441    41
 7.6541    50
 7.6641    61
 7.6741    65
 7.6841    50
 7.6941    67
 7.7041    56
 7.7141    53
 7.7241    49
 7.7341    60
 7.7441    54
 7.7541    51
 7.7641    51
 7.7741    66
 7.7841    49
 7.7941    59
 7.8041    59
 7.8141    72
 7.8241    70
 7.8341    77
 7.8441    70
 7.8541    75
 7.8641    94
 7.8741    88
 7.8841    81
 7.8941    88
 7.9041    91
 7.9141    93
 7.9241    95
 7.9341    93
 7.9441   100
 7.9541   110
 7.9641   122
 7.9741   140
 7.9841   135
 7.9941   171
 8.0041   169
 8.0141   166
 8.0241   186
 8.0341   177
 8.0441   217
 8.0541   205
 8.0641   236
 8.0741   246
 8.0841   248
 8.0941   276
 8.1041   302
 8.1141   323
 8.1241   324
 8.1341   328
 8.1441   319
 8.1541   345
 8.1641   343
 8.1741   376
 8.1841   395
 8.1941   345
 8.2041   380
 8.2141   372
 8.2241   378
 8.2341   388
 8.2441   395
 8.2541   403
 8.2641   368
 8.2741   471
 8.2841   448
 8.2941   500
 8.3041   578
 8.3141   623
 8.3241   620
 8.3341   700
 8.3441   725
 8.3541   787
 8.3641   746
 8.3741   785
 8.3841   809
 8.3941   817
 8.4041   730
 8.4141   728
 8.4241   671
 8.4341   648
 8.4441   567
 8.4541   511
 8.4641   450
 8.4741   394
 8.4841   333
 8.4941   283
 8.5041   259
 8.5141   222
 8.5241   208
 8.5341   149
 8.5441   130
 8.5541   124
 8.5641   136
 8.5741   116
 8.5841   111
 8.5941    94
 8.6041   105
 8.6141    98
 8.6241   120
 8.6341    99
 8.6441   100
 8.6541    96
 8.6641    77
 8.6741    92
 8.6841   104
 8.6941   112
 8.7041    95
 8.7141    89
 8.7241   105
 8.7341    85
 8.7441    88
 8.7541    89
 8.7641    88
 8.7741    87
 8.7841    83
 8.7941    77
 8.8041    62
 8.8141    86
 8.8241    65
 8.8341    84
 8.8441    84
 8.8541    82
 8.8641    80
 8.8741    96
 8.8841    93
 8.8941    76
 8.9041    84
 8.9141    70
 8.9241    71
 8.9341    81
 8.9441    93
 8.9541    77
 8.9641    81
 8.9741    95
 8.9841   100
 8.9941   107
 9.0041   103
 9.0141    99
 9.0241    86
 9.0341   105
 9.0441    93
 9.0541   112
 9.0641   126
 9.0741   102
 9.0841   113
 9.0941   137
 9.1041   121
 9.1141   124
 9.1241   145
 9.1341   145
 9.1441   127
 9.1541   156
 9.1641   177
 9.1741   169
 9.1841   183
 9.1941   175
 9.2041   186
 9.2141   198
 9.2241   213
 9.2341   208
 9.2441   221
 9.2541   249
 9.2641   272
 9.2741   280
 9.2841   243
 9.2941   269
 9.3041   323
 9.3141   305
 9.3241   277
 9.3341   306
 9.3441   336
 9.3541   356
 9.3641   360
 9.3741   347
 9.3841   359
 9.3941   360
 9.4041   363
 9.4141   384
 9.4241   389
 9.4341   369
 9.4441   384
 9.4541   396
 9.4641   363
 9.4741   374
 9.4841   438
 9.4941   424
 9.5041   389
 9.5141   447
 9.5241   463
 9.5341   466
 9.5441   499
 9.5541   481
 9.5641   509
 9.5741   515
 9.5841   602
 9.5941   623
 9.6041   675
 9.6141   672
 9.6241   724
 9.6341   806
 9.6441   817
 9.6541   817
 9.6641   814
 9.6741   767
 9.6841   790
 9.6941   783
 9.7041   726
 9.7141   665
 9.7241   635
 9.7341   596
 9.7441   566
 9.7541   514
 9.7641   516
 9.7741   451
 9.7841   394
 9.7941   347
 9.8041   361
 9.8141   360
 9.8241   334
 9.8341   312
 9.8441   308
 9.8541   314
 9.8641   329
 9.8741   313
 9.8841   327
 9.8941   343
 9.9041   328
 9.9141   344
 9.9241   363
 9.9341   366
 9.9441   348
 9.9541   336
 9.9641   351
 9.9741   354
 9.9841   325
 9.9941   306
10.0041   286
10.0141   273
10.0241   257
10.0341   224
10.0441   196
10.0541   185
10.0641   162
10.0741   147
10.0841   123
10.0941   110
10.1041    93
10.1141    98
10.1241    87
10.1341    91
10.1441    92
10.1541    83
10.1641    74
10.1741    65
10.1841    71
10.1941    65
10.2041    53
10.2141    54
10.2241    50
10.2341    47
10.2441    54
10.2541    57
10.2641    46
10.2741    54
10.2841    48
10.2941    45
10.3041    43
10.3141    40
10.3241    37
10.3341    42
10.3441    43
10.3541    35
10.3641    31
10.3741    30
10.3841    40
10.3941    51
10.4041    55
10.4141    45
10.4241    42
10.4341    41
10.4441    36
10.4541    40
10.4641    43
10.4741    39
10.4841    54
10.4941    49
10.5041    43
10.5141    43
10.5241    53
10.5341    43
10.5441    45
10.5541    57
10.5641    53
10.5741    55
10.5841    47
10.5941    39
10.6041    51
10.6141    51
10.6241    56
10.6341    53
10.6441    59
10.6541    64
10.6641    57
10.6741    55
10.6841    61
10.6941    57
10.7041    57
10.7141    51
10.7241    50
10.7341    63
10.7441    58
10.7541    56
10.7641    63
10.7741    69
10.7841    63
10.7941    63
10.8041    65
10.8141    76
10.8241    73
10.8341    67
10.8441    72
10.8541    76
10.8641    84
10.8741    75
10.8841    64
10.8941    64
10.9041    95
10.9141    85
10.9241    82
10.9341    81
10.9441    76
10.9541    84
10.9641    77
10.9741    87
10.9841    79
10.9941    72
11.0041    62
11.0141    63
11.0241    74
11.0341    65
11.0441    74
11.0541    68
11.0641    76
11.0741    74
11.0841    81
11.0941    84
11.1041    69
11.1141    62
11.1241    69
11.1341    80
11.1441    73
11.1541    80
11.1641    81
11.1741    70
11.1841    77
11.1941    91
11.2041    91
11.2141    85
11.2241   103
11.2341   110
11.2441   102
11.2541   108
11.2641   104
11.2741   124
11.2841   110
11.2941   117
11.3041   108
11.3141    95
11.3241    87
11.3341    89
11.3441    92
11.3541    95
11.3641    90
11.3741    84
11.3841    74
11.3941    68
11.4041    64
11.4141    64
11.4241    64
11.4341    57
11.4441    51
11.4541    64
11.4641    61
11.4741    60
11.4841    64
11.4941    62
11.5041    57
11.5141    57
11.5241    51
11.5341    49
11.5441    44
11.5541    58
11.5641    70
11.5741    67
11.5841    51
11.5941    44
11.6041    60
11.6141    66
11.6241    52
11.6341    48
11.6441    56
11.6541    62
11.6641    67
11.6741    54
11.6841    55
11.6941    50
11.7041    44
11.7141    47
11.7241    50
11.7341    56
11.7441    55
11.7541    44
11.7641    45
11.7741    47
11.7841    44
11.7941    42
11.8041    45
11.8141    44
11.8241    42
11.8341    37
11.8441    38
11.8541    37
11.8641    42
11.8741    47
11.8841    44
11.8941    39
11.9041    36
11.9141    44
11.9241    50
11.9341    47
11.9441    51
11.9541    45
11.9641    39
11.9741    39
11.9841    38
11.9941    50
12.0041    43
12.0141    41
12.0241    47
12.0341    41
12.0441    48
12.0541    46
12.0641    41
12.0741    37
12.0841    31
12.0941    42
12.1041    48
12.1141    50
12.1241    46
12.1341    47
12.1441    33
12.1541    38
12.1641    38
12.1741    40
12.1841    48
12.1941    39
12.2041    33
12.2141    39
12.2241    39
12.2341    32
12.2441    34
12.2541    40
12.2641    40
12.2741    38
12.2841    32
12.2941    33
12.3041    39
12.3141    32
12.3241    42
12.3341    45
12.3441    38
12.3541    38
12.3641    39
12.3741    38
12.3841    41
12.3941    34
12.4041    36
12.4141    41
12.4241    44
12.4341    48
12.4441    44
12.4541    42
12.4641    45
12.4741    43
12.4841    38
12.4941    36
12.5041    38
12.5141    41
12.5241    49
12.5341    43
12.5441    38
12.5541    40
12.5641    36
12.5741    39
12.5841    45
12.5941    41
12.6041    37
12.6141    48
12.6241    53
12.6341    44
12.6441    47
12.6541    48
12.6641    51
12.6741    43
12.6841    37
12.6941    44
12.7041    47
12.7141    46
12.7241    50
12.7341    49
12.7441    50
12.7541    45
12.7641    41
12.7741    42
12.7841    44
12.7941    42
12.8041    49
12.8141    50
12.8241    50
12.8341    49
12.8441    50
12.8541    48
12.8641    43
12.8741    39
12.8841    42
12.8941    45
12.9041    44
12.9141    45
12.9241    44
12.9341    42
12.9441    38
12.9541    47
12.9641    42
12.9741    39
12.9841    46
12.9941    44
13.0041    37
13.0141    43
13.0241    48
13.0341    44
13.0441    43
13.0541    46
13.0641    46
13.0741    44
13.0841    51
13.0941    50
13.1041    42
13.1141    43
13.1241    50
13.1341    49
13.1441    45
13.1541    49
13.1641    49
13.1741    55
13.1841    54
13.1941    40
13.2041    41
13.2141    51
13.2241    51
13.2341    50
13.2441    55
13.2541    53
13.2641    54
13.2741    54
13.2841    50
13.2941    64
13.3041    67
13.3141    58
13.3241    56
13.3341    59
13.3441    63
13.3541    64
13.3641    64
13.3741    68
13.3841    76
13.3941    68
13.4041    63
13.4141    67
13.4241    58
13.4341    51
13.4441    65
13.4541    62
13.4641    62
13.4741    67
13.4841    62
13.4941    62
13.5041    63
13.5141    60
13.5241    54
13.5341    57
13.5441    51
13.5541    46
13.5641    55
13.5741    56
13.5841    51
13.5941    55
13.6041    56
13.6141    51
13.6241    49
13.6341    53
13.6441    60
13.6541    53
13.6641    53
13.6741    56
13.6841    44
13.6941    56
13.7041    67
13.7141    46
13.7241    46
13.7341    55
13.7441    47
13.7541    43
13.7641    49
13.7741    55
13.7841    54
13.7941    54
13.8041    60
13.8141    64
13.8241    55
13.8341    56
13.8441    58
13.8541    54
13.8641    61
13.8741    60
13.8841    56
13.8941    61
13.9041    62
13.9141    62
13.9241    68
13.9341    75
13.9441    78
13.9541    84
13.9641    96
13.9741    99
13.9841    94
13.9941    95
14.0041    99
14.0141   109
14.0241   116
14.0341   121
14.0441   134
14.0541   155
14.0641   167
14.0741   162
14.0841   164
14.0941   182
14.1041   186
14.1141   179
14.1241   187
14.1341   192
14.1441   188
14.1541   189
14.1641   185
14.1741   183
14.1841   180
14.1941   178
14.2041   161
14.2141   141
14.2241   135
14.2341   134
14.2441   142
14.2541   128
14.2641   107
14.2741    92
14.2841    97
14.2941   102
14.3041    83
14.3141    71
14.3241    72
14.3341    78
14.3441    85
14.3541    71
14.3641    57
14.3741    66
14.3841    72
14.3941    64
14.4041    57
14.4141    57
14.4241    60
14.4341    58
14.4441    63
14.4541    71
14.4641    66
14.4741    56
14.4841    62
14.4941    67
14.5041    65
14.5141    59
14.5241    61
14.5341    64
14.5441    62
14.5541    62
14.5641    63
14.5741    65
14.5841    70
14.5941    74
14.6041    63
14.6141    61
14.6241    63
14.6341    63
14.6441    70
14.6541    67
14.6641    64
14.6741    72
14.6841    70
14.6941    72
14.7041    62
14.7141    63
14.7241    60
14.7341    58
14.7441    61
14.7541    66
14.7641    79
14.7741    66
14.7841    63
14.7941    74
14.8041    78
14.8141    70
14.8241    76
14.8341    75
14.8441    75
14.8541    75
14.8641    70
14.8741    67
14.8841    75
14.8941    76
14.9041    78
14.9141    80
14.9241    79
14.9341    71
14.9441    68
14.9541    69
14.9641    73
14.9741    69
14.9841    71
14.9941    77
15.0041    76
15.0141    72
15.0241    78
15.0341    77
15.0441    82
15.0541    79
15.0641    74
15.0741    78
15.0841    78
15.0941    73
15.1041    74
15.1141    71
15.1241    66
15.1341    69
15.1441    68
15.1541    65
15.1641    68
15.1741    72
15.1841    78
15.1941    77
15.2041    72
15.2141    79
15.2241    71
15.2341    66
15.2441    69
15.2541    74
15.2641    65
15.2741    66
15.2841    75
15.2941    73
15.3041    71
15.3141    80
15.3241    82
15.3341    69
15.3441    62
15.3541    67
15.3641    75
15.3741    77
15.3841    69
15.3941    74
15.4041    67
15.4141    70
15.4241    80
15.4341    82
15.4441    79
15.4541    73
15.4641    77
15.4741    83
15.4841    77
15.4941    69
15.5041    75
15.5141    76
15.5241    69
15.5341    78
15.5441    82
15.5541    75
15.5641    75
15.5741    75
15.5841    82
15.5941    90
15.6041    96
15.6141   101
15.6241   102
15.6341   112
15.6441   118
15.6541   112
15.6641   108
15.6741   112
15.6841   134
15.6941   128
15.7041   129
15.7141   139
15.7241   132
15.7341   141
15.7441   156
15.7541   135
15.7641   138
15.7741   150
15.7841   147
15.7941   131
15.8041   147
15.8141   159
15.8241   143
15.8341   139
15.8441   132
15.8541   127
15.8641   116
15.8741   110
15.8841   116
15.8941   120
15.9041   106
15.9141    97
15.9241    99
15.9341   103
15.9441    99
15.9541    95
15.9641    83
15.9741    75
15.9841    87
15.9941    88
16.0041    80
16.0141    76
16.0241    75
16.0341    87
16.0441   101
16.0541    94
16.0641    85
16.0741    97
16.0841    87
16.0941    85
16.1041    87
16.1141    86
16.1241    82
16.1341    92
16.1441    90
16.1541    78
16.1641    79
16.1741    88
16.1841    81
16.1941    84
16.2041    77
16.2141    87
16.2241    84
16.2341    77
16.2441    74
16.2541    77
16.2641    78
16.2741    78
16.2841    75
16.2941    75
16.3041    84
16.3141    85
16.3241    90
16.3341    85
16.3441    82
16.3541    91
16.3641    88
16.3741    74
16.3841    84
16.3941    94
16.4041    82
16.4141    81
16.4241    75
16.4341    81
16.4441    95
16.4541    86
16.4641    87
16.4741    87
16.4841    70
16.4941    85
16.5041    88
16.5141    90
16.5241    88
16.5341    80
16.5441    82
16.5541    89
16.5641    88
16.5741    79
16.5841    81
16.5941    82
16.6041    78
16.6141    77
16.6241    86
16.6341    93
16.6441    84
16.6541    96
16.6641   101
16.6741    90
16.6841    84
16.6941    91
16.7041    90
16.7141    87
16.7241    88
16.7341    83
16.7441    99
16.7541   102
16.7641    79
16.7741    79
16.7841    86
16.7941    84
16.8041    90
16.8141    97
16.8241    86
16.8341    83
16.8441    85
16.8541    82
16.8641    85
16.8741    97
16.8841    92
16.8941    84
16.9041    87
16.9141    94
16.9241    89
16.9341    90
16.9441    95
16.9541    90
16.9641    92
16.9741    83
16.9841    89
16.9941    91
17.0041    98
17.0141    97
17.0241    88
17.0341    90
17.0441    86
17.0541    83
17.0641   103
17.0741    96
17.0841    94
17.0941    95
17.1041    89
17.1141   104
17.1241    99
17.1341    93
17.1441    86
17.1541   100
17.1641   104
17.1741    93
17.1841    92
17.1941   100
17.2041    99
17.2141    96
17.2241   104
17.2341   105
17.2441    92
17.2541    89
17.2641   107
17.2741   107
17.2841    99
17.2941    88
17.3041    89
17.3141    94
17.3241   100
17.3341   101
17.3441    98
17.3541    81
17.3641    81
17.3741    84
17.3841   105
17.3941   111
17.4041    99
17.4141   104
17.4241    99
17.4341    91
17.4441    92
17.4541    88
17.4641   107
17.4741   113
17.4841    93
17.4941   108
17.5041   106
17.5141   100
17.5241   100
17.5341   108
17.5441   100
17.5541    96
17.5641   101
17.5741   111
17.5841   102
17.5941   105
17.6041   112
17.6141   105
17.6241   102
17.6341   115
17.6441   109
17.6541   107
17.6641   103
17.6741   119
17.6841   121
17.6941   114
17.7041   100
17.7141   114
17.7241   100
17.7341   107
17.7441   112
17.7541   107
17.7641   106
17.7741   103
17.7841   105
17.7941   105
17.8041   110
17.8141   102
17.8241   114
17.8341   113
17.8441   113
17.8541   102
17.8641   109
17.8741   118
17.8841   114
17.8941   102
17.9041    98
17.9141   106
17.9241    82
17.9341   100
17.9441   112
17.9541   107
17.9641   121
17.9741   106
17.9841   110
17.9941   108
18.0041   100
18.0141    95
18.0241    90
18.0341   112
18.0441   110
18.0541   107
18.0641   102
18.0741   112
18.0841   106
18.0941   112
18.1041    94
18.1141    97
18.1241   102
18.1341   104
18.1441    92
18.1541   120
18.1641   130
18.1741   109
18.1841   106
18.1941    94
18.2041   113
18.2141   110
18.2241   114
18.2341   110
18.2441   104
18.2541   108
18.2641   110
18.2741    98
18.2841    97
18.2941    99
18.3041   109
18.3141   110
18.3241    89
18.3341    99
18.3441   118
18.3541   111
18.3641   117
18.3741    91
18.3841   108
18.3941   111
18.4041    85
18.4141   101
18.4241   106
18.4341   118
18.4441   113
18.4541   106
18.4641   127
18.4741   115
18.4841   115
18.4941   142
18.5041   111
18.5141   109
18.5241   111
18.5341    95
18.5441    98
18.5541   106
18.5641   115
18.5741   108
18.5841   119
18.5941   117
18.6041   118
18.6141   109
18.6241   118
18.6341   134
18.6441   115
18.6541   121
18.6641   122
18.6741   109
18.6841    96
18.6941    98
18.7041   110
18.7141   111
18.7241   118
18.7341   133
18.7441   111
18.7541   100
18.7641   110
18.7741    98
18.7841   112
18.7941   115
18.8041   102
18.8141   115
18.8241   109
18.8341   121
18.8441   110
18.8541   118
18.8641   103
18.8741   103
18.8841   100
18.8941   127
18.9041   118
18.9141   115
18.9241   128
18.9341   115
18.9441   119
18.9541   120
18.9641   129
18.9741   127
18.9841   115
18.9941   118
19.0041   115
19.0141   115
19.0241   108
19.0341   120
19.0441   121
19.0541   112
19.0641   110
19.0741   112
19.0841   113
19.0941   124
19.1041   119
19.1141   123
19.1241   123
19.1341   126
19.1441   122
19.1541   122
19.1641   111
19.1741   111
19.1841   129
19.1941   125
19.2041   132
19.2141   121
19.2241   138
19.2341   128
19.2441   118
19.2541   107
19.2641   128
19.2741   138
19.2841   128
19.2941   115
19.3041   126
19.3141   112
19.3241   114
19.3341    99
19.3441   115
19.3541   127
19.3641   112
19.3741   125
19.3841   119
19.3941   117
19.4041   115
19.4141   118
19.4241   118
19.4341   114
19.4441   109
19.4541   125
19.4641   110
19.4741   111
19.4841   106
19.4941   113
19.5041   118
19.5141   124
19.5241   116
19.5341   121
19.5441   113
19.5541   102
19.5641   121
19.5741   131
19.5841   105
19.5941   118
19.6041   117
19.6141   112
19.6241   109
19.6341   119
19.6441   144
19.6541   116
19.6641   104
19.6741   105
19.6841   119
19.6941   124
19.7041   115
19.7141   102
19.7241   114
19.7341   118
19.7441   115
19.7541   116
19.7641   121
19.7741   120
19.7841   120
19.7941   128
19.8041   128
19.8141   116
19.8241   120
19.8341   117
19.8441   124
19.8541   120
19.8641   112
19.8741   125
19.8841   138
19.8941   138
19.9041   121
19.9141   129
19.9241   148
19.9341   125
19.9441   112
19.9541   111
19.9641   126
19.9741   122
19.9841   130
19.9941   105
20.0041   131
20.0141   130
20.0241   129
20.0341   123
20.0441   131
20.0541   124
20.0641   137
20.0741   122
20.0841   128
20.0941   132
20.1041   134
20.1141   120
20.1241   120
20.1341   123
20.1441   133
20.1541   126
20.1641   118
20.1741   120
20.1841   134
20.1941   118
20.2041   128
20.2141   124
20.2241   120
20.2341   123
20.2441   141
20.2541   134
20.2641   120
20.2741   120
20.2841   121
20.2941   117
20.3041   111
20.3141   106
20.3241   120
20.3341   144
20.3441   121
20.3541   133
20.3641   118
20.3741   126
20.3841   146
20.3941   144
20.4041   126
20.4141   111
20.4241   119
20.4341   114
20.4441   119
20.4541   118
20.4641   124
20.4741   124
20.4841   133
20.4941   123
20.5041   153
20.5141   136
20.5241   127
20.5341   119
20.5441   118
20.5541   149
20.5641   119
20.5741   116
20.5841   131
20.5941   131
20.6041   136
20.6141   108
20.6241   120
20.6341   122
20.6441   120
20.6541   111
20.6641   118
20.6741   122
20.6841   126
20.6941   134
20.7041   136
20.7141   139
20.7241   119
20.7341   134
20.7441   115
20.7541   119
20.7641   116
20.7741   129
20.7841   140
20.7941   138
20.8041   123
20.8141   121
20.8241   122
20.8341   130
20.8441   133
20.8541   133
20.8641   160
20.8741   126
20.8841   145
20.8941   147
20.9041   141
20.9141   131
20.9241   143
20.9341   150
20.9441   160
20.9541   175
20.9641   156
20.9741   145
20.9841   176
20.9941   167
21.0041   158
21.0141   189
21.0241   191
21.0341   181
21.0441   192
21.0541   171
21.0641   163
21.0741   185
21.0841   198
21.0941   193
21.1041   194
21.1141   180
21.1241   187
21.1341   209
21.1441   211
21.1541   194
21.1641   197
21.1741   172
21.1841   188
21.1941   207
21.2041   179
21.2141   191
21.2241   188
21.2341   183
21.2441   185
21.2541   161
21.2641   157
21.2741   154
21.2841   162
21.2941   162
21.3041   144
21.3141   171
21.3241   143
21.3341   154
21.3441   150
21.3541   138
21.3641   131
21.3741   131
21.3841   141
21.3941   121
21.4041   130
21.4141   146
21.4241   143
21.4341   141
21.4441   122
21.4541   127
21.4641   124
21.4741   148
21.4841   134
21.4941   134
21.5041   143
21.5141   129
21.5241   148
21.5341   132
21.5441   126
21.5541   115
21.5641   114
21.5741   145
21.5841   157
21.5941   115
21.6041   134
21.6141   132
21.6241   119
21.6341   126
21.6441   140
21.6541   123
21.6641   122
21.6741   117
21.6841   124
21.6941   144
21.7041   130
21.7141   142
21.7241   137
21.7341   150
21.7441   140
21.7541   123
21.7641   131
21.7741   134
21.7841   145
21.7941   126
21.8041   127
21.8141   132
21.8241   120
21.8341   130
21.8441   130
21.8541   117
21.8641   137
21.8741   125
21.8841   128
21.8941   106
21.9041   134
21.9141   111
21.9241   123
21.9341   123
21.9441   135
21.9541   137
21.9641   124
21.9741   129
21.9841   115
21.9941   123
22.0041   111
22.0141   119
22.0241   121
22.0341   135
22.0441   125
22.0541   120
22.0641   154
22.0741   115
22.0841   131
22.0941   127
22.1041   112
22.1141   130
22.1241   111
22.1341   125
22.1441   129
22.1541   132
22.1641   141
22.1741   117
22.1841   140
22.1941   131
22.2041   112
22.2141   120
22.2241   138
22.2341   124
22.2441   122
22.2541   126
22.2641   117
22.2741   113
22.2841   124
22.2941   105
22.3041   134
22.3141   108
22.3241   118
22.3341   138
22.3441   129
22.3541   125
22.3641   136
22.3741   109
22.3841   113
22.3941   120
22.4041   133
22.4141   134
22.4241   103
22.4341   127
22.4441   119
22.4541   129
22.4641   120
22.4741   130
22.4841   119
22.4941   112
22.5041   126
22.5141   130
22.5241   128
22.5341   114
22.5441   132
22.5541   128
22.5641   125
22.5741   116
22.5841   111
22.5941   128
22.6041   159
22.6141   145
22.6241   124
22.6341   120
22.6441   148
22.6541   159
22.6641   144
22.6741   128
22.6841   126
22.6941   115
22.7041   114
22.7141   117
22.7241   135
22.7341   119
22.7441   131
22.7541   138
22.7641   125
22.7741   126
22.7841   135
22.7941   114
22.8041   133
22.8141   119
22.8241   131
22.8341   110
22.8441   131
22.8541   128
22.8641   129
22.8741    95
22.8841   135
22.8941   132
22.9041   121
22.9141   124
22.9241   111
22.9341   122
22.9441   112
22.9541   118
22.9641   137
22.9741   120
22.9841   111
22.9941   136
23.0041   146
23.0141   116
23.0241   121
23.0341   112
23.0441   127
23.0541   118
23.0641   133
23.0741   121
23.0841   119
23.0941   111
23.1041   136
23.1141   102
23.1241   121
23.1341   126
23.1441   114
23.1541   137
23.1641   125
23.1741   118
23.1841   133
23.1941   114
23.2041   107
23.2141   124
23.2241   136
23.2341   105
23.2441   106
23.2541   111
23.2641   117
23.2741   131
23.2841   114
23.2941   109
23.3041   122
23.3141   132
23.3241   124
23.3341   125
23.3441   113
23.3541   125
23.3641   122
23.3741   112
23.3841   148
23.3941   108
23.4041   129
23.4141   125
23.4241   141
23.4341   134
23.4441   132
23.4541   125
23.4641   116
23.4741   130
23.4841   124
23.4941   123
23.5041   110
23.5141   132
23.5241   118
23.5341   132
23.5441   121
23.5541   123
23.5641   124
23.5741   128
23.5841   126
23.5941   135
23.6041   115
23.6141   128
23.6241   136
23.6341   134
23.6441   121
23.6541   125
23.6641   106
23.6741   135
23.6841   104
23.6941   132
23.7041   121
23.7141   115
23.7241   159
23.7341   138
23.7441   135
23.7541   146
23.7641   150
23.7741   108
23.7841   121
23.7941   145
23.8041   138
23.8141   134
23.8241   131
23.8341   147
23.8441   127
23.8541   141
23.8641   136
23.8741   144
23.8841   129
23.8941   127
23.9041   126
23.9141   132
23.9241   127
23.9341   117
23.9441   135
23.9541   128
23.9641   131
23.9741   124
23.9841   138
23.9941   115
24.0041   110
24.0141   134
24.0241   146
24.0341   118
24.0441   107
24.0541   113
24.0641   124
24.0741   131
24.0841   140
24.0941   102
24.1041   119
24.1141   125
24.1241   124
24.1341   126
24.1441   124
24.1541   125
24.1641   111
24.1741   112
24.1841   131
24.1941   121
24.2041   108
24.2141   132
24.2241   132
24.2341   116
24.2441   106
24.2541   137
24.2641   116
24.2741   110
24.2841   124
24.2941   103
24.3041    99
24.3141   122
24.3241   133
24.3341   121
24.3441   120
24.3541   120
24.3641   107
24.3741   114
24.3841   134
24.3941   107
24.4041    98
24.4141   119
24.4241   104
24.4341   129
24.4441   122
24.4541   114
24.4641   126
24.4741   137
24.4841   116
24.4941   103
24.5041   113
24.5141   108
24.5241   113
24.5341   119
24.5441   138
24.5541   117
24.5641   117
24.5741   111
24.5841   103
24.5941   117
24.6041   129
24.6141   118
24.6241   110
24.6341   107
24.6441   129
24.6541   127
24.6641   116
24.6741   115
24.6841   118
24.6941   111
24.7041   128
24.7141   108
24.7241   115
24.7341   121
24.7441   113
24.7541   117
24.7641   112
24.7741   136
24.7841   121
24.7941   125
24.8041   101
24.8141   123
24.8241   117
24.8341   131
24.8441   121
24.8541   130
24.8641   110
24.8741   137
24.8841   128
24.8941   111
24.9041   143
24.9141   118
24.9241   114
24.9341   110
24.9441   115
24.9541    96
24.9641    99
24.9741   114
24.9841   124
24.9941   130
25.0041   110
25.0141   101
25.0241   105
25.0341   115
25.0441   114
25.0541   111
25.0641   124
25.0741   127
25.0841   116
25.0941   113
25.1041   117
25.1141   105
25.1241   101
25.1341   112
25.1441   105
25.1541   109
25.1641   105
25.1741   122
25.1841   128
25.1941   118
25.2041   112
25.2141   108
25.2241   113
25.2341   109
25.2441   105
25.2541   118
25.2641   111
25.2741   125
25.2841   140
25.2941   136
25.3041   130
25.3141   124
25.3241   123
25.3341   122
25.3441   123
25.3541   127
25.3641   117
25.3741   103
25.3841   128
25.3941   106
25.4041   107
25.4141   108
25.4241   117
25.4341    91
25.4441   122
25.4541   108
25.4641   122
25.4741   122
25.4841   121
25.4941   126
25.5041   125
25.5141   117
25.5241    93
25.5341   108
25.5441   112
25.5541   116
25.5641   127
25.5741   116
25.5841   126
25.5941   122
25.6041   114
25.6141   106
25.6241   100
25.6341    94
25.6441   116
25.6541    96
25.6641   118
25.6741   113
25.6841    88
25.6941   100
25.7041   113
25.7141   106
25.7241   111
25.7341   102
25.7441   113
25.7541   114
25.7641   110
25.7741    98
25.7841   111
25.7941   117
25.8041   109
25.8141   116
25.8241   103
25.8341    95
25.8441   105
25.8541    98
25.8641   114
25.8741   130
25.8841   102
25.8941   113
25.9041   119
25.9141   105
25.9241   101
25.9341   109
25.9441   113
25.9541   118
25.9641   106
25.9741    95
25.9841   113
25.9941   113
26.0041   109
26.0141   109
26.0241   111
26.0341   109
26.0441   114
26.0541    92
26.0641    93
26.0741   105
26.0841    92
26.0941   107
26.1041   116
26.1141   104
26.1241    99
26.1341    87
26.1441    87
26.1541   113
26.1641    98
26.1741   111
26.1841   121
26.1941   127
26.2041   111
26.2141   105
26.2241    91
26.2341   107
26.2441   104
26.2541    98
26.2641   113
26.2741    92
26.2841   107
26.2941   108
26.3041   108
26.3141   104
26.3241   105
26.3341    91
26.3441    95
26.3541   108
26.3641    93
26.3741    93
26.3841    98
26.3941   109
26.4041    89
26.4141   113
26.4241    97
26.4341   109
26.4441   117
26.4541    97
26.4641    87
26.4741   110
26.4841    91
26.4941   107
26.5041   100
26.5141    77
26.5241    93
26.5341   114
26.5441    92
26.5541   105
26.5641   111
26.5741   107
26.5841   106
26.5941   118
26.6041    98
26.6141   109
26.6241    91
26.6341   104
26.6441   100
26.6541    94
26.6641    97
26.6741   105
26.6841   115
26.6941   109
26.7041   117
26.7141   112
26.7241   106
26.7341   116
26.7441   101
26.7541    90
26.7641   102
26.7741   102
26.7841    98
26.7941    82
26.8041   100
26.8141    95
26.8241   101
26.8341   103
26.8441   103
26.8541   104
26.8641    99
26.8741    94
26.8841   111
26.8941   103
26.9041    92
26.9141    90
26.9241    88
26.9341   106
26.9441    89
26.9541    83
26.9641   116
26.9741   104
26.9841   101
26.9941    90
27.0041   108
27.0141    94
27.0241    99
27.0341    96
27.0441    92
27.0541    81
27.0641    95
27.0741    93
27.0841   102
27.0941   103
27.1041    87
27.1141    83
27.1241    97
27.1341    90
27.1441    96
27.1541   103
27.1641   111
27.1741   102
27.1841    90
27.1941   102
27.2041    84
27.2141    93
27.2241   103
27.2341    98
27.2441   105
27.2541    82
27.2641    88
27.2741    90
27.2841   105
27.2941    98
27.3041    73
27.3141    88
27.3241    91
27.3341    94
27.3441    91
27.3541    90
27.3641   113
27.3741   107
27.3841   100
27.3941   101
27.4041    95
27.4141    84
27.4241    79
27.4341    87
27.4441   102
27.4541    72
27.4641    89
27.4741    89
27.4841    89
27.4941    94
27.5041    92
27.5141   104
27.5241   101
27.5341    91
27.5441    97
27.5541    83
27.5641    89
27.5741    90
27.5841    88
27.5941    76
27.6041    95
27.6141    88
27.6241    82
27.6341    78
27.6441    82
27.6541   100
27.6641    87
27.6741    84
27.6841    90
27.6941    94
27.7041    84
27.7141    94
27.7241    94
27.7341    69
27.7441   104
27.7541    94
27.7641    93
27.7741    91
27.7841    85
27.7941    87
27.8041    73
27.8141   101
27.8241    81
27.8341    90
27.8441    74
27.8541    91
27.8641    94
27.8741    74
27.8841    88
27.8941    83
27.9041    84
27.9141    74
27.9241    77
27.9341   103
27.9441    82
27.9541    86
27.9641    82
27.9741    70
27.9841    81
27.9941   103
28.0041   100
28.0141    89
28.0241    91
28.0341    79
28.0441    81
28.0541    83
28.0641    97
28.0741    86
28.0841    81
28.0941    84
28.1041    91
28.1141    89
28.1241    80
28.1341    96
28.1441    83
28.1541    89
28.1641    83
28.1741    78
28.1841    78
28.1941    98
28.2041    87
28.2141    79
28.2241    78
28.2341    62
28.2441    95
28.2541    78
28.2641    86
28.2741    84
28.2841    94
28.2941    86
28.3041    87
28.3141   106
28.3241    83
28.3341    92
28.3441    85
28.3541    93
28.3641    73
28.3741    88
28.3841    77
28.3941    89
28.4041    75
28.4141    84
28.4241    85
28.4341    75
28.4441    85
28.4541    89
28.4641    88
28.4741   115
28.4841    80
28.4941    81
28.5041    95
28.5141    79
28.5241    76
28.5341    79
28.5441    77
28.5541    82
28.5641    79
28.5741    83
28.5841    85
28.5941    91
28.6041    82
28.6141    73
28.6241    60
28.6341    85
28.6441    76
28.6541    76
28.6641    74
28.6741    82
28.6841    77
28.6941    80
28.7041    78
28.7141    67
28.7241    86
28.7341    72
28.7441    69
28.7541    53
28.7641    80
28.7741    92
28.7841    86
28.7941    84
28.8041    69
28.8141    78
28.8241    75
28.8341    81
28.8441    84
28.8541    73
28.8641    87
28.8741    83
28.8841    90
28.8941    65
28.9041    79
28.9141    88
28.9241    69
28.9341    77
28.9441    79
28.9541    86
28.9641    71
28.9741    60
28.9841    63
28.9941    69
29.0041    75
29.0141    81
29.0241    83
29.0341    77
29.0441    70
29.0541    75
29.0641    79
29.0741    74
29.0841    75
29.0941    78
29.1041    84
29.1141    73
29.1241    97
29.1341    77
29.1441    77
29.1541    83
29.1641    72
29.1741    77
29.1841    76
29.1941    78
29.2041    72
29.2141    83
29.2241    79
29.2341    74
29.2441    80
29.2541    84
29.2641    75
29.2741    70
29.2841    77
29.2941    65
29.3041    61
29.3141    75
29.3241    76
29.3341    71
29.3441    82
29.3541    71
29.3641    78
29.3741    68
29.3841    78
29.3941    74
29.4041    80
29.4141    76
29.4241    64
29.4341    62
29.4441    70
29.4541    85
29.4641    72
29.4741    80
29.4841    83
29.4941    68
29.5041    70
29.5141    61
29.5241    58
29.5341    70
29.5441    82
29.5541    59
29.5641    61
29.5741    64
29.5841    73
29.5941    78
29.6041    71
29.6141    50
29.6241    68
29.6341    53
29.6441    62
29.6541    66
29.6641    69
29.6741    77
29.6841    67
29.6941    65
29.7041    64
29.7141    67
29.7241    91
29.7341    93
29.7441    75
29.7541    62
29.7641    71
29.7741    67
29.7841    65
29.7941    70
29.8041    61
29.8141    65
29.8241    75
29.8341    74
29.8441    81
29.8541    65
29.8641    61
29.8741    73
29.8841    76
29.8941    71
29.9041    90
29.9141    62
29.9241    62
29.9341    61
29.9441    68
29.9541    64
29.9641    70
29.9741    76
29.9841    74
29.9941    74
30.0041    76
30.0141    64
30.0241    64
30.0341    70
30.0441    62
30.0541    73
30.0641    76
30.0741    81
30.0841    76
30.0941    57
30.1041    64
30.1141    69
30.1241    61
30.1341    74
30.1441    68
30.1541    62
30.1641    60
30.1741    67
30.1841    63
30.1941    80
30.2041    73
30.2141    89
30.2241    70
30.2341    66
30.2441    62
30.2541    60
30.2641    66
30.2741    66
30.2841    59
30.2941    47
30.3041    63
30.3141    62
30.3241    74
30.3341    69
30.3441    64
30.3541    63
30.3641    58
30.3741    72
30.3841    70
30.3941    67
30.4041    67
30.4141    71
30.4241    66
30.4341    73
30.4441    60
30.4541    64
30.4641    55
30.4741    75
30.4841    69
30.4941    63
30.5041    57
30.5141    82
30.5241    64
30.5341    61
30.5441    71
30.5541    61
30.5641    64
30.5741    65
30.5841    61
30.5941    56
30.6041    66
30.6141    68
30.6241    63
30.6341    60
30.6441    69
30.6541    64
30.6641    43
30.6741    62
30.6841    49
30.6941    70
30.7041    61
30.7141    51
30.7241    55
30.7341    72
30.7441    61
30.7541    64
30.7641    70
30.7741    68
30.7841    55
30.7941    71
30.8041    64
30.8141    59
30.8241    59
30.8341    72
30.8441    66
30.8541    62
30.8641    67
30.8741    44
30.8841    71
30.8941    56
30.9041    58
30.9141    52
30.9241    57
30.9341    54
30.9441    84
30.9541    68
30.9641    60
30.9741    57
30.9841    52
30.9941    63
31.0041    57
31.0141    58
31.0241    66
31.0341    58
31.0441    62
31.0541    40
31.0641    58
31.0741    66
31.0841    61
31.0941    65
31.1041    62
31.1141    62
31.1241    55
31.1341    52
31.1441    63
31.1541    58
31.1641    55
31.1741    63
31.1841    47
31.1941    48
31.2041    68
31.2141    62
31.2241    50
31.2341    62
31.2441    59
31.2541    54
31.2641    57
31.2741    62
31.2841    54
31.2941    43
31.3041    65
31.3141    62
31.3241    68
31.3341    58
31.3441    56
31.3541    57
31.3641    58
31.3741    59
31.3841    59
31.3941    61
31.4041    47
31.4141    55
31.4241    43
31.4341    53
31.4441    54
31.4541    55
31.4641    57
31.4741    51
31.4841    62
31.4941    51
31.5041    55
31.5141    61
31.5241    56
31.5341    46
31.5441    50
31.5541    43
31.5641    44
31.5741    55
31.5841    63
31.5941    58
31.6041    45
31.6141    55
31.6241    59
31.6341    52
31.6441    52
31.6541    51
31.6641    51
31.6741    61
31.6841    63
31.6941    64
31.7041    45
31.7141    46
31.7241    61
31.7341    65
31.7441    58
31.7541    70
31.7641    52
31.7741    45
31.7841    60
31.7941    55
31.8041    40
31.8141    59
31.8241    55
31.8341    48
31.8441    55
31.8541    46
31.8641    55
31.8741    61
31.8841    54
31.8941    54
31.9041    55
31.9141    49
31.9241    52
31.9341    55
31.9441    61
31.9541    56
31.9641    59
31.9741    58
31.9841    55
31.9941    66
32.0041    61
32.0141    50
32.0241    52
32.0341    60
32.0441    36
32.0541    54
32.0641    49
32.0741    52
32.0841    58
32.0941    53
32.1041    59
32.1141    53
32.1241    58
32.1341    58
32.1441    55
32.1541    66
32.1641    38
32.1741    54
32.1841    62
32.1941    56
32.2041    37
32.2141    43
32.2241    55
32.2341    50
32.2441    45
32.2541    51
32.2641    47
32.2741    50
32.2841    47
32.2941    43
32.3041    56
32.3141    51
32.3241    48
32.3341    52
32.3441    46
32.3541    51
32.3641    55
32.3741    55
32.3841    49
32.3941    56
32.4041    51
32.4141    59
32.4241    46
32.4341    46
32.4441    46
32.4541    49
32.4641    43
32.4741    50
32.4841    45
32.4941    40
32.5041    41
32.5141    41
32.5241    48
32.5341    43
32.5441    44
32.5541    46
32.5641    46
32.5741    52
32.5841    59
32.5941    39
32.6041    51
32.6141    42
32.6241    48
32.6341    38
32.6441    44
32.6541    54
32.6641    40
32.6741    46
32.6841    48
32.6941    42
32.7041    39
32.7141    40
32.7241    37
32.7341    55
32.7441    52
32.7541    46
32.7641    47
32.7741    35
32.7841    42
32.7941    39
32.8041    48
32.8141    41
32.8241    38
32.8341    39
32.8441    52
32.8541    39
32.8641    33
32.8741    39
32.8841    38
32.8941    35
32.9041    48
32.9141    53
32.9241    38
32.9341    42
32.9441    40
32.9541    38
32.9641    35
32.9741    45
32.9841    52
32.9941    37
33.0041    41
33.0141    50
33.0241    37
33.0341    45
33.0441    48
33.0541    41
33.0641    39
33.0741    32
33.0841    33
33.0941    39
33.1041    46
33.1141    42
33.1241    48
33.1341    46
33.1441    37
33.1541    33
33.1641    26
33.1741    40
33.1841    46
33.1941    38
33.2041    50
33.2141    44
33.2241    37
33.2341    44
33.2441    46
33.2541    44
33.2641    42
33.2741    38
33.2841    42
33.2941    38
33.3041    47
33.3141    27
33.3241    29
33.3341    31
33.3441    45
33.3541    34
33.3641    38
33.3741    34
33.3841    47
33.3941    33
33.4041    33
33.4141    37
33.4241    25
33.4341    38
33.4441    31
33.4541    37
33.4641    42
33.4741    35
33.4841    35
33.4941    34
33.5041    40
33.5141    34
33.5241    45
33.5341    36
33.5441    36
33.5541    37
33.5641    41
33.5741    34
33.5841    34
33.5941    30
33.6041    39
33.6141    27
33.6241    40
33.6341    33
33.6441    38
33.6541    40
33.6641    36
33.6741    32
33.6841    33
33.6941    34
33.7041    39
33.7141    35
33.7241    45
33.7341    37
33.7441    33
33.7541    36
33.7641    31
33.7741    29
33.7841    32
33.7941    28
33.8041    29
33.8141    36
33.8241    40
33.8341    41
33.8441    42
33.8541    29
33.8641    37
33.8741    44
33.8841    31
33.8941    25
33.9041    31
33.9141    37
33.9241    35
33.9341    32
33.9441    43
33.9541    44
33.9641    36
33.9741    36
33.9841    31
33.9941    36
34.0041    38
34.0141    35
34.0241    28
34.0341    28
34.0441    34
34.0541    26
34.0641    35
34.0741    36
34.0841    27
34.0941    36
34.1041    42
34.1141    49
34.1241    39
34.1341    31
34.1441    34
34.1541    39
34.1641    34
34.1741    41
34.1841    39
34.1941    34
34.2041    26
34.2141    29
34.2241    33
34.2341    31
34.2441    35
34.2541    38
34.2641    31
34.2741    36
34.2841    31
34.2941    26
34.3041    30
34.3141    37
34.3241    31
34.3341    31
34.3441    29
34.3541    35
34.3641    21
34.3741    44
34.3841    28
34.3941    31
34.4041    36
34.4141    32
34.4241    38
34.4341    30
34.4441    26
34.4541    33
34.4641    43
34.4741    38
34.4841    35
34.4941    27
34.5041    33
34.5141    26
34.5241    27
34.5341    15
34.5441    29
34.5541    28
34.5641    40
34.5741    42
34.5841    26
34.5941    26
34.6041    34
34.6141    19
34.6241    30
34.6341    35
34.6441    22
34.6541    36
34.6641    27
34.6741    39
34.6841    27
34.6941    38
34.7041    29
34.7141    24
34.7241    25
34.7341    34
34.7441    36
34.7541    26
34.7641    28
34.7741    28
34.7841    36
34.7941    26
34.8041    35
34.8141    37
34.8241    29
34.8341    31
34.8441    43
34.8541    33
34.8641    28
34.8741    24
34.8841    27
34.8941    26
34.9041    33
34.9141    25
34.9241    31
34.9341    28
34.9441    27
34.9541    18
34.9641    29
34.9741    30
34.9841    22
34.9941    30
35.0041    19
35.0141    30
35.0241    21
35.0341    28
35.0441    29
35.0541    33
35.0641    24
35.0741    24
35.0841    27
35.0941    30
35.1041    27
35.1141    23
35.1241    26
35.1341    27
35.1441    16
35.1541    18
35.1641    27
35.1741    26
35.1841    32
35.1941    21
35.2041    27
35.2141    35
35.2241    31
35.2341    22
35.2441    22
35.2541    27
35.2641    29
35.2741    32
35.2841    33
35.2941    28
35.3041    33
35.3141    28
35.3241    22
35.3341    33
35.3441    26
35.3541    33
35.3641    24
35.3741    22
35.3841    30
35.3941    28
35.4041    29
35.4141    23
35.4241    28
35.4341    25
35.4441    32
35.4541    20
35.4641    29
35.4741    22
35.4841    22
35.4941    25
35.5041    19
35.5141    24
35.5241    24
35.5341    19
35.5441    18
35.5541    25
35.5641    32
35.5741    26
35.5841    30
35.5941    22
35.6041    23
35.6141    17
35.6241    20
35.6341    31
35.6441    17
35.6541    19
35.6641    26
35.6741    21
35.6841    25
35.6941    23
35.7041    22
35.7141    35
35.7241    31
35.7341    19
35.7441    29
35.7541    29
35.7641    25
35.7741    23
35.7841    23
35.7941    19
35.8041    30
35.8141    25
35.8241    26
35.8341    28
35.8441    28
35.8541    26
35.8641    28
35.8741    18
35.8841    34
35.8941    26
35.9041    24
35.9141    22
35.9241    29
35.9341    21
35.9441    29
35.9541    24
35.9641    22
35.9741    19
35.9841    12
35.9941    25
36.0041    23
36.0141    27
36.0241    21
36.0341    17
36.0441    26
36.0541    22
36.0641    22
36.0741    25
36.0841    20
36.0941    23
36.1041    21
36.1141    33
36.1241    30
36.1341    21
36.1441    32
36.1541    27
36.1641    30
36.1741    22
36.1841    23
36.1941    24
36.2041    30
36.2141    24
36.2241    21
36.2341    28
36.2441    23
36.2541    25
36.2641    20
36.2741    17
36.2841    28
36.2941    23
36.3041    19
36.3141    28
36.3241    27
36.3341    11
36.3441    20
36.3541    20
36.3641    28
36.3741    23
36.3841    26
36.3941    24
36.4041    35
36.4141    26
36.4241    27
36.4341    15
36.4441    19
36.4541    17
36.4641    20
36.4741    25
36.4841    22
36.4941    13
36.5041    18
36.5141    24
36.5241    23
36.5341    15
36.5441    18
36.5541    18
36.5641    20
36.5741    17
36.5841    19
36.5941    20
36.6041    21
36.6141    18
36.6241    19
36.6341    23
36.6441    21
36.6541    22
36.6641    16
36.6741    20
36.6841    17
36.6941    21
36.7041    16
36.7141    22
36.7241    24
36.7341    15
36.7441    17
36.7541    19
36.7641    12
36.7741    18
36.7841    14
36.7941    19
36.8041    21
36.8141    30
36.8241    17
36.8341    17
36.8441    21
36.8541    19
36.8641    19
36.8741    10
36.8841    19
36.8941    22
36.9041    19
36.9141    19
36.9241    19
36.9341    20
36.9441    18
36.9541    14
36.9641    20
36.9741    22
36.9841    18
36.9941    12
37.0041    17
37.0141    31
37.0241    23
37.0341    13
37.0441    18
37.0541    26
37.0641    22
37.0741    14
37.0841    17
37.0941    18
37.1041    16
37.1141    19
37.1241    15
37.1341    16
37.1441    18
37.1541    14
37.1641    18
37.1741    26
37.1841    22
37.1941    16
37.2041    19
37.2141    22
37.2241    10
37.2341    18
37.2441    21
37.2541    24
37.2641    19
37.2741    16
37.2841    22
37.2941    14
37.3041    17
37.3141    15
37.3241    15
37.3341    16
37.3441    16
37.3541    18
37.3641    16
37.3741    19
37.3841    23
37.3941     8
37.4041    18
37.4141    28
37.4241    17
37.4341    18
37.4441    17
37.4541     9
37.4641    21
37.4741    16
37.4841    13
37.4941    22
37.5041    19
37.5141    12
37.5241     9
37.5341    19
37.5441    16
37.5541    14
37.5641    21
37.5741    20
37.5841    10
37.5941    15
37.6041    13
37.6141    22
37.6241    10
37.6341    25
37.6441    19
37.6541    12
37.6641    15
37.6741    15
37.6841    14
37.6941    16
37.7041    18
37.7141    17
37.7241    19
37.7341    16
37.7441    14
37.7541    13
37.7641     6
37.7741    19
37.7841    17
37.7941     7
37.8041     9
37.8141    15
37.8241    11
37.8341    10
37.8441    12
37.8541    13
37.8641    11
37.8741    13
37.8841    19
37.8941    18
37.9041     8
37.9141    18
37.9241    11
37.9341    17
37.9441    13
37.9541    12
37.9641    15
37.9741    20
37.9841    17
37.9941    16
38.0041    12
38.0141    17
38.0241    19
38.0341    11
38.0441    20
38.0541    16
38.0641    15
38.0741    16
38.0841    12
38.0941    16
38.1041    14
38.1141     8
38.1241    12
38.1341    10
38.1441    11
38.1541    13
38.1641    11
38.1741    15
38.1841    19
38.1941     8
38.2041    11
38.2141    10
38.2241    17
38.2341    13
38.2441    16
38.2541    10
38.2641    13
38.2741    12
38.2841    14
38.2941    11
38.3041    19
38.3141    17
38.3241     9
38.3341    14
38.3441    10
38.3541    11
38.3641    13
38.3741    16
38.3841    14
38.3941    12
38.4041     9
38.4141    18
38.4241     8
38.4341    12
38.4441    20
38.4541    12
38.4641    10
38.4741     7
38.4841    15
38.4941    11
38.5041    14
38.5141     9
38.5241     8
38.5341    13
38.5441    14
38.5541    22
38.5641    16
38.5741    15
38.5841    18
38.5941    14
38.6041     9
38.6141    13
38.6241    15
38.6341     8
38.6441    14
38.6541    12
38.6641    15
38.6741     8
38.6841    16
38.6941    18
38.7041    11
38.7141     9
38.7241     6
38.7341    11
38.7441    12
38.7541     8
38.7641    18
38.7741     8
38.7841    17
38.7941    14
38.8041     6
38.8141    17
38.8241     7
38.8341     8
38.8441     9
38.8541    11
38.8641     9
38.8741    12
38.8841    12
38.8941    12
38.9041    12
38.9141     9
38.9241    15
38.9341    15
38.9441    12
38.9541    10
38.9641     9
38.9741     9
38.9841     9
38.9941    10
39.0041    10
39.0141    10
39.0241     8
39.0341    12
39.0441    11
39.0541     5
39.0641    11
39.0741     8
39.0841     7
39.0941    17
39.1041     9
39.1141    10
39.1241     8
39.1341    11
39.1441    10
39.1541    11
39.1641     7
39.1741    18
39.1841    10
39.1941    13
39.2041    17
39.2141     9
39.2241    19
39.2341    10
39.2441    12
39.2541    15
39.2641     7
39.2741     6
39.2841    10
39.2941     7
39.3041    12
39.3141     5
39.3241     3
39.3341    14
39.3441    14
39.3541    11
39.3641     4
39.3741    11
39.3841     9
39.3941     8
39.4041     8
39.4141    13
39.4241     8
39.4341     9
39.4441     9
39.4541     6
39.4641    15
39.4741     9
39.4841     8
39.4941    12
39.5041    10
39.5141     3
39.5241     7
39.5341    11
39.5441    12
39.5541    12
39.5641     8
39.5741    10
39.5841    13
39.5941     5
39.6041     6
39.6141    12
39.6241     8
39.6341    11
39.6441     9
39.6541     6
39.6641     6
39.6741     4
39.6841     9
39.6941     8
39.7041     7
39.7141    15
39.7241    12
39.7341    14
39.7441     6
39.7541    11
39.7641     3
39.7741     5
39.7841    11
39.7941    13
39.8041     9
39.8141     4
39.8241     5
39.8341     9
39.8441     8
39.8541    10
39.8641    12
39.8741     6
39.8841     7
39.8941    12
39.9041    10
39.9141     5
39.9241     9
39.9341    12
39.9441     7
39.9541     5
39.9641     7
39.9741     3
39.9841     2
39.9941     8
