Bruker Nano GmbH Berlin, Germany
Esprit 1.9

Date: 5/14/2021 3:48:09 PM
Real time: 11053
Life time: 10127
Pulse density: 130786


Detector type: XFlash 430
Window type: Custom type
Detector thickness: 0.45
Si dead layer:0.029

Calibration, lin.: 10
Calibration, abs.: -955.9
Mn FWHM: 137.05
Fano factor: 0.121
Channels: 4095

Energy Counts
-0.9559     0
-0.9459     0
-0.9359     0
-0.9259     0
-0.9159     0
-0.9059     0
-0.8959     0
-0.8859     0
-0.8759     0
-0.8659     0
-0.8559     0
-0.8459     0
-0.8359     0
-0.8259     0
-0.8159     0
-0.8059     0
-0.7959     0
-0.7859     0
-0.7759     0
-0.7659     0
-0.7559     0
-0.7459     0
-0.7359     0
-0.7259     0
-0.7159     0
-0.7059     0
-0.6959     0
-0.6859     0
-0.6759     0
-0.6659     0
-0.6559     0
-0.6459     0
-0.6359     0
-0.6259     0
-0.6159     0
-0.6059     0
-0.5959     0
-0.5859     0
-0.5759     0
-0.5659     0
-0.5559     0
-0.5459     0
-0.5359     0
-0.5259     0
-0.5159     0
-0.5059     0
-0.4959     0
-0.4859     0
-0.4759     0
-0.4659     0
-0.4559     0
-0.4459     0
-0.4359     0
-0.4259     0
-0.4159     0
-0.4059     0
-0.3959     0
-0.3859     0
-0.3759     0
-0.3659     0
-0.3559     0
-0.3459     0
-0.3359     0
-0.3259     0
-0.3159     0
-0.3059     0
-0.2959     0
-0.2859     0
-0.2759     0
-0.2659     0
-0.2559     0
-0.2459     0
-0.2359     0
-0.2259     0
-0.2159     0
-0.2059     0
-0.1959     0
-0.1859     0
-0.1759     0
-0.1659     0
-0.1559     0
-0.1459     0
-0.1359     0
-0.1259     0
-0.1159     4
-0.1059     4
-0.0959    22
-0.0859   115
-0.0759   392
-0.0659  1173
-0.0559  2877
-0.0459  6473
-0.0359 12291
-0.0259 19089
-0.0159 26269
-0.0059 31076
 0.0041 31140
 0.0141 26729
 0.0241 19859
 0.0341 12723
 0.0441  6888
 0.0541  3228
 0.0641  1246
 0.0741   430
 0.0841   127
 0.0941    32
 0.1041    22
 0.1141     6
 0.1241     4
 0.1341     2
 0.1441     8
 0.1541     3
 0.1641     0
 0.1741    10
 0.1841    94
 0.1941   195
 0.2041   145
 0.2141   161
 0.2241   160
 0.2341   155
 0.2441   165
 0.2541   170
 0.2641   156
 0.2741   160
 0.2841   157
 0.2941   153
 0.3041   163
 0.3141   170
 0.3241   170
 0.3341   155
 0.3441   134
 0.3541   145
 0.3641   156
 0.3741   146
 0.3841   146
 0.3941   140
 0.4041   141
 0.4141   153
 0.4241   133
 0.4341   136
 0.4441   155
 0.4541   129
 0.4641   126
 0.4741   147
 0.4841   157
 0.4941   140
 0.5041   135
 0.5141   142
 0.5241   151
 0.5341   138
 0.5441   131
 0.5541   120
 0.5641   129
 0.5741   135
 0.5841   138
 0.5941   134
 0.6041   126
 0.6141   119
 0.6241   120
 0.6341   110
 0.6441   118
 0.6541   134
 0.6641   124
 0.6741   121
 0.6841   118
 0.6941   115
 0.7041   110
 0.7141   113
 0.7241   123
 0.7341   104
 0.7441   101
 0.7541   119
 0.7641   120
 0.7741   127
 0.7841   139
 0.7941   130
 0.8041   112
 0.8141   117
 0.8241   108
 0.8341   101
 0.8441    98
 0.8541   106
 0.8641   122
 0.8741   105
 0.8841   105
 0.8941   111
 0.9041   106
 0.9141    95
 0.9241   109
 0.9341   106
 0.9441   106
 0.9541   117
 0.9641   121
 0.9741   116
 0.9841   105
 0.9941   108
 1.0041   113
 1.0141    99
 1.0241   100
 1.0341   103
 1.0441    95
 1.0541   107
 1.0641   103
 1.0741   104
 1.0841    98
 1.0941   110
 1.1041   104
 1.1141   100
 1.1241   110
 1.1341   114
 1.1441   104
 1.1541   103
 1.1641   104
 1.1741   109
 1.1841    95
 1.1941   102
 1.2041   105
 1.2141   102
 1.2241    99
 1.2341   101
 1.2441    87
 1.2541    95
 1.2641    89
 1.2741    81
 1.2841    84
 1.2941   104
 1.3041   112
 1.3141    84
 1.3241   114
 1.3341    88
 1.3441    91
 1.3541    99
 1.3641   109
 1.3741    82
 1.3841    84
 1.3941    86
 1.4041   100
 1.4141    96
 1.4241   102
 1.4341   100
 1.4441   110
 1.4541    90
 1.4641    99
 1.4741   101
 1.4841    92
 1.4941    91
 1.5041   102
 1.5141    97
 1.5241    92
 1.5341    98
 1.5441   100
 1.5541    90
 1.5641    90
 1.5741    72
 1.5841    91
 1.5941    85
 1.6041   101
 1.6141   112
 1.6241   112
 1.6341    90
 1.6441    97
 1.6541   116
 1.6641   140
 1.6741   163
 1.6841   185
 1.6941   254
 1.7041   298
 1.7141   367
 1.7241   401
 1.7341   406
 1.7441   420
 1.7541   384
 1.7641   372
 1.7741   328
 1.7841   266
 1.7941   210
 1.8041   189
 1.8141   164
 1.8241   128
 1.8341   133
 1.8441   118
 1.8541   128
 1.8641   116
 1.8741   109
 1.8841    97
 1.8941   106
 1.9041   104
 1.9141    86
 1.9241   103
 1.9341    96
 1.9441   102
 1.9541   105
 1.9641   118
 1.9741   122
 1.9841   104
 1.9941   114
 2.0041   110
 2.0141   119
 2.0241   126
 2.0341   114
 2.0441   128
 2.0541   111
 2.0641   113
 2.0741   100
 2.0841   104
 2.0941    88
 2.1041    92
 2.1141    93
 2.1241    97
 2.1341    80
 2.1441    81
 2.1541    83
 2.1641    90
 2.1741    84
 2.1841    87
 2.1941    89
 2.2041    64
 2.2141    74
 2.2241    80
 2.2341    89
 2.2441    93
 2.2541    84
 2.2641    82
 2.2741    75
 2.2841    87
 2.2941   105
 2.3041    82
 2.3141    85
 2.3241    83
 2.3341    80
 2.3441    84
 2.3541    91
 2.3641    77
 2.3741    87
 2.3841    92
 2.3941    80
 2.4041    73
 2.4141    79
 2.4241    76
 2.4341    68
 2.4441    82
 2.4541    80
 2.4641    87
 2.4741    82
 2.4841    96
 2.4941    87
 2.5041    83
 2.5141    71
 2.5241    78
 2.5341    70
 2.5441    88
 2.5541    82
 2.5641    78
 2.5741    66
 2.5841    75
 2.5941    81
 2.6041    68
 2.6141    88
 2.6241    85
 2.6341    77
 2.6441    75
 2.6541    88
 2.6641    85
 2.6741    70
 2.6841    74
 2.6941    78
 2.7041    85
 2.7141    64
 2.7241    79
 2.7341    72
 2.7441    70
 2.7541    87
 2.7641    84
 2.7741    53
 2.7841    75
 2.7941    80
 2.8041    70
 2.8141    95
 2.8241    89
 2.8341    68
 2.8441    67
 2.8541    86
 2.8641    85
 2.8741    86
 2.8841    75
 2.8941    70
 2.9041    59
 2.9141    68
 2.9241    73
 2.9341    75
 2.9441    65
 2.9541    72
 2.9641    85
 2.9741    73
 2.9841    79
 2.9941    81
 3.0041    84
 3.0141    82
 3.0241    85
 3.0341    68
 3.0441    85
 3.0541    64
 3.0641    52
 3.0741    63
 3.0841    75
 3.0941    50
 3.1041    72
 3.1141    58
 3.1241    54
 3.1341    58
 3.1441    68
 3.1541    50
 3.1641    63
 3.1741    57
 3.1841    59
 3.1941    67
 3.2041    69
 3.2141    67
 3.2241    68
 3.2341    55
 3.2441    82
 3.2541    86
 3.2641    86
 3.2741    93
 3.2841   102
 3.2941   105
 3.3041   123
 3.3141    84
 3.3241   108
 3.3341   115
 3.3441    89
 3.3541    94
 3.3641    91
 3.3741    73
 3.3841    81
 3.3941    61
 3.4041    67
 3.4141    59
 3.4241    59
 3.4341    56
 3.4441    57
 3.4541    46
 3.4641    65
 3.4741    64
 3.4841    60
 3.4941    72
 3.5041    61
 3.5141    59
 3.5241    74
 3.5341    69
 3.5441    79
 3.5541    95
 3.5641   120
 3.5741   136
 3.5841   173
 3.5941   222
 3.6041   292
 3.6141   378
 3.6241   461
 3.6341   607
 3.6441   787
 3.6541   871
 3.6641   912
 3.6741   994
 3.6841  1065
 3.6941  1021
 3.7041  1046
 3.7141   949
 3.7241   886
 3.7341   726
 3.7441   611
 3.7541   467
 3.7641   400
 3.7741   283
 3.7841   219
 3.7941   147
 3.8041   118
 3.8141   107
 3.8241    79
 3.8341    72
 3.8441    68
 3.8541    51
 3.8641    47
 3.8741    44
 3.8841    55
 3.8941    66
 3.9041    62
 3.9141    73
 3.9241    93
 3.9341   114
 3.9441   105
 3.9541   146
 3.9641   179
 3.9741   183
 3.9841   204
 3.9941   224
 4.0041   241
 4.0141   226
 4.0241   206
 4.0341   190
 4.0441   206
 4.0541   161
 4.0641   154
 4.0741   129
 4.0841   126
 4.0941   112
 4.1041    99
 4.1141    66
 4.1241    56
 4.1341    71
 4.1441    56
 4.1541    46
 4.1641    51
 4.1741    44
 4.1841    35
 4.1941    40
 4.2041    52
 4.2141    45
 4.2241    44
 4.2341    43
 4.2441    46
 4.2541    50
 4.2641    46
 4.2741    48
 4.2841    47
 4.2941    50
 4.3041    49
 4.3141    40
 4.3241    36
 4.3341    59
 4.3441    54
 4.3541    57
 4.3641    59
 4.3741    85
 4.3841    97
 4.3941   111
 4.4041   147
 4.4141   194
 4.4241   241
 4.4341   297
 4.4441   354
 4.4541   437
 4.4641   513
 4.4741   644
 4.4841   621
 4.4941   719
 4.5041   730
 4.5141   693
 4.5241   658
 4.5341   663
 4.5441   566
 4.5541   498
 4.5641   400
 4.5741   304
 4.5841   257
 4.5941   223
 4.6041   170
 4.6141   121
 4.6241    97
 4.6341   100
 4.6441    76
 4.6541    69
 4.6641    69
 4.6741    69
 4.6841    57
 4.6941    63
 4.7041    47
 4.7141    59
 4.7241    54
 4.7341    58
 4.7441    50
 4.7541    57
 4.7641    57
 4.7741    60
 4.7841    69
 4.7941    74
 4.8041    78
 4.8141    79
 4.8241    89
 4.8341    90
 4.8441   119
 4.8541   124
 4.8641   114
 4.8741   158
 4.8841   157
 4.8941   178
 4.9041   215
 4.9141   188
 4.9241   191
 4.9341   204
 4.9441   205
 4.9541   194
 4.9641   186
 4.9741   151
 4.9841   156
 4.9941   145
 5.0041   125
 5.0141   100
 5.0241    95
 5.0341    87
 5.0441    74
 5.0541    65
 5.0641    44
 5.0741    61
 5.0841    50
 5.0941    44
 5.1041    60
 5.1141    65
 5.1241    53
 5.1341    61
 5.1441    41
 5.1541    65
 5.1641    69
 5.1741    57
 5.1841    69
 5.1941    57
 5.2041    69
 5.2141    53
 5.2241    50
 5.2341    64
 5.2441    56
 5.2541    63
 5.2641    57
 5.2741    72
 5.2841    57
 5.2941    69
 5.3041    47
 5.3141    72
 5.3241    66
 5.3341    68
 5.3441    73
 5.3541    86
 5.3641    78
 5.3741   100
 5.3841    87
 5.3941    79
 5.4041    84
 5.4141    92
 5.4241    91
 5.4341    89
 5.4441    91
 5.4541    74
 5.4641    69
 5.4741    76
 5.4841    64
 5.4941    74
 5.5041    66
 5.5141    66
 5.5241    67
 5.5341    70
 5.5441    66
 5.5541    90
 5.5641    64
 5.5741    70
 5.5841    75
 5.5941    68
 5.6041    72
 5.6141    66
 5.6241    59
 5.6341    48
 5.6441    55
 5.6541    59
 5.6641    74
 5.6741    56
 5.6841    58
 5.6941    64
 5.7041    66
 5.7141    65
 5.7241    68
 5.7341    73
 5.7441    85
 5.7541    77
 5.7641   106
 5.7741   130
 5.7841   143
 5.7941   168
 5.8041   186
 5.8141   226
 5.8241   276
 5.8341   296
 5.8441   342
 5.8541   371
 5.8641   388
 5.8741   463
 5.8841   436
 5.8941   450
 5.9041   449
 5.9141   426
 5.9241   389
 5.9341   362
 5.9441   334
 5.9541   289
 5.9641   266
 5.9741   221
 5.9841   190
 5.9941   176
 6.0041   157
 6.0141   126
 6.0241   115
 6.0341   106
 6.0441    84
 6.0541    94
 6.0641   108
 6.0741   106
 6.0841   108
 6.0941   121
 6.1041   126
 6.1141   122
 6.1241   133
 6.1341   156
 6.1441   187
 6.1541   169
 6.1641   188
 6.1741   229
 6.1841   253
 6.1941   298
 6.2041   414
 6.2141   596
 6.2241   763
 6.2341  1125
 6.2441  1533
 6.2541  2242
 6.2641  3106
 6.2741  4321
 6.2841  5886
 6.2941  7805
 6.3041  9881
 6.3141 12587
 6.3241 15669
 6.3341 19023
 6.3441 22154
 6.3541 25166
 6.3641 28288
 6.3741 30653
 6.3841 32165
 6.3941 33166
 6.4041 32822
 6.4141 31827
 6.4241 30067
 6.4341 27399
 6.4441 24579
 6.4541 21535
 6.4641 17944
 6.4741 14735
 6.4841 11797
 6.4941  9294
 6.5041  7214
 6.5141  5197
 6.5241  3722
 6.5341  2597
 6.5441  1875
 6.5541  1236
 6.5641   864
 6.5741   585
 6.5841   426
 6.5941   337
 6.6041   222
 6.6141   193
 6.6241   176
 6.6341   150
 6.6441   150
 6.6541   116
 6.6641   132
 6.6741   158
 6.6841   141
 6.6941   132
 6.7041   132
 6.7141   168
 6.7241   134
 6.7341   147
 6.7441   151
 6.7541   149
 6.7641   134
 6.7741   146
 6.7841   166
 6.7941   178
 6.8041   160
 6.8141   190
 6.8241   188
 6.8341   188
 6.8441   240
 6.8541   268
 6.8641   315
 6.8741   348
 6.8841   406
 6.8941   499
 6.9041   599
 6.9141   766
 6.9241   954
 6.9341  1204
 6.9441  1488
 6.9541  1799
 6.9641  2261
 6.9741  2709
 6.9841  3194
 6.9941  3744
 7.0041  4035
 7.0141  4679
 7.0241  5099
 7.0341  5311
 7.0441  5520
 7.0541  5563
 7.0641  5522
 7.0741  5299
 7.0841  5034
 7.0941  4599
 7.1041  4130
 7.1141  3569
 7.1241  3011
 7.1341  2512
 7.1441  2111
 7.1541  1690
 7.1641  1282
 7.1741   987
 7.1841   792
 7.1941   571
 7.2041   413
 7.2141   318
 7.2241   254
 7.2341   208
 7.2441   187
 7.2541   154
 7.2641   139
 7.2741   142
 7.2841   138
 7.2941   116
 7.3041   129
 7.3141   128
 7.3241   135
 7.3341   144
 7.3441   143
 7.3541   149
 7.3641   131
 7.3741   162
 7.3841   152
 7.3941   164
 7.4041   161
 7.4141   153
 7.4241   163
 7.4341   183
 7.4441   148
 7.4541   154
 7.4641   145
 7.4741   166
 7.4841   176
 7.4941   157
 7.5041   148
 7.5141   127
 7.5241   140
 7.5341   114
 7.5441   107
 7.5541   112
 7.5641    96
 7.5741   119
 7.5841    84
 7.5941   103
 7.6041   113
 7.6141   128
 7.6241    97
 7.6341   106
 7.6441   106
 7.6541   107
 7.6641   102
 7.6741   115
 7.6841   117
 7.6941   114
 7.7041    94
 7.7141    97
 7.7241   115
 7.7341   104
 7.7441   116
 7.7541   114
 7.7641   143
 7.7741   120
 7.7841   121
 7.7941   121
 7.8041   142
 7.8141   130
 7.8241   137
 7.8341   154
 7.8441   150
 7.8541   154
 7.8641   163
 7.8741   157
 7.8841   176
 7.8941   157
 7.9041   170
 7.9141   180
 7.9241   215
 7.9341   226
 7.9441   247
 7.9541   250
 7.9641   263
 7.9741   267
 7.9841   295
 7.9941   304
 8.0041   353
 8.0141   343
 8.0241   387
 8.0341   434
 8.0441   462
 8.0541   482
 8.0641   537
 8.0741   536
 8.0841   513
 8.0941   576
 8.1041   609
 8.1141   643
 8.1241   631
 8.1341   661
 8.1441   651
 8.1541   704
 8.1641   723
 8.1741   716
 8.1841   697
 8.1941   753
 8.2041   732
 8.2141   755
 8.2241   727
 8.2341   737
 8.2441   747
 8.2541   840
 8.2641   873
 8.2741   938
 8.2841   979
 8.2941  1098
 8.3041  1112
 8.3141  1221
 8.3241  1325
 8.3341  1422
 8.3441  1541
 8.3541  1609
 8.3641  1683
 8.3741  1665
 8.3841  1665
 8.3941  1790
 8.4041  1643
 8.4141  1610
 8.4241  1530
 8.4341  1426
 8.4441  1265
 8.4541  1148
 8.4641  1041
 8.4741   904
 8.4841   762
 8.4941   671
 8.5041   573
 8.5141   471
 8.5241   434
 8.5341   378
 8.5441   302
 8.5541   278
 8.5641   276
 8.5741   271
 8.5841   249
 8.5941   233
 8.6041   234
 8.6141   201
 8.6241   239
 8.6341   240
 8.6441   234
 8.6541   248
 8.6641   250
 8.6741   228
 8.6841   242
 8.6941   225
 8.7041   219
 8.7141   216
 8.7241   193
 8.7341   167
 8.7441   182
 8.7541   164
 8.7641   157
 8.7741   165
 8.7841   170
 8.7941   190
 8.8041   173
 8.8141   182
 8.8241   169
 8.8341   169
 8.8441   152
 8.8541   171
 8.8641   171
 8.8741   142
 8.8841   157
 8.8941   151
 8.9041   153
 8.9141   172
 8.9241   176
 8.9341   180
 8.9441   193
 8.9541   165
 8.9641   179
 8.9741   173
 8.9841   176
 8.9941   182
 9.0041   182
 9.0141   176
 9.0241   180
 9.0341   205
 9.0441   200
 9.0541   216
 9.0641   248
 9.0741   237
 9.0841   264
 9.0941   252
 9.1041   245
 9.1141   259
 9.1241   251
 9.1341   263
 9.1441   275
 9.1541   311
 9.1641   308
 9.1741   323
 9.1841   355
 9.1941   368
 9.2041   372
 9.2141   380
 9.2241   413
 9.2341   434
 9.2441   439
 9.2541   497
 9.2641   517
 9.2741   532
 9.2841   543
 9.2941   559
 9.3041   545
 9.3141   550
 9.3241   615
 9.3341   650
 9.3441   591
 9.3541   656
 9.3641   639
 9.3741   698
 9.3841   674
 9.3941   723
 9.4041   710
 9.4141   740
 9.4241   728
 9.4341   749
 9.4441   715
 9.4541   703
 9.4641   713
 9.4741   763
 9.4841   762
 9.4941   783
 9.5041   792
 9.5141   876
 9.5241   854
 9.5341   923
 9.5441   929
 9.5541   967
 9.5641  1046
 9.5741  1096
 9.5841  1127
 9.5941  1188
 9.6041  1277
 9.6141  1337
 9.6241  1414
 9.6341  1439
 9.6441  1491
 9.6541  1518
 9.6641  1478
 9.6741  1542
 9.6841  1533
 9.6941  1495
 9.7041  1405
 9.7141  1349
 9.7241  1258
 9.7341  1156
 9.7441  1086
 9.7541  1015
 9.7641   916
 9.7741   826
 9.7841   817
 9.7941   714
 9.8041   687
 9.8141   644
 9.8241   631
 9.8341   592
 9.8441   534
 9.8541   581
 9.8641   614
 9.8741   569
 9.8841   586
 9.8941   600
 9.9041   670
 9.9141   640
 9.9241   620
 9.9341   675
 9.9441   644
 9.9541   640
 9.9641   629
 9.9741   632
 9.9841   605
 9.9941   560
10.0041   497
10.0141   477
10.0241   478
10.0341   403
10.0441   338
10.0541   301
10.0641   313
10.0741   284
10.0841   252
10.0941   240
10.1041   194
10.1141   187
10.1241   178
10.1341   157
10.1441   146
10.1541   134
10.1641   145
10.1741   143
10.1841   128
10.1941   108
10.2041   105
10.2141   110
10.2241   124
10.2341    98
10.2441   113
10.2541   114
10.2641    96
10.2741    90
10.2841    92
10.2941    86
10.3041    86
10.3141    87
10.3241    78
10.3341    85
10.3441    96
10.3541    76
10.3641    82
10.3741    98
10.3841    85
10.3941    87
10.4041    75
10.4141    76
10.4241    91
10.4341    89
10.4441    74
10.4541    88
10.4641    92
10.4741    91
10.4841    77
10.4941    70
10.5041    84
10.5141    91
10.5241    95
10.5341    86
10.5441    90
10.5541   101
10.5641   113
10.5741   112
10.5841    97
10.5941   101
10.6041   109
10.6141   108
10.6241   104
10.6341   104
10.6441    91
10.6541    93
10.6641    96
10.6741   106
10.6841   105
10.6941   120
10.7041   111
10.7141   111
10.7241   112
10.7341   124
10.7441   123
10.7541   118
10.7641   120
10.7741   138
10.7841   123
10.7941   124
10.8041   121
10.8141   145
10.8241   150
10.8341   135
10.8441   137
10.8541   141
10.8641   124
10.8741   137
10.8841   142
10.8941   157
10.9041   162
10.9141   144
10.9241   144
10.9341   158
10.9441   141
10.9541   147
10.9641   144
10.9741   130
10.9841   131
10.9941   132
11.0041   125
11.0141   138
11.0241   135
11.0341   151
11.0441   141
11.0541   134
11.0641   131
11.0741   122
11.0841   143
11.0941   117
11.1041   118
11.1141   125
11.1241   145
11.1341   128
11.1441   140
11.1541   152
11.1641   159
11.1741   160
11.1841   158
11.1941   175
11.2041   173
11.2141   169
11.2241   190
11.2341   212
11.2441   216
11.2541   206
11.2641   205
11.2741   224
11.2841   222
11.2941   194
11.3041   218
11.3141   227
11.3241   184
11.3341   199
11.3441   198
11.3541   173
11.3641   157
11.3741   156
11.3841   148
11.3941   125
11.4041   121
11.4141   120
11.4241   124
11.4341   127
11.4441   104
11.4541   109
11.4641   112
11.4741   117
11.4841   108
11.4941   104
11.5041   104
11.5141   105
11.5241   106
11.5341   100
11.5441   101
11.5541   110
11.5641   121
11.5741   109
11.5841   109
11.5941   121
11.6041   124
11.6141   116
11.6241   117
11.6341   126
11.6441   107
11.6541   105
11.6641   111
11.6741   101
11.6841   113
11.6941   105
11.7041   106
11.7141   109
11.7241   101
11.7341    93
11.7441    74
11.7541    84
11.7641    91
11.7741    89
11.7841    88
11.7941    84
11.8041    76
11.8141    79
11.8241    75
11.8341    67
11.8441    77
11.8541    80
11.8641    81
11.8741    77
11.8841    74
11.8941    82
11.9041    90
11.9141    81
11.9241    71
11.9341    75
11.9441    74
11.9541    73
11.9641    86
11.9741    78
11.9841    83
11.9941    79
12.0041    76
12.0141    73
12.0241    79
12.0341    89
12.0441    74
12.0541    72
12.0641    79
12.0741    79
12.0841    88
12.0941    86
12.1041    73
12.1141    71
12.1241    80
12.1341    71
12.1441    68
12.1541    87
12.1641    82
12.1741    73
12.1841    70
12.1941    77
12.2041    73
12.2141    66
12.2241    69
12.2341    65
12.2441    67
12.2541    75
12.2641    83
12.2741    89
12.2841    76
12.2941    66
12.3041    67
12.3141    67
12.3241    69
12.3341    74
12.3441    84
12.3541    86
12.3641    77
12.3741    82
12.3841    88
12.3941    85
12.4041    79
12.4141    84
12.4241    70
12.4341    71
12.4441    76
12.4541    80
12.4641    83
12.4741    82
12.4841    71
12.4941    70
12.5041    76
12.5141    74
12.5241    69
12.5341    65
12.5441    71
12.5541    81
12.5641    76
12.5741    74
12.5841    75
12.5941    75
12.6041    73
12.6141    72
12.6241    78
12.6341    82
12.6441    82
12.6541    79
12.6641    80
12.6741    79
12.6841    75
12.6941    78
12.7041    84
12.7141    83
12.7241    83
12.7341    91
12.7441    93
12.7541    84
12.7641    80
12.7741    79
12.7841    71
12.7941    73
12.8041    90
12.8141    98
12.8241    87
12.8341    78
12.8441    81
12.8541    85
12.8641    86
12.8741    88
12.8841    89
12.8941    90
12.9041    89
12.9141    85
12.9241    84
12.9341    87
12.9441    90
12.9541    87
12.9641    85
12.9741    90
12.9841    95
12.9941    93
13.0041    92
13.0141    78
13.0241    78
13.0341    83
13.0441    90
13.0541    92
13.0641    83
13.0741    83
13.0841    89
13.0941    78
13.1041    79
13.1141    82
13.1241    82
13.1341    88
13.1441    89
13.1541    95
13.1641    95
13.1741    87
13.1841    85
13.1941    89
13.2041    95
13.2141    96
13.2241    96
13.2341    95
13.2441    91
13.2541   100
13.2641   117
13.2741   119
13.2841   105
13.2941   107
13.3041   110
13.3141   111
13.3241   115
13.3341   113
13.3441   115
13.3541   116
13.3641   112
13.3741   111
13.3841   115
13.3941   117
13.4041   114
13.4141   111
13.4241   109
13.4341   109
13.4441   114
13.4541   117
13.4641   112
13.4741   104
13.4841    93
13.4941    91
13.5041   105
13.5141   117
13.5241   110
13.5341    98
13.5441    94
13.5541    99
13.5641   101
13.5741    99
13.5841    99
13.5941    98
13.6041    93
13.6141    92
13.6241    94
13.6341    93
13.6441    97
13.6541   103
13.6641    98
13.6741    97
13.6841    99
13.6941   103
13.7041   104
13.7141   113
13.7241   123
13.7341   111
13.7441    96
13.7541    91
13.7641   108
13.7741   113
13.7841    97
13.7941    98
13.8041   100
13.8141    96
13.8241    95
13.8341    96
13.8441   112
13.8541   115
13.8641   112
13.8741   123
13.8841   123
13.8941   122
13.9041   130
13.9141   139
13.9241   153
13.9341   166
13.9441   175
13.9541   186
13.9641   205
13.9741   237
13.9841   273
13.9941   295
14.0041   313
14.0141   341
14.0241   373
14.0341   406
14.0441   445
14.0541   493
14.0641   537
14.0741   571
14.0841   606
14.0941   647
14.1041   682
14.1141   700
14.1241   714
14.1341   729
14.1441   731
14.1541   718
14.1641   700
14.1741   680
14.1841   656
14.1941   631
14.2041   602
14.2141   580
14.2241   561
14.2341   521
14.2441   462
14.2541   408
14.2641   371
14.2741   340
14.2841   303
14.2941   273
14.3041   246
14.3141   232
14.3241   219
14.3341   190
14.3441   173
14.3541   155
14.3641   143
14.3741   128
14.3841   122
14.3941   128
14.4041   124
14.4141   120
14.4241   117
14.4341   116
14.4441   115
14.4541   108
14.4641   110
14.4741   111
14.4841   114
14.4941   128
14.5041   122
14.5141   117
14.5241   118
14.5341   113
14.5441   118
14.5541   119
14.5641   120
14.5741   119
14.5841   110
14.5941   109
14.6041   110
14.6141    99
14.6241   102
14.6341   114
14.6441   113
14.6541   108
14.6641   121
14.6741   141
14.6841   130
14.6941   121
14.7041   115
14.7141   106
14.7241   117
14.7341   120
14.7441   123
14.7541   124
14.7641   124
14.7741   126
14.7841   128
14.7941   107
14.8041   110
14.8141   133
14.8241   137
14.8341   134
14.8441   130
14.8541   136
14.8641   141
14.8741   145
14.8841   142
14.8941   139
14.9041   141
14.9141   150
14.9241   146
14.9341   147
14.9441   142
14.9541   135
14.9641   138
14.9741   135
14.9841   130
14.9941   127
15.0041   130
15.0141   120
15.0241   149
15.0341   143
15.0441   126
15.0541   133
15.0641   132
15.0741   123
15.0841   123
15.0941   123
15.1041   125
15.1141   143
15.1241   134
15.1341   135
15.1441   143
15.1541   132
15.1641   121
15.1741   129
15.1841   140
15.1941   123
15.2041   117
15.2141   132
15.2241   126
15.2341   136
15.2441   144
15.2541   135
15.2641   124
15.2741   121
15.2841   125
15.2941   131
15.3041   131
15.3141   121
15.3241   134
15.3341   139
15.3441   129
15.3541   136
15.3641   148
15.3741   154
15.3841   132
15.3941   131
15.4041   127
15.4141   134
15.4241   139
15.4341   140
15.4441   153
15.4541   150
15.4641   143
15.4741   144
15.4841   139
15.4941   137
15.5041   143
15.5141   160
15.5241   158
15.5341   150
15.5441   156
15.5541   167
15.5641   177
15.5741   173
15.5841   172
15.5941   178
15.6041   192
15.6141   217
15.6241   208
15.6341   224
15.6441   253
15.6541   247
15.6641   231
15.6741   238
15.6841   272
15.6941   296
15.7041   308
15.7141   336
15.7241   341
15.7341   334
15.7441   331
15.7541   365
15.7641   375
15.7741   347
15.7841   345
15.7941   347
15.8041   357
15.8141   344
15.8241   335
15.8341   348
15.8441   336
15.8541   312
15.8641   320
15.8741   318
15.8841   296
15.8941   268
15.9041   250
15.9141   242
15.9241   221
15.9341   223
15.9441   206
15.9541   189
15.9641   188
15.9741   192
15.9841   203
15.9941   184
16.0041   175
16.0141   177
16.0241   188
16.0341   178
16.0441   180
16.0541   180
16.0641   172
16.0741   166
16.0841   159
16.0941   153
16.1041   154
16.1141   151
16.1241   158
16.1341   167
16.1441   168
16.1541   149
16.1641   148
16.1741   161
16.1841   158
16.1941   178
16.2041   170
16.2141   156
16.2241   146
16.2341   153
16.2441   151
16.2541   146
16.2641   147
16.2741   148
16.2841   159
16.2941   171
16.3041   172
16.3141   160
16.3241   169
16.3341   168
16.3441   157
16.3541   160
16.3641   165
16.3741   178
16.3841   171
16.3941   165
16.4041   158
16.4141   152
16.4241   158
16.4341   163
16.4441   170
16.4541   161
16.4641   165
16.4741   150
16.4841   145
16.4941   141
16.5041   166
16.5141   179
16.5241   162
16.5341   160
16.5441   169
16.5541   173
16.5641   167
16.5741   150
16.5841   158
16.5941   177
16.6041   163
16.6141   170
16.6241   171
16.6341   164
16.6441   172
16.6541   170
16.6641   184
16.6741   184
16.6841   154
16.6941   168
16.7041   176
16.7141   180
16.7241   172
16.7341   167
16.7441   168
16.7541   175
16.7641   164
16.7741   172
16.7841   187
16.7941   167
16.8041   181
16.8141   179
16.8241   167
16.8341   162
16.8441   164
16.8541   186
16.8641   178
16.8741   180
16.8841   163
16.8941   163
16.9041   176
16.9141   181
16.9241   184
16.9341   185
16.9441   175
16.9541   163
16.9641   175
16.9741   172
16.9841   157
16.9941   178
17.0041   165
17.0141   175
17.0241   194
17.0341   193
17.0441   179
17.0541   164
17.0641   162
17.0741   171
17.0841   176
17.0941   167
17.1041   171
17.1141   171
17.1241   173
17.1341   173
17.1441   180
17.1541   194
17.1641   184
17.1741   175
17.1841   182
17.1941   174
17.2041   179
17.2141   191
17.2241   181
17.2341   186
17.2441   173
17.2541   172
17.2641   173
17.2741   185
17.2841   181
17.2941   194
17.3041   207
17.3141   183
17.3241   183
17.3341   187
17.3441   199
17.3541   209
17.3641   205
17.3741   190
17.3841   182
17.3941   187
17.4041   185
17.4141   205
17.4241   210
17.4341   204
17.4441   199
17.4541   199
17.4641   197
17.4741   212
17.4841   223
17.4941   200
17.5041   192
17.5141   187
17.5241   200
17.5341   203
17.5441   203
17.5541   198
17.5641   209
17.5741   214
17.5841   204
17.5941   206
17.6041   210
17.6141   207
17.6241   209
17.6341   229
17.6441   226
17.6541   209
17.6641   217
17.6741   216
17.6841   219
17.6941   225
17.7041   212
17.7141   213
17.7241   221
17.7341   229
17.7441   202
17.7541   194
17.7641   228
17.7741   226
17.7841   205
17.7941   222
17.8041   215
17.8141   215
17.8241   208
17.8341   201
17.8441   207
17.8541   214
17.8641   206
17.8741   192
17.8841   191
17.8941   202
17.9041   226
17.9141   229
17.9241   209
17.9341   205
17.9441   209
17.9541   212
17.9641   211
17.9741   199
17.9841   214
17.9941   215
18.0041   206
18.0141   199
18.0241   205
18.0341   207
18.0441   216
18.0541   229
18.0641   213
18.0741   201
18.0841   208
18.0941   209
18.1041   204
18.1141   213
18.1241   218
18.1341   204
18.1441   219
18.1541   223
18.1641   218
18.1741   227
18.1841   198
18.1941   216
18.2041   210
18.2141   211
18.2241   207
18.2341   215
18.2441   220
18.2541   212
18.2641   187
18.2741   228
18.2841   211
18.2941   186
18.3041   221
18.3141   214
18.3241   218
18.3341   233
18.3441   199
18.3541   208
18.3641   212
18.3741   208
18.3841   229
18.3941   224
18.4041   209
18.4141   228
18.4241   203
18.4341   234
18.4441   217
18.4541   201
18.4641   202
18.4741   200
18.4841   229
18.4941   210
18.5041   212
18.5141   218
18.5241   232
18.5341   214
18.5441   235
18.5541   235
18.5641   221
18.5741   252
18.5841   217
18.5941   221
18.6041   216
18.6141   210
18.6241   222
18.6341   211
18.6441   212
18.6541   202
18.6641   221
18.6741   224
18.6841   232
18.6941   218
18.7041   228
18.7141   228
18.7241   239
18.7341   217
18.7441   217
18.7541   243
18.7641   230
18.7741   231
18.7841   230
18.7941   226
18.8041   215
18.8141   238
18.8241   213
18.8341   228
18.8441   237
18.8541   211
18.8641   208
18.8741   232
18.8841   219
18.8941   214
18.9041   213
18.9141   248
18.9241   238
18.9341   238
18.9441   256
18.9541   246
18.9641   254
18.9741   240
18.9841   228
18.9941   214
19.0041   215
19.0141   248
19.0241   226
19.0341   229
19.0441   241
19.0541   242
19.0641   232
19.0741   238
19.0841   221
19.0941   226
19.1041   215
19.1141   229
19.1241   229
19.1341   247
19.1441   248
19.1541   229
19.1641   217
19.1741   247
19.1841   255
19.1941   241
19.2041   236
19.2141   211
19.2241   216
19.2341   235
19.2441   260
19.2541   238
19.2641   250
19.2741   241
19.2841   238
19.2941   238
19.3041   243
19.3141   248
19.3241   234
19.3341   221
19.3441   237
19.3541   221
19.3641   249
19.3741   242
19.3841   249
19.3941   251
19.4041   223
19.4141   232
19.4241   241
19.4341   261
19.4441   248
19.4541   231
19.4641   234
19.4741   225
19.4841   249
19.4941   247
19.5041   232
19.5141   260
19.5241   252
19.5341   248
19.5441   233
19.5541   242
19.5641   251
19.5741   229
19.5841   249
19.5941   232
19.6041   239
19.6141   248
19.6241   223
19.6341   235
19.6441   244
19.6541   273
19.6641   242
19.6741   256
19.6841   223
19.6941   234
19.7041   246
19.7141   246
19.7241   240
19.7341   259
19.7441   236
19.7541   241
19.7641   256
19.7741   267
19.7841   248
19.7941   246
19.8041   243
19.8141   246
19.8241   255
19.8341   255
19.8441   252
19.8541   249
19.8641   252
19.8741   261
19.8841   268
19.8941   244
19.9041   250
19.9141   231
19.9241   269
19.9341   269
19.9441   254
19.9541   246
19.9641   247
19.9741   267
19.9841   273
19.9941   262
20.0041   270
20.0141   275
20.0241   232
20.0341   243
20.0441   267
20.0541   231
20.0641   249
20.0741   255
20.0841   218
20.0941   253
20.1041   251
20.1141   239
20.1241   265
20.1341   295
20.1441   286
20.1541   251
20.1641   249
20.1741   275
20.1841   237
20.1941   259
20.2041   261
20.2141   241
20.2241   245
20.2341   248
20.2441   269
20.2541   251
20.2641   253
20.2741   256
20.2841   250
20.2941   224
20.3041   267
20.3141   271
20.3241   255
20.3341   244
20.3441   260
20.3541   261
20.3641   260
20.3741   249
20.3841   257
20.3941   269
20.4041   284
20.4141   266
20.4241   282
20.4341   261
20.4441   257
20.4541   287
20.4641   275
20.4741   266
20.4841   266
20.4941   275
20.5041   275
20.5141   245
20.5241   244
20.5341   256
20.5441   264
20.5541   279
20.5641   259
20.5741   247
20.5841   265
20.5941   283
20.6041   262
20.6141   265
20.6241   258
20.6341   289
20.6441   266
20.6541   252
20.6641   259
20.6741   262
20.6841   246
20.6941   267
20.7041   248
20.7141   257
20.7241   277
20.7341   255
20.7441   271
20.7541   297
20.7641   276
20.7741   255
20.7841   308
20.7941   254
20.8041   277
20.8141   257
20.8241   273
20.8341   294
20.8441   275
20.8541   292
20.8641   270
20.8741   294
20.8841   297
20.8941   287
20.9041   310
20.9141   321
20.9241   341
20.9341   339
20.9441   323
20.9541   333
20.9641   353
20.9741   335
20.9841   368
20.9941   363
21.0041   347
21.0141   393
21.0241   399
21.0341   402
21.0441   400
21.0541   396
21.0641   390
21.0741   422
21.0841   439
21.0941   454
21.1041   418
21.1141   431
21.1241   439
21.1341   426
21.1441   436
21.1541   417
21.1641   407
21.1741   432
21.1841   428
21.1941   397
21.2041   362
21.2141   378
21.2241   373
21.2341   405
21.2441   391
21.2541   375
21.2641   344
21.2741   354
21.2841   349
21.2941   347
21.3041   352
21.3141   319
21.3241   315
21.3341   352
21.3441   289
21.3541   297
21.3641   296
21.3741   303
21.3841   279
21.3941   254
21.4041   285
21.4141   300
21.4241   282
21.4341   274
21.4441   269
21.4541   253
21.4641   263
21.4741   250
21.4841   290
21.4941   263
21.5041   252
21.5141   272
21.5241   279
21.5341   266
21.5441   271
21.5541   269
21.5641   262
21.5741   284
21.5841   316
21.5941   263
21.6041   248
21.6141   270
21.6241   289
21.6341   281
21.6441   292
21.6541   268
21.6641   288
21.6741   264
21.6841   261
21.6941   237
21.7041   312
21.7141   257
21.7241   277
21.7341   266
21.7441   290
21.7541   279
21.7641   247
21.7741   278
21.7841   268
21.7941   293
21.8041   261
21.8141   255
21.8241   295
21.8341   275
21.8441   297
21.8541   294
21.8641   268
21.8741   243
21.8841   305
21.8941   287
21.9041   286
21.9141   264
21.9241   303
21.9341   262
21.9441   260
21.9541   256
21.9641   269
21.9741   254
21.9841   267
21.9941   257
22.0041   272
22.0141   275
22.0241   271
22.0341   278
22.0441   264
22.0541   278
22.0641   286
22.0741   293
22.0841   294
22.0941   296
22.1041   267
22.1141   274
22.1241   276
22.1341   272
22.1441   279
22.1541   289
22.1641   278
22.1741   274
22.1841   278
22.1941   296
22.2041   255
22.2141   277
22.2241   269
22.2341   277
22.2441   267
22.2541   261
22.2641   252
22.2741   322
22.2841   250
22.2941   273
22.3041   264
22.3141   271
22.3241   279
22.3341   293
22.3441   274
22.3541   267
22.3641   296
22.3741   294
22.3841   273
22.3941   286
22.4041   243
22.4141   280
22.4241   250
22.4341   286
22.4441   293
22.4541   274
22.4641   282
22.4741   311
22.4841   287
22.4941   287
22.5041   267
22.5141   291
22.5241   289
22.5341   255
22.5441   288
22.5541   294
22.5641   302
22.5741   262
22.5841   264
22.5941   253
22.6041   270
22.6141   278
22.6241   284
22.6341   272
22.6441   265
22.6541   267
22.6641   244
22.6741   278
22.6841   272
22.6941   278
22.7041   292
22.7141   265
22.7241   276
22.7341   257
22.7441   254
22.7541   239
22.7641   309
22.7741   280
22.7841   262
22.7941   320
22.8041   280
22.8141   266
22.8241   275
22.8341   273
22.8441   266
22.8541   294
22.8641   275
22.8741   275
22.8841   270
22.8941   252
22.9041   273
22.9141   282
22.9241   286
22.9341   289
22.9441   247
22.9541   283
22.9641   252
22.9741   258
22.9841   265
22.9941   275
23.0041   275
23.0141   277
23.0241   269
23.0341   282
23.0441   273
23.0541   279
23.0641   249
23.0741   286
23.0841   256
23.0941   291
23.1041   263
23.1141   269
23.1241   293
23.1341   239
23.1441   273
23.1541   288
23.1641   254
23.1741   277
23.1841   245
23.1941   265
23.2041   273
23.2141   255
23.2241   278
23.2341   269
23.2441   298
23.2541   264
23.2641   248
23.2741   278
23.2841   257
23.2941   270
23.3041   258
23.3141   285
23.3241   273
23.3341   286
23.3441   279
23.3541   255
23.3641   291
23.3741   288
23.3841   291
23.3941   272
23.4041   263
23.4141   254
23.4241   253
23.4341   267
23.4441   275
23.4541   283
23.4641   261
23.4741   271
23.4841   275
23.4941   265
23.5041   291
23.5141   268
23.5241   279
23.5341   273
23.5441   278
23.5541   276
23.5641   291
23.5741   246
23.5841   260
23.5941   290
23.6041   269
23.6141   268
23.6241   270
23.6341   258
23.6441   307
23.6541   260
23.6641   276
23.6741   305
23.6841   263
23.6941   290
23.7041   311
23.7141   287
23.7241   288
23.7341   315
23.7441   294
23.7541   299
23.7641   288
23.7741   266
23.7841   313
23.7941   308
23.8041   301
23.8141   294
23.8241   273
23.8341   270
23.8441   328
23.8541   281
23.8641   297
23.8741   324
23.8841   286
23.8941   236
23.9041   293
23.9141   300
23.9241   302
23.9341   301
23.9441   287
23.9541   288
23.9641   310
23.9741   296
23.9841   316
23.9941   298
24.0041   294
24.0141   258
24.0241   295
24.0341   273
24.0441   261
24.0541   267
24.0641   264
24.0741   247
24.0841   293
24.0941   242
24.1041   267
24.1141   273
24.1241   247
24.1341   273
24.1441   259
24.1541   281
24.1641   240
24.1741   247
24.1841   282
24.1941   244
24.2041   253
24.2141   246
24.2241   256
24.2341   281
24.2441   222
24.2541   273
24.2641   275
24.2741   283
24.2841   276
24.2941   274
24.3041   294
24.3141   258
24.3241   266
24.3341   279
24.3441   238
24.3541   278
24.3641   272
24.3741   262
24.3841   298
24.3941   251
24.4041   281
24.4141   278
24.4241   283
24.4341   260
24.4441   273
24.4541   305
24.4641   248
24.4741   288
24.4841   269
24.4941   262
24.5041   258
24.5141   254
24.5241   273
24.5341   280
24.5441   246
24.5541   225
24.5641   221
24.5741   249
24.5841   241
24.5941   267
24.6041   247
24.6141   259
24.6241   236
24.6341   265
24.6441   280
24.6541   281
24.6641   252
24.6741   301
24.6841   283
24.6941   258
24.7041   272
24.7141   244
24.7241   221
24.7341   264
24.7441   247
24.7541   269
24.7641   255
24.7741   262
24.7841   288
24.7941   300
24.8041   253
24.8141   256
24.8241   244
24.8341   247
24.8441   235
24.8541   246
24.8641   261
24.8741   222
24.8841   250
24.8941   258
24.9041   256
24.9141   239
24.9241   271
24.9341   250
24.9441   262
24.9541   241
24.9641   276
24.9741   259
24.9841   267
24.9941   289
25.0041   287
25.0141   244
25.0241   260
25.0341   236
25.0441   241
25.0541   273
25.0641   262
25.0741   269
25.0841   214
25.0941   259
25.1041   249
25.1141   283
25.1241   293
25.1341   276
25.1441   265
25.1541   267
25.1641   248
25.1741   254
25.1841   248
25.1941   260
25.2041   261
25.2141   258
25.2241   257
25.2341   255
25.2441   249
25.2541   275
25.2641   277
25.2741   248
25.2841   262
25.2941   283
25.3041   271
25.3141   249
25.3241   273
25.3341   257
25.3441   247
25.3541   246
25.3641   258
25.3741   272
25.3841   254
25.3941   252
25.4041   274
25.4141   271
25.4241   257
25.4341   265
25.4441   260
25.4541   249
25.4641   254
25.4741   252
25.4841   236
25.4941   254
25.5041   256
25.5141   242
25.5241   236
25.5341   226
25.5441   238
25.5541   248
25.5641   235
25.5741   234
25.5841   219
25.5941   231
25.6041   250
25.6141   244
25.6241   236
25.6341   227
25.6441   240
25.6541   248
25.6641   252
25.6741   223
25.6841   236
25.6941   236
25.7041   244
25.7141   247
25.7241   232
25.7341   229
25.7441   240
25.7541   256
25.7641   232
25.7741   274
25.7841   235
25.7941   245
25.8041   231
25.8141   237
25.8241   231
25.8341   228
25.8441   224
25.8541   253
25.8641   257
25.8741   258
25.8841   249
25.8941   263
25.9041   221
25.9141   224
25.9241   241
25.9341   255
25.9441   220
25.9541   236
25.9641   249
25.9741   243
25.9841   216
25.9941   248
26.0041   250
26.0141   235
26.0241   231
26.0341   232
26.0441   244
26.0541   242
26.0641   240
26.0741   247
26.0841   239
26.0941   231
26.1041   233
26.1141   242
26.1241   222
26.1341   261
26.1441   223
26.1541   224
26.1641   233
26.1741   224
26.1841   234
26.1941   253
26.2041   245
26.2141   222
26.2241   209
26.2341   242
26.2441   236
26.2541   221
26.2641   242
26.2741   262
26.2841   244
26.2941   224
26.3041   230
26.3141   227
26.3241   227
26.3341   226
26.3441   265
26.3541   226
26.3641   239
26.3741   228
26.3841   224
26.3941   220
26.4041   238
26.4141   243
26.4241   244
26.4341   243
26.4441   225
26.4541   237
26.4641   209
26.4741   240
26.4841   252
26.4941   229
26.5041   216
26.5141   250
26.5241   217
26.5341   248
26.5441   227
26.5541   240
26.5641   201
26.5741   247
26.5841   234
26.5941   192
26.6041   200
26.6141   227
26.6241   216
26.6341   215
26.6441   218
26.6541   220
26.6641   251
26.6741   208
26.6841   249
26.6941   227
26.7041   232
26.7141   227
26.7241   205
26.7341   218
26.7441   203
26.7541   219
26.7641   219
26.7741   212
26.7841   217
26.7941   210
26.8041   204
26.8141   217
26.8241   217
26.8341   234
26.8441   219
26.8541   201
26.8641   219
26.8741   225
26.8841   201
26.8941   197
26.9041   210
26.9141   202
26.9241   238
26.9341   231
26.9441   211
26.9541   213
26.9641   209
26.9741   237
26.9841   210
26.9941   221
27.0041   230
27.0141   218
27.0241   213
27.0341   210
27.0441   191
27.0541   225
27.0641   217
27.0741   205
27.0841   221
27.0941   231
27.1041   208
27.1141   208
27.1241   216
27.1341   202
27.1441   212
27.1541   249
27.1641   211
27.1741   205
27.1841   220
27.1941   233
27.2041   192
27.2141   199
27.2241   235
27.2341   200
27.2441   242
27.2541   209
27.2641   227
27.2741   215
27.2841   208
27.2941   222
27.3041   207
27.3141   200
27.3241   230
27.3341   230
27.3441   226
27.3541   219
27.3641   225
27.3741   210
27.3841   241
27.3941   208
27.4041   220
27.4141   226
27.4241   203
27.4341   221
27.4441   227
27.4541   204
27.4641   197
27.4741   215
27.4841   208
27.4941   236
27.5041   209
27.5141   214
27.5241   216
27.5341   215
27.5441   222
27.5541   221
27.5641   207
27.5741   204
27.5841   188
27.5941   245
27.6041   204
27.6141   199
27.6241   221
27.6341   206
27.6441   213
27.6541   198
27.6641   199
27.6741   223
27.6841   207
27.6941   183
27.7041   215
27.7141   192
27.7241   207
27.7341   210
27.7441   197
27.7541   204
27.7641   190
27.7741   213
27.7841   201
27.7941   203
27.8041   193
27.8141   206
27.8241   200
27.8341   184
27.8441   200
27.8541   192
27.8641   210
27.8741   208
27.8841   229
27.8941   208
27.9041   188
27.9141   208
27.9241   206
27.9341   214
27.9441   215
27.9541   220
27.9641   191
27.9741   198
27.9841   210
27.9941   170
28.0041   211
28.0141   196
28.0241   205
28.0341   203
28.0441   217
28.0541   200
28.0641   183
28.0741   169
28.0841   195
28.0941   214
28.1041   190
28.1141   183
28.1241   192
28.1341   205
28.1441   195
28.1541   202
28.1641   183
28.1741   195
28.1841   223
28.1941   189
28.2041   201
28.2141   191
28.2241   196
28.2341   190
28.2441   212
28.2541   185
28.2641   205
28.2741   213
28.2841   182
28.2941   207
28.3041   201
28.3141   199
28.3241   191
28.3341   186
28.3441   179
28.3541   191
28.3641   200
28.3741   215
28.3841   196
28.3941   191
28.4041   194
28.4141   192
28.4241   191
28.4341   225
28.4441   213
28.4541   186
28.4641   207
28.4741   190
28.4841   195
28.4941   176
28.5041   201
28.5141   189
28.5241   197
28.5341   189
28.5441   191
28.5541   215
28.5641   193
28.5741   218
28.5841   204
28.5941   175
28.6041   193
28.6141   180
28.6241   169
28.6341   176
28.6441   183
28.6541   163
28.6641   199
28.6741   175
28.6841   185
28.6941   193
28.7041   168
28.7141   161
28.7241   172
28.7341   202
28.7441   174
28.7541   180
28.7641   181
28.7741   172
28.7841   172
28.7941   169
28.8041   175
28.8141   171
28.8241   172
28.8341   148
28.8441   162
28.8541   163
28.8641   172
28.8741   186
28.8841   176
28.8941   164
28.9041   192
28.9141   174
28.9241   183
28.9341   184
28.9441   165
28.9541   201
28.9641   186
28.9741   188
28.9841   170
28.9941   190
29.0041   178
29.0141   174
29.0241   184
29.0341   215
29.0441   178
29.0541   203
29.0641   182
29.0741   202
29.0841   177
29.0941   181
29.1041   162
29.1141   177
29.1241   178
29.1341   173
29.1441   174
29.1541   191
29.1641   175
29.1741   178
29.1841   179
29.1941   149
29.2041   180
29.2141   167
29.2241   165
29.2341   171
29.2441   162
29.2541   172
29.2641   170
29.2741   170
29.2841   163
29.2941   176
29.3041   167
29.3141   173
29.3241   193
29.3341   178
29.3441   173
29.3541   213
29.3641   159
29.3741   190
29.3841   178
29.3941   156
29.4041   161
29.4141   150
29.4241   148
29.4341   173
29.4441   179
29.4541   144
29.4641   180
29.4741   170
29.4841   157
29.4941   167
29.5041   162
29.5141   153
29.5241   141
29.5341   166
29.5441   192
29.5541   150
29.5641   157
29.5741   164
29.5841   160
29.5941   163
29.6041   154
29.6141   166
29.6241   188
29.6341   169
29.6441   173
29.6541   165
29.6641   149
29.6741   166
29.6841   191
29.6941   163
29.7041   169
29.7141   160
29.7241   173
29.7341   141
29.7441   142
29.7541   137
29.7641   140
29.7741   163
29.7841   171
29.7941   174
29.8041   150
29.8141   166
29.8241   144
29.8341   174
29.8441   172
29.8541   179
29.8641   152
29.8741   160
29.8841   168
29.8941   151
29.9041   161
29.9141   173
29.9241   157
29.9341   136
29.9441   151
29.9541   147
29.9641   139
29.9741   152
29.9841   172
29.9941   157
30.0041   127
30.0141   142
30.0241   160
30.0341   164
30.0441   157
30.0541   159
30.0641   143
30.0741   152
30.0841   162
30.0941   158
30.1041   162
30.1141   152
30.1241   149
30.1341   177
30.1441   151
30.1541   170
30.1641   147
30.1741   137
30.1841   153
30.1941   159
30.2041   159
30.2141   164
30.2241   146
30.2341   147
30.2441   135
30.2541   163
30.2641   147
30.2741   140
30.2841   156
30.2941   163
30.3041   131
30.3141   134
30.3241   145
30.3341   148
30.3441   169
30.3541   162
30.3641   168
30.3741   147
30.3841   151
30.3941   135
30.4041   152
30.4141   145
30.4241   151
30.4341   145
30.4441   142
30.4541   149
30.4641   139
30.4741   153
30.4841   145
30.4941   160
30.5041   146
30.5141   165
30.5241   143
30.5341   156
30.5441   176
30.5541   167
30.5641   160
30.5741   173
30.5841   174
30.5941   118
30.6041   136
30.6141   142
30.6241   143
30.6341   124
30.6441   161
30.6541   146
30.6641   152
30.6741   154
30.6841   148
30.6941   129
30.7041   136
30.7141   132
30.7241   146
30.7341   141
30.7441   149
30.7541   136
30.7641   125
30.7741   124
30.7841   133
30.7941   131
30.8041   120
30.8141   134
30.8241   123
30.8341   120
30.8441   150
30.8541   128
30.8641   139
30.8741   150
30.8841   121
30.8941   125
30.9041   136
30.9141   145
30.9241   143
30.9341   131
30.9441   141
30.9541   142
30.9641   134
30.9741   149
30.9841   143
30.9941   144
31.0041   126
31.0141   133
31.0241   134
31.0341   134
31.0441   142
31.0541   136
31.0641   146
31.0741   133
31.0841   140
31.0941   126
31.1041   161
31.1141   123
31.1241   137
31.1341   135
31.1441   115
31.1541   134
31.1641   122
31.1741   117
31.1841   149
31.1941   142
31.2041   130
31.2141   151
31.2241   144
31.2341   129
31.2441   127
31.2541   130
31.2641   137
31.2741   121
31.2841   144
31.2941   128
31.3041   121
31.3141   143
31.3241   135
31.3341   123
31.3441   121
31.3541   138
31.3641   130
31.3741   126
31.3841   133
31.3941   105
31.4041   118
31.4141   139
31.4241   123
31.4341   137
31.4441   132
31.4541   130
31.4641   138
31.4741   134
31.4841   142
31.4941   126
31.5041   135
31.5141   147
31.5241   125
31.5341   135
31.5441   130
31.5541   115
31.5641   130
31.5741   123
31.5841   136
31.5941   127
31.6041   137
31.6141   131
31.6241   126
31.6341   126
31.6441   109
31.6541   123
31.6641   119
31.6741   127
31.6841   142
31.6941   143
31.7041   128
31.7141   123
31.7241   125
31.7341   126
31.7441   140
31.7541   124
31.7641   131
31.7741   128
31.7841   140
31.7941   124
31.8041   112
31.8141   126
31.8241   111
31.8341   144
31.8441   129
31.8541   133
31.8641   138
31.8741   124
31.8841   131
31.8941   118
31.9041   122
31.9141   123
31.9241   130
31.9341   118
31.9441   110
31.9541   122
31.9641   117
31.9741   122
31.9841   116
31.9941   130
32.0041   121
32.0141   116
32.0241   121
32.0341   119
32.0441   131
32.0541   129
32.0641   135
32.0741   104
32.0841   142
32.0941   117
32.1041   120
32.1141   110
32.1241   112
32.1341   124
32.1441   117
32.1541   144
32.1641   119
32.1741   114
32.1841   130
32.1941   143
32.2041   116
32.2141   109
32.2241   129
32.2341   124
32.2441   128
32.2541   129
32.2641   106
32.2741   120
32.2841   131
32.2941   112
32.3041   117
32.3141   101
32.3241   106
32.3341   107
32.3441   113
32.3541   104
32.3641   121
32.3741   132
32.3841   122
32.3941   113
32.4041   104
32.4141   111
32.4241   125
32.4341   115
32.4441   111
32.4541   120
32.4641   117
32.4741   115
32.4841    94
32.4941   125
32.5041   105
32.5141   100
32.5241   116
32.5341   106
32.5441   113
32.5541   103
32.5641   116
32.5741   116
32.5841   105
32.5941   111
32.6041   100
32.6141    96
32.6241   105
32.6341   117
32.6441   109
32.6541   101
32.6641    99
32.6741    87
32.6841   114
32.6941   122
32.7041    93
32.7141   105
32.7241   127
32.7341   104
32.7441   100
32.7541   120
32.7641   103
32.7741    95
32.7841    98
32.7941    90
32.8041   108
32.8141   104
32.8241   120
32.8341   104
32.8441   104
32.8541    98
32.8641   113
32.8741    94
32.8841   100
32.8941   111
32.9041   106
32.9141    91
32.9241    93
32.9341    95
32.9441    98
32.9541   101
32.9641   109
32.9741    98
32.9841    95
32.9941   111
33.0041   109
33.0141    97
33.0241   106
33.0341   106
33.0441    89
33.0541   108
33.0641    97
33.0741   108
33.0841    98
33.0941    97
33.1041   106
33.1141   108
33.1241    83
33.1341   119
33.1441    92
33.1541   107
33.1641    99
33.1741    92
33.1841    99
33.1941   105
33.2041    88
33.2141    88
33.2241    86
33.2341   113
33.2441    92
33.2541   100
33.2641    99
33.2741   109
33.2841    97
33.2941    82
33.3041    79
33.3141    96
33.3241   104
33.3341    89
33.3441    92
33.3541    87
33.3641   108
33.3741   108
33.3841    92
33.3941    81
33.4041    91
33.4141    97
33.4241    93
33.4341    84
33.4441    85
33.4541    80
33.4641    86
33.4741    88
33.4841    93
33.4941    98
33.5041    93
33.5141   111
33.5241    94
33.5341    89
33.5441   103
33.5541    77
33.5641    97
33.5741    86
33.5841   103
33.5941    90
33.6041   111
33.6141   116
33.6241    91
33.6341    82
33.6441    85
33.6541    82
33.6641    87
33.6741    87
33.6841   100
33.6941    91
33.7041   103
33.7141    79
33.7241    90
33.7341    96
33.7441    90
33.7541    99
33.7641    86
33.7741   102
33.7841    82
33.7941    80
33.8041    84
33.8141    95
33.8241    71
33.8341    90
33.8441    73
33.8541    83
33.8641    95
33.8741    84
33.8841    92
33.8941   100
33.9041    91
33.9141    88
33.9241    93
33.9341    77
33.9441    82
33.9541    81
33.9641    82
33.9741    90
33.9841    88
33.9941    74
34.0041    77
34.0141    85
34.0241    84
34.0341    97
34.0441    98
34.0541    95
34.0641    82
34.0741    93
34.0841    85
34.0941    90
34.1041    84
34.1141    71
34.1241    85
34.1341    57
34.1441    76
34.1541    91
34.1641    68
34.1741    90
34.1841    77
34.1941    80
34.2041    85
34.2141    85
34.2241    87
34.2341    87
34.2441    72
34.2541    92
34.2641    80
34.2741    72
34.2841    85
34.2941    74
34.3041    85
34.3141    73
34.3241    78
34.3341    90
34.3441    74
34.3541    83
34.3641    77
34.3741    88
34.3841    87
34.3941    76
34.4041    88
34.4141    87
34.4241    77
34.4341    72
34.4441    73
34.4541    69
34.4641    83
34.4741    83
34.4841    72
34.4941    78
34.5041    67
34.5141    63
34.5241    81
34.5341    65
34.5441    81
34.5541    71
34.5641    70
34.5741    77
34.5841    72
34.5941    75
34.6041    78
34.6141    74
34.6241    72
34.6341    74
34.6441    72
34.6541    74
34.6641    70
34.6741    64
34.6841    70
34.6941    61
34.7041    75
34.7141    69
34.7241    80
34.7341    67
34.7441    81
34.7541    76
34.7641    75
34.7741    58
34.7841    79
34.7941    80
34.8041    79
34.8141    58
34.8241    72
34.8341    63
34.8441    77
34.8541    77
34.8641    74
34.8741    53
34.8841    67
34.8941    70
34.9041    67
34.9141    68
34.9241    68
34.9341    70
34.9441    68
34.9541    70
34.9641    77
34.9741    68
34.9841    69
34.9941    60
35.0041    69
35.0141    70
35.0241    79
35.0341    49
35.0441    63
35.0541    65
35.0641    56
35.0741    69
35.0841    61
35.0941    65
35.1041    74
35.1141    55
35.1241    55
35.1341    68
35.1441    74
35.1541    73
35.1641    70
35.1741    62
35.1841    70
35.1941    56
35.2041    52
35.2141    78
35.2241    77
35.2341    72
35.2441    66
35.2541    63
35.2641    57
35.2741    56
35.2841    67
35.2941    59
35.3041    51
35.3141    71
35.3241    55
35.3341    75
35.3441    61
35.3541    60
35.3641    51
35.3741    54
35.3841    68
35.3941    65
35.4041    67
35.4141    70
35.4241    64
35.4341    64
35.4441    63
35.4541    67
35.4641    63
35.4741    61
35.4841    59
35.4941    59
35.5041    53
35.5141    55
35.5241    61
35.5341    59
35.5441    58
35.5541    58
35.5641    68
35.5741    48
35.5841    71
35.5941    54
35.6041    52
35.6141    74
35.6241    59
35.6341    63
35.6441    53
35.6541    58
35.6641    45
35.6741    66
35.6841    68
35.6941    67
35.7041    64
35.7141    73
35.7241    67
35.7341    53
35.7441    67
35.7541    55
35.7641    71
35.7741    74
35.7841    51
35.7941    62
35.8041    57
35.8141    54
35.8241    76
35.8341    66
35.8441    68
35.8541    52
35.8641    60
35.8741    57
35.8841    65
35.8941    60
35.9041    65
35.9141    52
35.9241    59
35.9341    48
35.9441    68
35.9541    55
35.9641    64
35.9741    55
35.9841    57
35.9941    60
36.0041    54
36.0141    60
36.0241    63
36.0341    52
36.0441    47
36.0541    55
36.0641    58
36.0741    57
36.0841    57
36.0941    51
36.1041    44
36.1141    44
36.1241    57
36.1341    63
36.1441    46
36.1541    41
36.1641    41
36.1741    43
36.1841    45
36.1941    48
36.2041    64
36.2141    52
36.2241    56
36.2341    62
36.2441    47
36.2541    53
36.2641    53
36.2741    40
36.2841    53
36.2941    44
36.3041    47
36.3141    45
36.3241    49
36.3341    66
36.3441    48
36.3541    63
36.3641    48
36.3741    44
36.3841    50
36.3941    48
36.4041    52
36.4141    59
36.4241    44
36.4341    53
36.4441    57
36.4541    44
36.4641    47
36.4741    57
36.4841    36
36.4941    42
36.5041    63
36.5141    53
36.5241    52
36.5341    39
36.5441    48
36.5541    64
36.5641    58
36.5741    59
36.5841    46
36.5941    67
36.6041    49
36.6141    38
36.6241    43
36.6341    48
36.6441    43
36.6541    42
36.6641    45
36.6741    37
36.6841    52
36.6941    48
36.7041    46
36.7141    50
36.7241    38
36.7341    54
36.7441    45
36.7541    42
36.7641    46
36.7741    46
36.7841    46
36.7941    44
36.8041    46
36.8141    56
36.8241    41
36.8341    53
36.8441    42
36.8541    44
36.8641    44
36.8741    42
36.8841    42
36.8941    43
36.9041    46
36.9141    47
36.9241    44
36.9341    45
36.9441    65
36.9541    48
36.9641    48
36.9741    49
36.9841    51
36.9941    45
37.0041    39
37.0141    48
37.0241    52
37.0341    40
37.0441    37
37.0541    37
37.0641    33
37.0741    50
37.0841    37
37.0941    58
37.1041    42
37.1141    40
37.1241    42
37.1341    48
37.1441    46
37.1541    43
37.1641    51
37.1741    39
37.1841    56
37.1941    41
37.2041    40
37.2141    45
37.2241    48
37.2341    31
37.2441    41
37.2541    42
37.2641    47
37.2741    52
37.2841    55
37.2941    45
37.3041    49
37.3141    58
37.3241    45
37.3341    38
37.3441    45
37.3541    41
37.3641    44
37.3741    40
37.3841    49
37.3941    38
37.4041    41
37.4141    46
37.4241    47
37.4341    51
37.4441    49
37.4541    37
37.4641    42
37.4741    33
37.4841    35
37.4941    29
37.5041    40
37.5141    45
37.5241    32
37.5341    37
37.5441    28
37.5541    41
37.5641    30
37.5741    46
37.5841    42
37.5941    38
37.6041    38
37.6141    40
37.6241    46
37.6341    33
37.6441    30
37.6541    43
37.6641    36
37.6741    43
37.6841    38
37.6941    34
37.7041    30
37.7141    36
37.7241    48
37.7341    34
37.7441    41
37.7541    41
37.7641    29
37.7741    46
37.7841    31
37.7941    36
37.8041    31
37.8141    31
37.8241    36
37.8341    39
37.8441    38
37.8541    32
37.8641    29
37.8741    40
37.8841    44
37.8941    38
37.9041    36
37.9141    40
37.9241    38
37.9341    43
37.9441    40
37.9541    40
37.9641    20
37.9741    36
37.9841    35
37.9941    34
38.0041    37
38.0141    37
38.0241    24
38.0341    25
38.0441    30
38.0541    34
38.0641    31
38.0741    29
38.0841    45
38.0941    34
38.1041    29
38.1141    35
38.1241    24
38.1341    27
38.1441    40
38.1541    33
38.1641    29
38.1741    30
38.1841    26
38.1941    26
38.2041    30
38.2141    30
38.2241    26
38.2341    34
38.2441    31
38.2541    27
38.2641    34
38.2741    30
38.2841    38
38.2941    40
38.3041    31
38.3141    27
38.3241    25
38.3341    38
38.3441    23
38.3541    36
38.3641    25
38.3741    22
38.3841    37
38.3941    36
38.4041    35
38.4141    32
38.4241    23
38.4341    28
38.4441    32
38.4541    33
38.4641    29
38.4741    28
38.4841    33
38.4941    35
38.5041    35
38.5141    35
38.5241    38
38.5341    30
38.5441    16
38.5541    26
38.5641    25
38.5741    25
38.5841    21
38.5941    29
38.6041    33
38.6141    25
38.6241    28
38.6341    29
38.6441    29
38.6541    32
38.6641    42
38.6741    27
38.6841    27
38.6941    22
38.7041    29
38.7141    26
38.7241    26
38.7341    28
38.7441    25
38.7541    33
38.7641    23
38.7741    32
38.7841    26
38.7941    22
38.8041    22
38.8141    33
38.8241    32
38.8341    21
38.8441    31
38.8541    26
38.8641    16
38.8741    28
38.8841    28
38.8941    20
38.9041    30
38.9141    21
38.9241    14
38.9341    22
38.9441    26
38.9541    31
38.9641    25
38.9741    25
38.9841    21
38.9941    23
39.0041    23
39.0141    28
39.0241    33
39.0341    35
39.0441    27
39.0541    22
39.0641    30
39.0741    23
39.0841    27
39.0941    35
39.1041    31
39.1141    26
39.1241    20
39.1341    20
39.1441    28
39.1541    18
39.1641    20
39.1741    30
39.1841    28
39.1941    20
39.2041    31
39.2141    24
39.2241    23
39.2341    29
39.2441    25
39.2541    28
39.2641    16
39.2741    25
39.2841    15
39.2941    13
39.3041    24
39.3141    27
39.3241    25
39.3341    10
39.3441    17
39.3541    21
39.3641    18
39.3741    17
39.3841    21
39.3941    23
39.4041    23
39.4141    31
39.4241    34
39.4341    25
39.4441    21
39.4541    24
39.4641    13
39.4741    16
39.4841    13
39.4941    19
39.5041    23
39.5141    25
39.5241    26
39.5341    24
39.5441    23
39.5541    14
39.5641    28
39.5741    14
39.5841    22
39.5941    24
39.6041    21
39.6141    11
39.6241    27
39.6341    18
39.6441    22
39.6541    16
39.6641    19
39.6741    24
39.6841    18
39.6941    27
39.7041    17
39.7141    20
39.7241    24
39.7341    17
39.7441    13
39.7541    21
39.7641    20
39.7741    21
39.7841    23
39.7941    22
39.8041    22
39.8141    25
39.8241    15
39.8341    17
39.8441    22
39.8541    20
39.8641    22
39.8741    16
39.8841    22
39.8941    17
39.9041    13
39.9141    13
39.9241    13
39.9341    25
39.9441    21
39.9541    19
39.9641    16
39.9741    14
39.9841    14
